DAV_OBMAP v3 cell_size=10
108 -40 3 0
108 -40 4 0
106 -40 3 0
106 -39 3 0
101 -35 4 0
106 -40 4 0
106 -39 4 0
105 -40 3 0
105 -40 4 0
105 -41 3 0
104 -41 3 0
105 -41 4 0
104 -41 4 0
106 -41 5 0
106 -41 1 1
105 -42 0 1
105 -41 0 1
105 -40 0 1
106 -40 0 1
107 -40 0 1
100 -35 5 0
100 -35 1 1
100 -36 0 1
100 -35 0 1
100 -34 0 1
101 -34 0 1
107 -38 3 0
107 -39 4 0
105 -39 3 0
105 -38 3 0
105 -39 4 0
105 -38 4 0
104 -38 3 0
104 -39 4 0
104 -40 3 0
103 -40 3 0
104 -40 4 0
105 -40 5 0
105 -40 1 1
104 -41 0 1
104 -40 0 1
104 -39 0 2
105 -39 0 1
106 -39 0 1
106 -37 3 0
105 -37 4 0
104 -37 3 0
104 -38 4 0
104 -37 4 0
103 -38 3 0
103 -37 3 0
103 -37 4 0
103 -39 3 0
112 -50 1 1
103 -39 4 0
102 -39 4 0
103 -40 4 0
104 -39 3 0
104 -39 5 0
103 -40 -1 1
113 -50 1 1
103 -38 -1 1
104 -40 -1 1
104 -39 -1 1
104 -38 -1 1
105 -40 -1 1
105 -39 -1 1
105 -38 -1 1
111 -50 1 1
111 -49 1 1
112 -48 3 1
112 -48 4 0
112 -47 2 1
113 -47 2 2
113 -47 3 1
113 -47 4 1
111 -47 4 0
110 -46 3 0
110 -47 3 0
110 -46 4 0
109 -47 4 0
108 -48 4 0
110 -48 5 0
110 -48 2 1
109 -47 1 1
110 -47 1 1
111 -47 1 1
112 -47 4 0
113 -48 1 1
113 -47 1 1
113 -46 1 1
114 -48 1 1
114 -48 2 1
114 -48 3 1
114 -47 1 1
114 -47 2 1
114 -47 3 1
114 -46 1 1
114 -46 2 1
114 -46 3 1
111 -46 3 0
111 -46 4 0
110 -45 3 0
109 -46 3 0
109 -46 4 0
108 -47 3 0
108 -47 4 0
110 -47 5 0
110 -47 2 2
109 -46 1 2
110 -46 1 1
111 -46 1 1
113 -50 2 1
113 -50 3 1
110 -50 4 0
109 -50 3 0
109 -49 3 0
109 -49 4 0
111 -45 3 0
111 -45 4 0
110 -45 4 0
108 -45 3 0
108 -45 4 0
108 -50 1 1
109 -50 1 1
110 -50 1 1
111 -50 3 0
111 -50 4 0
112 -50 2 2
112 -49 1 1
113 -49 1 1
113 -49 2 1
113 -49 3 1
111 -49 3 0
111 -49 4 0
109 -48 3 0
108 -49 3 0
108 -49 4 0
109 -50 5 0
109 -50 2 1
108 -49 1 1
109 -49 1 1
110 -49 1 1
112 -50 3 1
112 -50 4 0
112 -49 2 2
113 -50 4 1
113 -49 4 1
110 -49 3 0
111 -48 3 0
110 -49 4 0
110 -48 3 0
110 -48 4 0
108 -48 3 0
110 -50 5 0
110 -50 2 1
110 -47 4 0
100 -33 0 1
100 -33 4 0
101 -34 4 0
101 -34 3 0
100 -37 4 0
100 -37 3 0
100 -34 4 0
100 -33 3 0
100 -34 3 0
102 -34 4 0
101 -35 3 0
103 -35 0 1
103 -36 0 1
102 -35 0 1
102 -36 0 1
102 -37 0 1
101 -35 0 1
101 -36 0 1
101 -37 0 1
102 -36 1 1
102 -36 5 0
100 -38 4 0
100 -38 3 0
100 -36 4 0
100 -36 3 0
100 -35 4 0
101 -36 4 0
100 -35 3 0
107 -44 4 0
102 -35 4 0
102 -34 3 0
102 -35 3 0
107 -43 4 0
112 -47 3 0
111 -47 3 0
109 -47 3 0
111 -44 3 1
107 -44 3 0
111 -43 2 2
112 -49 3 3
111 -43 3 1
111 -43 4 1
112 -44 2 1
112 -44 3 1
112 -44 4 1
112 -43 2 1
112 -43 3 1
112 -43 4 1
111 -44 4 0
109 -45 3 0
109 -44 3 0
109 -45 4 0
109 -44 4 0
108 -44 3 0
108 -44 4 0
108 -46 3 0
107 -46 3 0
108 -46 4 0
107 -46 4 0
109 -46 5 0
108 -47 0 1
108 -46 0 1
108 -45 0 1
109 -47 0 1
109 -46 0 1
109 -45 0 1
110 -47 0 1
110 -46 0 1
110 -45 0 1
109 -44 5 0
109 -44 1 1
108 -43 0 1
108 -44 0 1
112 -44 5 1
112 -44 6 1
112 -43 5 1
112 -43 6 1
112 -42 4 1
112 -42 5 1
112 -42 6 1
111 -44 1 1
111 -43 1 1
111 -42 1 1
112 -44 1 1
112 -43 1 1
112 -42 1 1
112 -42 2 1
112 -42 3 1
109 -42 4 0
108 -42 3 0
108 -41 3 0
111 -48 1 1
108 -42 4 0
107 -42 3 0
107 -42 4 0
106 -43 3 0
106 -43 4 0
107 -45 3 0
107 -45 4 0
108 -43 4 0
108 -43 5 0
108 -43 1 1
107 -44 0 1
107 -43 0 1
107 -42 0 1
108 -42 0 1
109 -42 0 1
108 -43 3 0
109 -44 0 1
109 -43 0 1
110 -44 0 1
110 -43 0 1
110 -48 1 1
109 -48 1 1
110 -49 2 3
110 -49 5 0
109 -48 4 0
111 -48 4 0
113 -48 4 1
111 -43 5 1
111 -44 6 1
111 -43 6 1
111 -42 6 1
113 -48 3 1
110 -50 3 0
109 -50 4 0
113 -48 2 1
112 -48 2 1
105 -37 3 0
104 -36 3 0
103 -39 -1 1
104 -36 4 0
103 -36 3 0
103 -35 3 0
102 -39 3 0
103 -36 4 0
102 -37 3 0
102 -36 3 0
102 -37 4 0
102 -36 4 0
101 -37 3 0
101 -37 4 0
102 -38 3 0
102 -38 4 0
103 -38 4 0
103 -37 5 0
103 -37 0 1
102 -38 -1 1
102 -37 -1 1
102 -36 -1 1
103 -37 -1 1
103 -36 -1 1
104 -37 -1 1
104 -36 -1 1
110 -44 3 0
110 -44 4 0
110 -43 3 0
110 -43 4 0
109 -43 3 0
109 -42 3 0
109 -43 4 0
107 -43 3 0
103 -35 4 0
109 -41 3 0
108 -41 4 0
107 -41 3 0
107 -40 3 0
101 -36 3 0
107 -41 4 0
107 -40 4 0
106 -41 3 0
106 -41 4 0
106 -42 3 0
105 -42 3 0
106 -42 4 0
105 -42 4 0
106 -44 3 0
107 -42 5 0
107 -42 1 1
106 -43 0 1
106 -42 0 1
106 -41 0 1
107 -41 0 1
108 -41 0 1
108 -50 3 0
112 -49 4 0
108 -50 4 0
107 -50 4 0
107 -50 3 0