DAV_OBMAP v3 cell_size=10
79 -384 16 0
79 -383 16 0
82 -377 17 0
83 -378 18 0
82 -378 18 0
83 -378 17 0
82 -378 17 0
82 -380 18 0
82 -379 17 0
84 -379 18 0
84 -380 18 0
84 -379 17 0
84 -380 17 0
85 -380 18 0
84 -378 20 0
83 -379 14 1
83 -378 14 1
83 -377 14 1
84 -379 14 1
84 -378 14 1
84 -377 14 1
85 -379 14 1
85 -378 14 1
85 -377 14 1
71 -390 21 0
70 -390 22 0
70 -389 22 0
69 -388 21 0
69 -389 22 0
67 -389 22 0
70 -392 22 0
69 -390 23 0
81 -378 17 0
81 -379 17 0
82 -379 18 0
81 -379 18 0
82 -380 17 0
81 -381 17 0
68 -388 22 0
81 -380 17 0
83 -380 17 0
83 -381 17 0
83 -380 18 0
93 -355 19 0
93 -355 20 0
93 -355 18 0
92 -354 19 0
93 -353 18 0
90 -353 20 0
90 -353 18 0
90 -355 19 0
90 -356 19 0
80 -381 17 0
79 -381 17 0
79 -381 18 0
79 -383 17 0
91 -357 19 0
80 -382 18 0
79 -382 18 0
81 -382 17 0
93 -356 19 0
81 -382 18 0
81 -383 18 0
82 -383 17 0
81 -381 19 0
81 -381 15 1
80 -382 14 1
91 -355 17 1
80 -380 14 1
81 -382 14 1
82 -382 14 1
82 -382 17 0
82 -381 18 0
82 -382 18 0
83 -382 17 0
82 -380 19 0
82 -380 15 1
81 -381 14 1
94 -356 18 0
92 -354 20 0
92 -354 18 0
90 -355 20 0
90 -355 18 0
90 -357 19 0
90 -357 20 0
90 -357 18 0
92 -357 19 0
75 -385 18 0
74 -385 18 0
75 -386 17 0
76 -386 18 0
75 -386 18 0
76 -387 17 0
93 -357 18 0
76 -387 18 0
78 -386 17 0
78 -386 18 0
92 -357 17 1
76 -385 15 1
75 -386 14 1
75 -385 14 1
75 -384 14 1
76 -386 14 1
77 -386 14 1
76 -385 17 0
94 -357 19 0
94 -357 20 0
94 -357 18 0
93 -356 20 0
92 -357 20 0
91 -356 18 0
91 -357 20 0
91 -359 19 0
91 -359 20 0
91 -359 18 0
92 -359 19 0
92 -359 20 0
92 -359 18 0
93 -358 19 0
94 -359 19 0
93 -358 20 0
93 -359 20 0
94 -359 18 0
92 -357 21 0
92 -357 18 1
91 -358 17 1
92 -358 17 1
93 -358 17 1
95 -359 19 0
94 -359 20 0
94 -358 20 0
94 -358 19 0
91 -358 20 0
91 -358 19 0
92 -360 19 0
91 -360 19 0
92 -360 20 0
91 -360 20 0
93 -360 19 0
93 -361 19 0
93 -360 20 0
93 -361 20 0
94 -360 19 0
94 -360 20 0
93 -359 21 0
93 -359 18 1
92 -360 17 1
92 -359 17 1
93 -360 17 1
93 -359 17 1
94 -360 17 1
94 -359 17 1
94 -358 17 1
93 -359 19 0
95 -360 20 0
95 -360 19 0
92 -361 20 0
91 -362 20 0
92 -362 20 0
92 -361 19 0
92 -362 19 0
93 -362 20 0
93 -362 19 0
94 -361 20 0
94 -362 20 0
94 -361 19 0
94 -362 19 0
93 -360 21 0
93 -360 22 0
93 -360 18 1
92 -361 17 1
93 -361 17 1
94 -361 17 1
95 -361 20 0
95 -361 21 0
95 -361 19 0
94 -360 21 0
92 -360 21 0
91 -361 20 0
91 -361 21 0
91 -361 19 0
92 -363 20 0
92 -363 21 0
92 -363 19 0
93 -363 20 0
93 -363 21 0
93 -363 19 0
94 -363 20 0
94 -363 21 0
94 -363 19 0
93 -361 21 0
93 -361 22 0
93 -361 18 1
92 -362 17 1
93 -362 17 1
94 -362 17 1
95 -363 20 0
95 -363 21 0
95 -363 19 0
94 -362 21 0
92 -362 21 0
91 -363 20 0
91 -363 21 0
91 -363 19 0
71 -388 19 0
70 -388 19 0
70 -388 17 0
71 -389 18 0
71 -389 19 0
71 -389 17 0
72 -390 18 0
72 -390 19 0
72 -390 17 0
74 -389 18 0
72 -388 19 0
72 -388 20 0
72 -388 16 1
71 -389 15 1
71 -388 15 1
71 -387 15 1
72 -389 15 1
73 -389 15 1
70 -387 18 0
70 -387 19 0
70 -389 18 0
70 -389 19 0
70 -390 18 0
70 -390 19 0
72 -391 18 0
73 -390 18 0
73 -390 19 0
72 -389 20 0
72 -389 16 1
71 -390 15 1
72 -390 15 1
73 -390 15 1
73 -389 20 0
71 -387 20 0
69 -388 19 0
70 -388 20 0
69 -389 19 0
69 -389 20 0
69 -389 18 0
69 -390 19 0
70 -390 20 0
71 -390 19 0
71 -391 19 0
71 -391 20 0
71 -391 18 0
72 -390 20 0
71 -389 20 0
71 -389 21 0
71 -389 16 1
70 -390 15 1
70 -389 15 1
70 -388 15 1
71 -390 20 0
71 -388 20 0
70 -389 20 0
69 -388 20 0
68 -390 19 0
69 -390 20 0
68 -390 20 0
67 -390 18 1
66 -391 17 1
66 -391 18 1
66 -391 19 1
66 -390 17 1
66 -390 18 1
66 -390 19 1
66 -389 17 1
66 -389 18 1
66 -389 19 1
67 -391 17 1
67 -390 17 1
67 -389 17 1
67 -389 18 1
69 -391 19 0
69 -391 20 0
70 -391 19 0
70 -392 19 0
70 -391 20 0
70 -390 21 0
70 -390 17 1
69 -391 16 1
69 -390 16 1
69 -389 16 1
70 -391 16 1
70 -390 16 1
70 -389 16 1
71 -391 16 1
71 -390 16 1
68 -389 20 0
68 -389 19 0
67 -390 20 0
67 -390 19 0
68 -392 20 0
68 -391 20 0
68 -392 19 0
69 -392 20 0
69 -392 19 0
71 -392 20 0
71 -392 19 0
69 -390 21 0
69 -390 22 0
69 -390 17 1
68 -391 16 1
68 -390 16 1
68 -389 16 1
50 -372 15 0
50 -370 15 0
50 -371 15 0
50 -371 16 0
50 -371 19 0
51 -372 16 0
51 -372 17 0
50 -373 16 0
50 -372 16 0
50 -373 18 0
50 -373 17 0
50 -369 16 0
50 -370 16 0
50 -369 18 0
50 -370 17 0
51 -369 16 0
51 -370 16 0
51 -369 17 0
51 -371 16 0
52 -371 15 0
52 -371 16 0
52 -371 19 0
52 -371 17 0
52 -371 18 0
52 -373 17 0
51 -372 18 0
50 -372 17 0
50 -371 18 0
51 -371 18 0
50 -371 17 0
51 -371 17 0
51 -369 18 0
50 -369 17 0
51 -370 17 0
54 -369 14 1
53 -369 14 1
53 -370 14 1
53 -371 14 1
52 -369 14 1
52 -370 14 1
52 -371 14 1
53 -370 15 1
53 -370 20 0
53 -370 19 0
54 -371 17 0
53 -372 17 0
53 -372 19 0
53 -372 18 0
69 -387 21 0
69 -386 21 0
69 -387 22 0
68 -387 21 0
68 -387 22 0
67 -388 21 0
69 -388 23 0
52 -369 17 0
52 -369 19 0
52 -369 18 0
53 -369 17 0
53 -370 17 0
53 -369 19 0
53 -370 18 0
53 -368 18 0
53 -369 18 0
55 -370 17 0
54 -370 17 0
55 -370 19 0
55 -370 14 1
55 -371 14 1
55 -372 14 1
54 -370 14 1
54 -371 14 1
54 -372 14 1
55 -371 15 1
55 -371 20 0
56 -372 17 0
56 -372 19 0
56 -372 18 0
55 -372 17 0
55 -373 18 0
54 -372 17 0
54 -372 19 0
54 -372 18 0
53 -371 17 0
53 -371 19 0
53 -371 18 0
54 -371 18 0
54 -369 17 0
54 -369 19 0
54 -369 18 0
54 -370 18 0
55 -369 17 0
55 -370 18 0
56 -369 17 0
56 -369 19 0
56 -369 18 0
57 -371 17 0
81 -383 17 0
79 -380 18 0
79 -380 17 0
83 -381 14 1
82 -381 14 1
84 -380 14 1
81 -379 14 1
80 -379 17 0
85 -376 15 1
85 -375 15 1
85 -374 15 1
86 -376 15 1
86 -374 15 1
87 -376 15 1
87 -375 15 1
87 -374 15 1
83 -381 18 0
84 -381 17 0
92 -369 20 0
83 -379 19 0
92 -369 21 0
80 -382 17 0
81 -381 18 0
80 -381 18 0
82 -381 17 0
81 -380 14 1
93 -367 19 0
89 -352 18 0
88 -367 18 1
88 -366 18 1
88 -366 19 1
88 -366 20 1
88 -365 18 1
88 -365 19 1
88 -365 20 1
89 -366 18 1
89 -365 18 1
78 -382 17 0
77 -382 17 0
90 -365 18 1
78 -384 17 0
89 -368 20 0
90 -368 21 0
89 -368 19 0
91 -370 19 0
93 -370 20 0
86 -353 18 1
86 -353 19 1
86 -351 19 1
93 -363 17 1
94 -364 17 1
94 -363 17 1
79 -384 18 0
91 -369 17 1
92 -369 17 1
80 -383 18 0
81 -384 18 0
79 -382 19 0
90 -352 21 0
95 -364 21 0
95 -364 19 0
93 -362 21 0
92 -368 21 0
92 -368 19 0
91 -367 19 1
93 -357 20 0
90 -371 21 0
90 -371 19 0
91 -371 20 0
91 -371 21 0
91 -371 19 0
92 -358 18 0
92 -371 20 0
93 -369 20 0
92 -370 19 0
92 -371 19 0
91 -369 21 0
91 -369 22 0
91 -369 18 1
90 -370 17 1
91 -370 17 1
92 -370 17 1
67 -391 19 0
67 -392 21 0
90 -354 17 1
91 -354 17 1
88 -377 19 0
88 -377 18 0
88 -375 18 0
87 -375 18 0
88 -376 16 1
87 -376 16 1
76 -384 18 0
75 -385 17 0
74 -385 17 0
90 -371 20 0
89 -372 20 0
93 -369 21 0
89 -372 21 0
89 -372 19 0
90 -372 20 0
90 -372 21 0
90 -372 19 0
92 -372 20 0
92 -372 21 0
92 -372 19 0
90 -370 21 0
67 -392 20 0
90 -370 18 1
86 -375 18 0
86 -374 18 0
74 -384 17 0
74 -384 18 0
74 -386 17 0
73 -386 17 0
74 -386 18 0
73 -386 18 0
74 -387 17 0
74 -387 18 0
75 -387 17 0
75 -388 17 0
88 -374 18 0
75 -387 18 0
75 -388 18 0
77 -387 17 0
75 -386 19 0
75 -386 15 1
74 -387 14 1
74 -386 14 1
74 -385 14 1
75 -387 14 1
76 -387 14 1
89 -371 19 0
88 -371 20 0
88 -371 19 0
88 -373 20 0
88 -376 18 0
88 -376 20 0
89 -376 19 0
87 -376 18 0
87 -376 20 0
87 -377 19 0
87 -376 19 0
91 -357 18 0
91 -356 20 0
68 -393 22 0
67 -392 22 0
67 -392 23 0
67 -392 18 1
73 -385 17 0
73 -385 18 0
73 -387 17 0
72 -387 17 0
73 -387 18 0
72 -387 18 0
73 -388 17 0
73 -388 18 0
74 -388 17 0
74 -389 17 0
66 -393 17 1
74 -388 18 0
74 -387 19 0
74 -387 16 1
73 -388 15 1
73 -387 15 1
73 -386 15 1
74 -388 15 1
74 -387 15 1
74 -386 15 1
75 -388 15 1
75 -387 15 1
69 -385 18 1
70 -384 19 0
71 -383 19 0
70 -382 21 0
70 -382 22 0
70 -382 16 1
69 -383 15 1
69 -382 15 1
75 -387 19 0
74 -386 19 0
73 -386 19 0
72 -386 18 0
72 -386 19 0
72 -386 17 0
71 -387 18 0
71 -387 19 0
70 -387 17 1
69 -388 16 1
69 -388 17 1
69 -388 18 1
69 -387 16 1
69 -387 17 1
69 -387 18 1
69 -386 16 1
69 -386 17 1
69 -386 18 1
70 -388 16 1
70 -387 16 1
70 -386 16 1
70 -386 17 1
72 -388 18 0
72 -389 18 0
72 -389 19 0
72 -388 17 0
72 -389 17 0
73 -389 18 0
73 -389 19 0
73 -389 17 0
75 -389 18 0
74 -389 19 0
73 -387 19 0
73 -387 20 0
73 -387 16 1
72 -388 15 1
72 -387 15 1
72 -386 15 1
69 -381 18 0
69 -381 17 0
66 -392 17 1
67 -393 17 1
68 -393 17 1
68 -392 17 1
68 -392 22 0
67 -391 22 0
66 -391 22 0
70 -379 19 0
71 -379 18 0
73 -388 19 0
74 -388 19 0
72 -387 19 0
71 -387 17 0
71 -388 18 0
70 -388 18 0
69 -377 18 0
67 -378 19 0
68 -378 20 0
67 -378 18 0
67 -379 19 0
67 -379 20 0
67 -379 18 0
66 -382 17 1
66 -381 17 1
66 -380 17 1
67 -382 17 1
67 -381 17 1
68 -382 17 1
70 -381 18 0
69 -379 21 0
69 -379 18 0
69 -379 17 0
64 -398 19 1
64 -398 20 1
64 -398 21 1
65 -398 19 1
65 -398 20 1
64 -394 23 0
64 -394 20 20
64 -394 19 1
69 -377 20 0
68 -377 19 0
68 -376 19 0
68 -376 20 0
68 -376 18 0
67 -377 19 0
67 -377 20 0
67 -377 18 0
66 -378 19 0
66 -378 20 0
66 -378 18 0
65 -381 17 1
65 -381 18 1
65 -381 19 1
65 -380 17 1
65 -380 18 1
65 -380 19 1
65 -379 17 1
68 -380 18 0
68 -378 21 0
68 -378 16 1
67 -379 15 1
67 -378 15 1
67 -377 15 1
68 -379 15 1
68 -378 15 1
68 -377 15 1
69 -379 15 1
69 -378 15 1
69 -377 15 1
68 -378 19 0
65 -395 19 1
65 -373 18 0
65 -372 19 0
65 -373 19 0
66 -373 18 0
66 -373 19 0
67 -373 19 0
68 -377 18 0
69 -375 19 0
69 -375 20 0
69 -375 18 0
67 -376 19 0
67 -375 19 0
67 -375 20 0
67 -376 18 0
72 -387 22 0
71 -386 21 0
70 -387 22 0
71 -386 22 0
70 -386 21 0
70 -385 21 0
70 -386 22 0
70 -385 22 0
68 -386 21 0
69 -386 22 0
70 -387 23 0
70 -387 20 0
70 -387 21 0
66 -377 15 1
66 -376 15 1
67 -376 15 1
68 -376 15 1
67 -374 18 0
67 -374 19 0
72 -386 21 0
72 -386 22 0
72 -386 20 0
71 -385 21 0
72 -384 21 0
71 -385 22 0
71 -385 20 0
70 -384 21 0
70 -384 22 0
70 -384 20 0
69 -385 21 0
69 -384 21 0
69 -385 22 0
69 -385 20 0
68 -386 22 0
68 -386 20 0
69 -387 20 0
70 -386 23 0
70 -386 20 0
70 -386 19 0
67 -375 15 1
66 -375 15 1
65 -375 15 1
65 -376 15 1
72 -385 20 0
72 -385 21 0
71 -384 20 0
72 -383 20 0
71 -384 21 0
71 -383 21 0
70 -383 20 0
70 -383 21 0
69 -384 20 0
69 -383 20 0
69 -383 21 0
68 -385 20 1
68 -385 21 0
67 -385 19 1
66 -386 18 1
66 -386 19 1
66 -386 20 1
66 -385 18 1
66 -385 19 1
66 -385 20 1
66 -384 18 1
66 -384 19 1
66 -384 20 1
67 -386 18 1
67 -385 18 1
67 -384 18 1
67 -384 19 1
69 -386 20 0
70 -385 20 0
70 -385 19 0
70 -385 18 0
65 -377 15 1
66 -376 16 1
66 -376 21 0
66 -376 20 0
68 -377 20 0
71 -383 20 0
72 -383 21 0
72 -383 19 0
72 -382 20 0
71 -382 21 0
71 -382 19 0
70 -382 20 0
70 -381 20 0
70 -381 21 0
70 -381 19 0
69 -382 20 0
62 -393 22 0
69 -382 19 0
63 -392 22 0
60 -396 21 1
63 -394 23 0
63 -394 20 1
67 -383 18 1
67 -383 19 1
67 -383 20 1
67 -382 18 1
60 -392 19 1
60 -392 21 1
60 -391 19 1
68 -383 18 1
68 -382 18 1
68 -382 19 4
69 -385 19 0
61 -390 19 1
61 -390 20 1
61 -390 21 1
59 -393 19 1
59 -392 19 1
59 -392 20 1
59 -392 21 1
59 -391 19 1
59 -391 20 1
59 -391 21 1
59 -398 19 1
59 -398 20 1
59 -397 20 1
59 -397 21 1
60 -398 19 1
61 -398 19 1
62 -394 23 0
69 -381 20 0
68 -380 20 0
69 -381 19 0
68 -380 19 0
68 -382 20 0
67 -381 18 2
67 -381 19 4
67 -381 20 1
65 -396 21 0
66 -398 19 1
66 -398 20 1
66 -398 21 1
66 -395 21 0
66 -395 22 0
65 -394 23 0
65 -394 18 1
64 -395 17 1
65 -395 17 1
66 -395 17 1
66 -377 20 0
66 -376 18 0
65 -393 20 0
66 -376 19 0
64 -376 18 0
65 -376 18 0
64 -376 20 0
64 -376 19 0
65 -376 19 0
67 -395 21 0
71 -387 22 0
65 -374 20 0
65 -374 19 0
66 -374 18 0
66 -393 23 0
66 -393 19 0
66 -374 20 0
66 -374 19 0
68 -374 18 0
68 -374 20 0
68 -374 19 0
66 -378 15 1
67 -377 16 1
67 -377 21 0
69 -378 18 0
65 -377 18 0
66 -377 18 0
65 -377 20 0
65 -377 19 0
66 -377 19 0
66 -375 18 0
66 -375 20 0
66 -375 19 0
67 -375 18 0
69 -378 20 0
69 -377 19 0
69 -378 19 0
70 -378 18 0
70 -378 20 0
70 -378 19 0
69 -381 21 0
69 -383 19 0
69 -383 18 1
68 -381 20 0
67 -380 20 1
67 -380 19 1
67 -380 18 1
66 -380 20 1
66 -380 19 1
66 -380 18 2
90 -371 18 1
89 -372 17 2
90 -372 17 1
91 -372 17 1
66 -381 20 1
66 -381 19 1
66 -381 18 1
68 -394 22 0
66 -382 20 1
66 -382 19 1
66 -382 18 1
68 -379 20 0
68 -379 19 0
69 -379 20 0
69 -380 20 0
69 -379 19 0
69 -380 19 0
71 -379 20 0
71 -379 19 0
71 -381 15 1
91 -372 19 0
91 -372 20 0
88 -372 19 0
87 -371 19 0
88 -372 20 0
87 -372 19 0
87 -372 20 0
87 -374 19 0
71 -382 15 1
88 -374 20 0
88 -374 19 0
89 -373 19 0
89 -374 19 0
89 -373 20 0
89 -374 20 0
90 -374 19 0
90 -374 20 0
88 -373 16 1
88 -372 16 1
88 -371 16 1
89 -373 16 1
89 -372 16 1
89 -371 16 1
90 -373 16 1
90 -372 16 1
90 -371 16 1
71 -383 15 1
70 -381 15 1
70 -382 15 1
70 -383 15 1
69 -381 15 1
68 -385 19 1
68 -385 18 1
67 -385 20 1
68 -384 19 1
87 -373 19 0
87 -373 20 0
86 -374 19 0
87 -374 20 0
86 -374 20 0
87 -375 19 0
68 -381 19 1
87 -375 20 0
88 -375 19 0
88 -376 19 0
68 -381 18 1
88 -375 20 0
89 -375 19 0
89 -375 20 0
88 -374 21 0
88 -374 17 1
87 -375 16 1
87 -374 16 1
87 -373 16 1
88 -375 16 1
88 -374 16 1
89 -375 16 1
89 -374 16 1
67 -392 19 0
69 -393 20 0
70 -380 19 0
69 -392 21 0
69 -393 19 0
70 -392 20 0
70 -392 21 0
69 -391 21 0
69 -391 22 0
69 -391 17 1
68 -392 16 1
69 -392 16 1
70 -392 16 1
88 -373 18 0
87 -373 18 0
86 -373 19 0
86 -373 20 0
86 -373 18 0
68 -390 21 0
68 -389 21 0
67 -390 21 0
66 -391 20 0
66 -391 21 0
67 -393 20 0
68 -393 20 0
68 -392 21 0
68 -393 21 0
68 -391 21 0
68 -391 22 0
68 -391 17 1
67 -392 16 1
67 -391 16 1
67 -390 16 1
87 -375 21 0
87 -375 17 1
86 -376 16 2
86 -375 16 2
86 -374 16 1
69 -392 22 0
68 -390 22 0
67 -390 22 0
66 -390 21 0
66 -390 22 0
65 -390 20 1
64 -391 19 1
64 -390 19 1
64 -390 20 2
64 -390 21 1
64 -389 19 1
64 -389 20 1
64 -389 21 1
65 -390 19 1
65 -389 19 1
65 -389 20 1
65 -389 21 1
66 -392 21 0
65 -392 21 0
65 -392 22 0
64 -392 20 2
63 -393 19 1
63 -393 20 109
63 -393 21 1
63 -392 19 1
63 -392 20 1
63 -392 21 2
63 -391 19 1
63 -391 20 7
63 -391 21 1
64 -393 19 1
64 -392 19 1
64 -391 20 1
66 -393 21 0
66 -393 22 0
66 -392 20 0
66 -393 20 0
67 -393 21 0
67 -394 21 0
70 -380 20 0
67 -393 22 0
88 -376 17 0
86 -374 17 0
85 -376 18 0
84 -375 19 0
84 -375 17 0
84 -376 18 0
84 -376 19 0
84 -376 17 0
84 -378 18 0
67 -392 17 1
84 -378 19 0
84 -378 17 0
86 -378 18 0
86 -378 19 0
86 -378 17 0
87 -378 18 0
87 -378 19 0
87 -378 17 0
85 -377 15 1
86 -377 15 1
87 -377 15 1
66 -390 20 0
65 -391 21 0
71 -380 19 0
71 -381 19 0
71 -380 20 0
71 -381 20 0
87 -377 18 0
86 -377 17 0
87 -377 17 0
85 -377 17 0
86 -376 17 0
85 -376 17 0
85 -375 17 0
84 -377 18 0
83 -376 18 0
83 -376 19 0
84 -377 17 0
83 -376 17 0
83 -377 18 0
83 -377 19 0
83 -377 17 0
83 -379 18 0
72 -382 19 0
83 -378 19 0
83 -379 17 0
85 -378 18 0
85 -379 18 0
85 -379 19 0
85 -378 17 0
85 -379 17 0
86 -379 18 0
86 -379 17 0
85 -377 20 0
85 -377 16 1
84 -378 15 2
84 -377 15 1
84 -376 15 1
85 -378 15 1
86 -378 15 1
71 -382 20 0
70 -383 18 0
70 -383 19 0
70 -383 22 0
71 -385 19 0
68 -384 18 1
82 -377 18 0
65 -391 22 0
63 -390 19 1
63 -390 20 1
63 -390 21 1
63 -389 19 1
63 -389 20 1
63 -389 21 1
64 -392 21 1
64 -392 22 0
65 -393 21 0
65 -394 21 0
65 -394 22 0
64 -395 20 1
67 -382 20 1
63 -396 19 1
67 -382 19 1
63 -396 20 2
63 -396 21 1
63 -395 19 1
63 -395 20 4
63 -395 21 1000
63 -394 19 1
64 -396 19 1
64 -396 20 1
64 -396 21 1
64 -395 19 1
65 -396 19 1
66 -394 21 0
66 -394 22 0
66 -394 20 0
68 -394 21 0
67 -394 22 0
66 -392 22 0
66 -392 23 0
66 -392 18 1
65 -393 17 1
65 -392 17 1
65 -391 17 1
67 -384 20 1
68 -383 19 1
68 -383 21 0
68 -383 20 1
69 -382 21 0
62 -392 19 1
62 -391 19 1
62 -391 20 4
62 -391 21 1
62 -390 19 1
62 -390 20 1
62 -390 21 1
64 -393 21 0
64 -393 22 0
63 -393 22 0
62 -394 19 1
62 -394 20 1
62 -394 21 1000
62 -393 19 1
62 -393 20 4
62 -393 21 1
62 -392 20 21
62 -392 21 1
64 -394 21 0
64 -394 22 0
62 -396 19 1
62 -396 20 22
62 -396 21 1
62 -395 19 1
62 -395 20 1
62 -395 21 1
65 -395 21 0
65 -395 22 0
65 -396 20 1
64 -397 19 1
72 -387 21 0
64 -397 20 21
64 -397 21 1
65 -397 19 1
65 -397 20 2
65 -397 21 1
66 -397 19 1
66 -397 20 1
66 -397 21 1
66 -396 19 1
65 -393 22 0
65 -393 23 0
65 -393 18 2
64 -394 17 1
64 -393 17 1
64 -392 17 1
65 -394 17 1
66 -394 17 1
52 -370 18 0
51 -370 18 0
52 -370 19 0
52 -370 17 0
52 -372 18 0
52 -372 19 0
52 -372 17 0
61 -393 19 1
61 -392 19 1
61 -392 20 3
61 -392 21 2
61 -391 19 1
61 -391 20 1
61 -391 21 1
63 -394 21 1000
63 -394 22 0
62 -394 22 0
61 -394 20 20
60 -395 19 1
60 -395 20 1
60 -395 21 1
60 -394 19 1
60 -394 20 1
60 -394 21 1
60 -393 19 1
60 -393 20 1
60 -393 21 1
61 -395 19 1
61 -394 19 1
61 -393 20 1
63 -395 22 0
61 -397 19 1
61 -397 20 1
61 -397 21 2
61 -396 19 1
61 -396 20 2
61 -396 21 2
62 -397 19 1
62 -397 20 3
62 -397 21 1
63 -397 19 1
64 -395 21 0
64 -395 22 0
64 -396 22 0
63 -398 19 1
65 -374 18 0
63 -398 20 2
63 -398 21 1
63 -397 20 4
76 -384 17 0
75 -384 17 0
75 -384 18 0
75 -384 16 0
76 -386 17 0
65 -398 21 1
76 -385 18 0
76 -385 16 0
77 -386 17 0
77 -386 18 0
77 -386 16 0
79 -386 17 0
79 -385 16 0
77 -384 18 0
77 -384 19 0
77 -384 15 1
76 -385 14 1
76 -384 14 1
76 -383 14 1
77 -385 14 1
78 -385 14 1
61 -393 21 1
61 -393 22 0
61 -395 21 0
62 -395 22 0
61 -395 22 0
61 -396 22 0
60 -398 20 1
60 -398 21 1
60 -398 22 1
60 -397 20 4
60 -397 21 1
60 -397 22 1
60 -396 20 2
61 -398 20 1
61 -398 21 2
61 -398 22 1
62 -398 20 1
63 -397 21 1
63 -396 22 0
62 -399 19 1
71 -387 21 0
62 -399 20 1
62 -399 21 1
62 -398 19 1
63 -399 19 1
63 -399 20 1
63 -399 21 1
64 -399 19 1
64 -399 20 1
64 -399 21 1
63 -395 23 0
71 -388 22 0
71 -388 21 0
68 -389 22 0
68 -388 21 0
69 -388 22 0
70 -388 22 0
70 -388 21 0
71 -390 22 0
68 -391 19 0
61 -394 21 1
61 -394 22 0
60 -392 20 3
60 -391 20 1
60 -391 21 1
60 -391 22 1
61 -391 22 1
60 -394 22 0
59 -395 21 0
60 -395 22 0
61 -397 22 1
60 -399 20 1
60 -399 21 1
60 -399 22 1
61 -399 20 1
61 -399 21 1
61 -399 22 1
62 -399 22 1
62 -396 22 0
63 -397 22 0
61 -395 23 0
61 -395 20 1
60 -396 19 1
68 -391 23 0
70 -391 22 0
68 -392 23 0
90 -353 19 0
83 -379 15 1
67 -393 19 0
67 -393 23 0
67 -395 22 0
59 -395 22 0
60 -396 22 1
59 -396 22 0
58 -396 22 0
59 -396 21 0
58 -396 21 0
59 -397 22 0
59 -398 22 0
59 -398 21 1
62 -398 22 0
62 -398 21 1
60 -396 23 0
60 -396 24 0
59 -397 19 1
59 -396 19 1
59 -395 19 1
60 -397 19 1
64 -391 22 1
64 -391 21 1
63 -391 22 1
62 -391 22 1
65 -393 19 1
65 -394 19 1
64 -374 19 0
64 -373 19 0
64 -374 18 0
64 -373 18 0
63 -374 19 0
63 -374 18 0
64 -375 19 0
64 -375 18 0
65 -375 19 0
65 -375 18 0
65 -374 21 0
65 -374 17 1
64 -375 16 1
64 -374 16 1
64 -373 16 1
65 -375 16 1
65 -374 16 1
65 -373 16 1
66 -375 16 1
66 -374 16 1
66 -373 16 1
69 -393 21 0
67 -394 20 0
92 -354 17 1
92 -353 17 1
90 -356 20 0
90 -356 18 0
91 -356 19 0
65 -372 18 0
64 -372 18 0
64 -372 19 0
63 -373 18 0
63 -372 18 0
63 -373 19 0
63 -372 19 0
62 -374 18 0
62 -374 19 0
63 -375 18 0
63 -375 19 0
64 -374 20 0
64 -374 17 1
63 -375 16 1
63 -374 16 1
63 -373 16 1
85 -377 19 0
86 -377 18 0
91 -371 17 1
90 -371 17 1
89 -369 17 1
89 -370 17 1
89 -371 17 1
64 -371 18 0
64 -371 19 0
63 -371 18 0
63 -371 19 0
62 -372 18 0
61 -371 18 0
62 -372 19 0
61 -371 19 0
62 -373 18 0
61 -373 18 0
62 -373 19 0
61 -373 19 0
61 -374 18 0
61 -374 19 0
63 -373 20 0
63 -373 17 1
62 -374 16 1
62 -373 16 1
62 -372 16 1
63 -372 16 1
64 -372 16 1
92 -358 19 0
92 -358 20 0
89 -367 19 1
89 -367 18 1
89 -368 18 1
92 -370 21 0
62 -371 18 0
62 -371 19 0
61 -370 18 0
61 -370 19 0
60 -371 18 0
60 -371 19 0
60 -372 18 0
59 -372 18 0
60 -372 19 0
59 -372 19 0
60 -373 18 0
60 -373 19 0
61 -372 19 0
61 -372 20 0
61 -372 17 1
60 -373 16 1
60 -372 16 1
60 -371 16 2
61 -373 16 1
61 -372 16 1
61 -371 16 1
62 -371 16 1
61 -372 18 0
89 -371 20 0
89 -369 19 0
89 -369 21 0
89 -369 20 0
86 -377 19 0
90 -369 19 0
90 -369 20 0
60 -370 18 0
60 -369 18 0
60 -370 19 0
59 -371 18 0
58 -370 18 0
59 -371 19 0
59 -370 19 0
58 -371 18 0
58 -371 19 0
58 -373 18 0
59 -373 19 0
60 -371 20 0
59 -372 15 1
59 -371 15 1
59 -370 15 1
60 -372 15 1
60 -371 15 1
60 -370 15 1
61 -372 15 1
61 -371 15 1
61 -370 15 1
91 -370 21 0
94 -364 21 0
94 -364 20 0
90 -369 21 0
78 -384 18 0
79 -383 18 0
91 -369 20 0
59 -370 18 0
58 -369 18 0
58 -370 19 0
58 -369 19 0
57 -370 18 0
57 -370 19 0
57 -371 18 0
56 -371 18 0
57 -371 19 0
56 -371 19 0
58 -372 18 0
57 -372 18 0
58 -372 19 0
57 -372 19 0
58 -373 19 0
58 -371 20 0
58 -371 16 1
57 -372 15 1
57 -371 15 2
57 -370 15 1
58 -372 15 1
58 -371 15 1
58 -370 15 1
93 -370 19 0
91 -368 22 0
80 -379 18 0
81 -380 18 0
92 -368 17 1
91 -366 17 1
91 -367 17 1
91 -368 17 1
92 -367 18 1
92 -367 22 0
82 -380 14 1
93 -368 19 0
93 -368 21 0
92 -369 19 0
57 -369 18 0
57 -369 19 0
56 -370 18 0
55 -369 18 0
56 -370 19 0
55 -369 19 0
55 -371 18 0
55 -371 19 0
55 -372 18 0
55 -372 19 0
57 -373 18 0
57 -371 20 0
56 -372 14 1
56 -371 14 1
56 -370 14 1
57 -372 14 1
57 -371 14 1
57 -370 14 1
58 -372 14 1
58 -371 14 1
58 -370 14 1
80 -381 14 1
79 -382 17 0
78 -381 17 0
78 -381 18 0
83 -380 14 1
82 -378 14 1
92 -355 17 1
94 -356 19 0
94 -356 20 0
92 -356 21 0
92 -356 18 1
91 -357 17 1
93 -357 17 1
93 -366 22 0
94 -367 21 0
94 -367 20 0
93 -367 21 0
79 -384 17 0
88 -353 18 1
88 -353 17 1
87 -353 19 1
92 -356 19 0
93 -355 17 1
87 -353 17 1
88 -351 20 0
92 -365 21 0
67 -391 21 0
87 -351 18 1
78 -382 18 0
82 -379 14 1
86 -352 17 1
93 -369 19 0
86 -352 18 1
86 -352 19 1
86 -351 17 1
86 -351 18 1
87 -352 17 1
87 -352 18 2
87 -352 19 1
87 -351 17 1
88 -352 17 1
88 -352 18 2
88 -352 19 1
88 -351 17 1
93 -357 19 0
86 -375 20 0
81 -384 17 0
80 -383 17 0
69 -393 22 0
90 -354 19 0
69 -394 21 0
89 -353 20 0
93 -366 19 0
94 -365 20 0
94 -366 20 0
94 -366 21 0
94 -366 19 0
93 -364 21 0
93 -364 22 0
93 -364 18 1
92 -365 17 1
93 -365 17 1
94 -365 17 1
76 -385 19 0
93 -356 17 1
70 -391 21 0
70 -389 21 0
69 -389 21 0
67 -389 20 0
67 -389 21 0
67 -389 19 0
67 -391 20 0
95 -366 20 0
88 -351 19 0
92 -366 20 0
91 -366 21 0
91 -367 20 1
87 -353 18 1
91 -367 21 0
93 -367 20 0
93 -368 20 0
88 -353 19 1
89 -353 17 1
89 -353 18 1
89 -353 19 1
89 -352 17 1
93 -366 18 1
92 -367 17 1
92 -366 17 1
93 -367 17 1
93 -366 17 1
94 -367 17 1
94 -366 17 1
92 -356 17 1
86 -375 15 1
91 -356 17 1
90 -355 17 1
90 -356 17 1
91 -355 21 0
93 -356 18 0
92 -356 20 0
86 -353 17 1
92 -352 20 0
85 -374 18 0
85 -374 19 0
84 -375 18 0
85 -377 18 0
94 -367 19 0
92 -365 19 0
91 -366 19 0
90 -367 20 1
90 -367 21 0
90 -367 19 1
91 -368 20 0
91 -368 21 0
91 -368 19 1
92 -368 20 0
90 -351 19 0
91 -351 19 0
91 -351 20 0
91 -351 18 1
91 -352 17 1
91 -351 17 1
92 -367 21 0
92 -352 17 1
92 -352 18 1
92 -352 19 1
92 -351 17 1
92 -351 18 1
92 -351 19 1
93 -368 17 1
92 -367 20 0
80 -380 17 0
80 -380 18 0
87 -351 19 1
87 -351 20 0
88 -352 20 0
89 -352 19 0
89 -351 19 0
89 -352 20 0
89 -366 19 1
91 -352 19 0
90 -352 20 0
90 -352 18 1
89 -351 20 0
89 -351 21 0
89 -351 18 1
89 -351 17 1
90 -352 17 1
90 -351 17 1
89 -365 19 1
89 -365 20 1
92 -364 20 0
90 -368 20 0
92 -364 21 0
92 -364 19 0
93 -364 20 0
93 -365 20 0
90 -370 20 0
93 -365 21 0
93 -365 19 0
90 -370 19 0
91 -370 20 0
94 -364 19 0
93 -363 22 0
93 -363 18 1
92 -364 17 1
92 -363 17 1
93 -364 17 1
91 -368 18 1
90 -369 17 1
90 -368 17 1
90 -367 17 1
90 -354 20 0
90 -354 18 0
91 -353 19 0
91 -353 20 0
91 -353 18 1
95 -364 20 0
90 -353 17 1
91 -353 17 1
90 -352 19 0
91 -364 20 0
91 -364 21 0
91 -364 19 0
92 -365 20 0
91 -366 20 0
90 -368 19 1
92 -366 21 0
92 -366 19 0
93 -366 20 0
93 -366 21 0
92 -353 19 0
93 -353 19 0
92 -353 20 0
92 -353 18 0
91 -352 20 0
88 -351 18 1
92 -370 20 0
89 -355 19 0
92 -371 21 0
89 -355 20 0
89 -355 18 0
91 -354 19 0
91 -355 19 0
91 -355 20 0
91 -355 18 1
92 -355 19 0
92 -355 20 0
92 -355 18 0
91 -353 21 0
79 -382 15 1
78 -383 14 1
78 -382 14 1
78 -381 14 1
79 -383 14 1
79 -382 14 1
79 -381 14 1
80 -383 14 1
89 -367 20 1
90 -368 18 1
90 -367 18 1
91 -367 18 1
89 -370 20 0
88 -370 20 0
89 -370 21 0
89 -370 19 0
88 -370 19 0
80 -383 16 0
80 -382 16 0
78 -381 16 0
77 -383 17 0
78 -383 17 0
77 -382 18 0
77 -382 16 0
76 -383 17 0
76 -383 18 0
76 -383 16 0
77 -384 17 0
77 -385 17 0
90 -370 22 0
77 -385 18 0
77 -385 16 0
78 -385 17 0
78 -385 18 0
78 -385 16 0
80 -385 17 0
79 -385 18 0
80 -385 16 0
78 -383 18 0
78 -383 19 0
78 -383 15 1
77 -384 14 1
77 -383 14 1
77 -382 14 1
78 -384 14 1
79 -384 14 1
88 -373 19 0
90 -373 20 0
90 -373 19 0
91 -373 20 0
91 -373 19 0
90 -371 22 0
86 -376 18 0
86 -376 20 0
86 -376 19 0
85 -375 18 0
85 -375 20 0
85 -375 19 0
86 -375 19 0
89 -375 18 0