DAV_OBMAP v3 cell_size=10
-55 214 8 0
-55 214 7 0
-83 231 4 1
-83 232 4 1
-83 233 4 1
-70 218 4 1
-69 218 4 1
-83 229 9 0
-83 227 9 0
-81 229 10 0
-81 229 6 1
-82 228 5 1
-82 229 5 1
-82 230 5 1
-69 219 4 1
-68 219 4 1
-68 220 7 0
-80 228 5 1
-89 237 6 1
-55 249 9 0
-81 228 7 0
-81 227 9 0
-81 228 8 0
-79 228 7 0
-79 228 9 0
-79 228 8 0
-78 228 7 0
-65 201 11 0
-65 201 10 0
-63 200 10 0
-92 241 5 1
-92 243 5 1
-90 241 5 1
-90 242 5 1
-90 243 5 1
-92 243 10 0
-92 243 6 0
-91 238 6 1
-91 238 7 1
-90 237 6 1
-90 237 7 1
-90 237 8 1
-90 238 6 1
-61 211 9 0
-61 211 10 0
-60 210 9 0
-60 210 10 0
-55 249 10 0
-82 223 10 1
-82 224 10 1
-82 232 6 1
-82 231 7 2
-84 230 6 1
-83 231 7 1
-86 231 7 0
-86 231 9 0
-86 231 8 0
-86 234 7 0
-86 234 9 0
-86 234 8 0
-92 244 6 0
-96 216 10 0
-97 217 11 0
-97 217 9 0
-97 214 10 0
-97 214 9 0
-95 214 11 0
-94 215 11 0
-94 214 9 0
-95 216 12 0
-95 216 9 0
-95 216 8 0
-78 225 4 1
-78 224 4 1
-66 204 8 0
-65 205 7 1
-65 205 8 0
-67 206 7 0
-67 210 7 1
-93 248 8 0
-93 247 9 0
-95 247 7 0
-61 209 10 0
-61 208 9 0
-60 209 9 0
-62 210 8 0
-62 210 10 0
-62 210 9 0
-61 210 9 0
-52 249 7 0
-54 249 7 0
-53 248 7 0
-54 248 7 0
-70 221 4 1
-71 221 4 1
-72 221 4 1
-72 220 4 1
-72 219 4 1
-71 220 5 4
-71 220 9 0
-54 249 8 0
-95 208 12 0
-95 209 12 0
-97 227 10 0
-97 227 11 0
-97 227 9 0
-99 225 10 1
-99 225 11 0
-100 226 8 1
-100 226 9 1
-97 225 12 0
-97 225 8 0
-97 243 7 0
-97 243 6 0
-98 244 7 0
-98 244 6 0
-96 227 11 0
-96 227 9 0
-97 228 10 0
-97 228 11 0
-100 244 6 0
-98 227 10 0
-100 243 7 0
-80 223 11 1
-79 226 7 0
-79 226 6 0
-99 226 9 1
-97 226 12 0
-97 226 8 0
-62 200 7 0
-87 238 7 0
-87 237 7 0
-86 238 7 0
-86 235 7 0
-85 236 4 1
-86 236 4 1
-86 235 4 1
-87 236 4 1
-54 246 9 0
-53 248 5 1
-54 247 4 1
-95 227 11 0
-95 227 9 0
-96 228 10 0
-96 228 11 0
-96 228 9 0
-97 229 10 0
-97 229 11 0
-97 229 9 0
-98 228 10 0
-98 228 11 0
-98 228 9 0
-99 227 10 0
-99 227 11 0
-99 227 9 0
-98 224 8 1
-96 226 9 0
-97 227 12 0
-97 227 8 0
-95 204 10 0
-95 204 11 0
-95 204 9 0
-93 203 12 0
-93 203 8 0
-92 205 10 0
-92 205 11 0
-92 205 9 0
-94 205 10 0
-94 206 10 0
-94 206 11 0
-94 206 9 0
-95 205 10 0
-95 205 11 0
-95 205 9 0
-96 204 10 0
-96 204 9 0
-94 202 9 0
-94 204 11 0
-94 204 12 0
-94 204 9 0
-94 204 8 0
-96 229 10 0
-96 229 11 0
-96 229 9 0
-97 230 10 0
-97 230 11 0
-97 230 9 0
-98 229 10 0
-99 229 10 0
-98 229 11 0
-99 229 9 0
-99 228 10 0
-99 228 11 0
-99 228 9 0
-97 228 12 0
-97 228 8 0
-95 206 9 0
-96 204 11 0
-94 203 11 0
-93 206 10 0
-93 206 11 0
-94 207 10 0
-94 207 11 0
-94 207 9 0
-96 205 10 0
-96 205 11 0
-96 205 9 0
-94 203 9 0
-94 205 11 0
-94 205 12 0
-94 205 9 0
-94 205 8 0
-93 207 10 0
-63 211 6 1
-67 211 5 1
-67 211 6 0
-67 211 9 0
-69 211 8 1
-69 211 7 1
-68 212 8 0
-68 212 7 1000
-96 206 10 0
-96 206 11 0
-96 206 9 0
-94 206 12 0
-94 206 8 0
-65 211 7 1
-66 211 7 0
-67 210 5 1
-93 244 4 1
-93 245 4 1
-81 228 6 0
-81 228 10 0
-82 226 9 0
-84 229 7 1
-84 229 6 1
-92 207 10 0
-92 207 11 0
-92 207 9 0
-93 208 10 0
-93 208 11 0
-93 208 9 0
-94 209 10 0
-94 209 9 0
-95 208 10 0
-62 202 8 0
-95 208 9 0
-96 207 10 0
-96 207 11 0
-65 202 9 0
-65 209 7 0
-65 209 8 0
-66 209 7 0
-66 210 7 0
-66 209 8 0
-67 208 7 0
-68 209 7 0
-67 208 8 0
-68 209 8 0
-66 208 9 0
-66 208 6 1
-66 208 5 1
-64 204 8 0
-64 204 9 0
-63 204 8 0
-63 204 9 0
-61 204 8 0
-61 204 9 0
-63 206 10 0
-63 206 7 0
-63 206 6 0
-64 205 8 0
-64 205 9 0
-65 205 9 0
-64 203 9 0
-63 203 8 0
-63 203 9 0
-62 203 8 0
-62 203 9 0
-63 205 10 0
-63 205 7 0
-63 205 6 0
-74 220 8 3
-74 219 6 2
-74 220 6 4
-74 218 8 1
-75 217 7 1
-75 217 8 1
-75 217 9 1
-75 218 7 1
-75 218 8 1
-75 218 9 1
-74 217 7 1
-74 217 8 1
-74 217 9 1
-95 249 10 0
-95 247 10 0
-93 249 9 0
-93 249 8 0
-94 246 6 0
-94 246 10 0
-94 248 9 0
-93 246 6 0
-93 245 6 0
-51 219 8 0
-51 219 9 0
-51 219 7 0
-73 217 4 1
-71 221 9 0
-71 222 8 0
-71 222 9 0
-51 216 8 0
-52 217 9 0
-52 216 10 0
-52 216 8 0
-53 215 9 0
-53 215 10 0
-53 215 8 0
-52 214 9 0
-52 214 10 0
-52 214 8 0
-51 213 9 0
-51 213 10 0
-51 213 8 0
-51 215 10 0
-51 215 11 0
-51 215 7 0
-94 248 8 0
-93 248 9 0
-93 248 7 0
-94 249 8 0
-94 249 9 0
-94 249 7 0
-95 248 8 0
-96 248 8 0
-96 248 9 0
-96 248 7 0
-77 228 9 0
-96 247 9 0
-96 247 7 0
-96 246 8 0
-96 246 9 0
-96 246 7 0
-76 228 8 0
-87 235 9 0
-86 235 6 0
-66 202 6 2
-76 228 9 0
-66 203 10 0
-78 229 8 0
-78 228 9 0
-78 227 10 0
-78 227 6 0
-78 229 9 0
-68 203 9 0
-75 224 8 6
-74 223 6 2
-74 224 6 1
-74 224 7 3
-66 200 8 0
-57 249 7 2
-58 249 9 3
-58 249 8 2
-58 249 7 2
-59 249 9 1
-59 249 8 1
-59 249 7 1
-51 244 9 0
-51 244 8 0
-53 249 8 0
-77 226 7 0
-63 209 9 0
-63 209 8 0
-63 206 9 0
-62 206 10 0
-63 206 8 0
-52 225 7 1
-52 225 8 1
-52 226 6 1
-51 224 6 1
-51 224 7 2
-51 224 8 1
-51 225 6 1
-76 227 9 0
-53 204 7 0
-53 203 7 0
-53 204 8 0
-52 204 7 0
-52 204 8 0
-53 205 9 0
-53 205 6 1
-54 204 5 1
-54 205 5 1
-54 206 5 1
-53 204 5 1
-53 205 5 1
-53 206 5 1
-52 205 5 1
-52 206 5 1
-52 245 10 0
-51 244 10 0
-56 213 9 0
-57 214 8 0
-57 214 10 0
-57 214 9 0
-87 234 4 1
-87 235 4 1
-56 215 9 0
-75 219 7 1
-85 236 7 0
-85 236 8 0
-86 236 7 0
-86 237 7 0
-86 236 8 0
-86 237 8 0
-96 232 8 0
-96 232 7 0
-97 233 8 0
-97 233 7 0
-98 233 7 0
-98 234 7 0
-99 232 8 0
-100 233 8 0
-99 232 7 0
-100 233 7 0
-98 232 6 0
-94 220 11 0
-94 220 9 0
-95 221 10 0
-95 221 11 0
-95 221 9 0
-96 210 12 0
-96 211 12 0
-96 211 9 0
-98 208 10 0
-98 209 10 0
-98 209 11 0
-100 240 5 0
-100 241 5 0
-100 242 4 0
-100 242 5 0
-100 243 4 0
-100 243 5 0
-100 244 4 0
-100 244 5 0
-100 245 4 0
-100 245 5 0
-64 203 8 0
-65 203 9 0
-62 206 6 0
-62 206 7 0
-61 205 8 0
-63 205 9 0
-63 205 8 0
-64 206 9 0
-95 232 10 0
-97 232 12 0
-97 232 9 0
-95 233 10 0
-96 236 13 1
-95 235 13 1
-95 236 13 1
-94 234 13 1
-94 235 13 1
-94 236 13 1
-97 233 12 0
-65 200 10 0
-67 200 10 0
-65 202 10 0
-64 202 6 0
-64 202 7 0
-64 202 10 0
-63 200 8 0
-64 200 9 0
-64 200 8 0
-63 216 5 1
-63 216 6 1
-63 216 7 1
-66 214 5 1
-66 215 5 1
-66 216 5 1
-65 214 7 1
-98 225 8 0
-96 224 7 0
-96 224 8 0
-97 223 7 0
-98 221 6 0
-95 211 9 0
-94 212 11 0
-94 212 9 0
-95 213 12 0
-95 213 9 0
-100 221 7 0
-99 221 7 0
-100 221 8 0
-99 223 7 0
-98 212 7 0
-99 210 8 0
-70 213 5 1
-69 213 6 1
-79 223 6 1
-64 211 5 1
-79 224 7 2
-99 205 7 0
-99 205 9 0
-51 245 9 0
-51 246 8 0
-51 245 8 0
-97 248 4 1
-96 246 4 1
-61 205 9 0
-62 204 8 0
-62 207 10 0
-61 210 10 0
-60 209 7 0
-60 209 8 0
-70 201 10 0
-70 201 11 0
-70 201 9 0
-69 202 10 0
-68 201 10 0
-96 240 11 0
-69 202 9 0
-99 240 11 0
-97 236 13 1
-95 238 13 1
-68 201 9 0
-70 203 12 0
-72 201 9 0
-71 200 10 0
-71 200 11 0
-71 200 9 0
-70 200 10 0
-70 203 11 0
-70 200 11 0
-70 200 9 0
-69 201 11 0
-69 200 10 0
-69 200 11 0
-69 200 9 0
-70 201 12 0
-70 201 8 0
-97 219 12 0
-96 216 12 0
-98 217 11 0
-98 216 11 0
-98 216 10 0
-72 203 11 0
-72 203 10 0
-71 203 9 0
-95 239 10 0
-71 203 10 0
-94 238 13 1
-94 238 9 1
-97 239 12 0
-69 204 11 0
-68 203 10 0
-99 218 10 0
-99 218 11 0
-99 219 10 0
-99 219 11 0
-69 215 10 0
-69 216 11 0
-70 217 12 0
-68 215 10 0
-97 218 12 0
-69 216 10 0
-71 215 10 0
-71 215 9 0
-71 214 9 0
-70 214 10 0
-96 227 10 0
-51 240 7 0
-99 220 10 0
-99 220 11 0
-100 224 10 5
-100 224 9 3
-100 224 8 3
-72 204 9 0
-100 223 10 1
-73 218 4 1
-64 211 6 3
-78 223 6 1
-99 217 10 0
-66 203 4 1
-89 238 6 1
-94 212 10 0
-93 212 11 0
-71 205 9 0
-70 205 9 0
-95 217 11 0
-97 221 12 0
-96 215 12 0
-74 226 11 0
-75 228 12 0
-76 227 5 1
-99 222 10 0
-76 228 5 1
-76 229 5 1
-75 227 5 1
-75 228 5 1
-51 211 4 1
-52 210 3 1
-52 211 3 1
-52 212 3 1
-51 212 3 1
-98 235 10 0
-70 206 8 1
-70 207 8 1
-69 207 6 5
-69 218 9 0
-95 249 9 0
-70 218 7 0
-70 218 8 0
-68 207 10 0
-69 207 9 0
-69 208 9 0
-69 207 10 0
-71 207 9 0
-70 208 9 0
-71 207 10 0
-70 208 10 0
-70 209 9 0
-70 209 10 0
-67 209 9 0
-67 209 10 0
-69 210 12 0
-69 210 11 0
-68 209 10 0
-69 209 9 0
-69 208 10 0
-69 209 10 0
-93 245 10 0
-91 244 9 0
-91 242 6 1
-90 241 6 0
-90 241 10 0
-92 241 9 0
-88 239 6 0
-88 239 10 0
-88 238 6 0
-87 236 6 0
-85 238 8 0
-96 242 10 0
-86 236 10 0
-96 242 11 0
-99 242 11 0
-85 237 9 0
-84 236 9 0
-84 236 8 0
-85 234 6 0
-85 234 10 0
-83 235 9 0
-83 235 8 0
-82 234 9 0
-82 233 5 1
-83 233 5 1
-84 233 5 1
-83 232 10 0
-81 233 9 0
-82 233 9 0
-95 241 10 0
-97 241 12 0
-97 241 8 0
-97 242 7 0
-97 242 8 0
-97 242 6 0
-98 243 7 0
-98 243 6 0
-99 243 7 0
-99 244 7 0
-99 243 8 0
-99 243 6 0
-99 244 6 0
-95 214 10 0
-100 243 8 0
-100 243 6 0
-80 229 6 0
-80 229 7 0
-80 229 10 0
-99 242 9 0
-99 242 5 0
-99 249 8 0
-99 249 6 0
-96 209 9 0
-95 207 11 0
-78 230 8 0
-79 230 9 0
-77 229 8 0
-71 206 7 1
-55 248 4 1
-54 249 5 1
-54 247 9 0
-55 248 9 0
-55 247 8 0
-56 249 9 0
-66 202 8 0
-67 203 7 0
-99 229 8 0
-80 227 6 0
-86 235 10 0
-94 204 10 0
-93 205 9 0
-93 205 11 0
-82 231 6 3
-84 232 10 0
-52 205 7 0
-78 220 6 1
-79 221 8 1
-79 221 7 1
-79 221 6 1
-79 220 8 1
-79 220 7 1
-79 220 6 1
-78 221 7 1
-68 201 4 1
-96 222 10 0
-96 222 11 0
-96 222 9 0
-97 221 10 0
-97 221 11 0
-97 221 9 0
-98 220 10 0
-98 220 11 0
-98 220 9 0
-95 219 11 0
-95 219 9 0
-96 220 12 0
-96 220 8 0
-94 221 10 0
-96 233 8 0
-97 234 8 0
-60 206 9 0
-60 206 10 0
-52 248 4 1
-51 246 4 1
-62 208 8 0
-51 247 4 1
-51 248 4 1
-82 225 10 2
-70 216 8 0
-62 208 10 0
-70 215 8 1
-62 208 9 0
-68 215 5 3
-69 217 7 0
-99 232 12 0
-98 224 12 0
-99 233 12 0
-98 225 12 0
-100 222 10 0
-98 222 12 0
-98 223 12 0
-100 220 10 0
-100 221 10 0
-64 206 7 1
-65 207 7 1
-65 207 8 0
-66 208 7 0
-68 207 7 0
-68 207 8 0
-66 206 9 0
-66 206 6 4
-67 207 5 1
-66 207 5 1
-65 207 5 1
-65 208 7 1
-65 208 8 0
-66 208 8 0
-67 207 7 0
-68 208 7 0
-67 207 8 0
-68 208 8 0
-64 208 7 1
-80 221 7 1
-80 221 6 1
-79 222 7 1
-80 225 7 2
-81 225 8 1
-81 225 7 4
-81 225 6 1
-81 224 8 4
-81 224 7 1
-81 224 6 1
-95 246 9 0
-51 249 7 0
-52 245 4 1
-51 246 5 2
-51 246 10 0
-52 245 7 0
-52 246 7 0
-94 234 8 1
-71 216 4 1
-51 248 7 1
-51 247 7 0
-51 244 7 0
-51 246 7 0
-80 230 8 0
-72 213 4 1
-72 213 5 1
-72 213 6 1
-83 230 8 1
-72 215 4 1
-83 229 8 1
-80 229 5 1
-80 230 5 1
-86 237 4 1
-100 248 7 0
-100 247 6 0
-100 248 6 0
-100 246 7 0
-100 246 8 0
-100 246 6 0
-100 246 5 0
-100 235 9 0
-99 234 11 0
-99 234 9 0
-97 234 11 0
-65 208 6 2
-97 234 9 0
-98 235 12 0
-98 235 8 0
-95 236 9 1
-95 236 10 13
-65 212 7 1
-65 212 5 1
-65 211 5 1
-95 237 9 1
-95 237 10 5
-95 237 11 1
-96 236 11 1
-96 236 9 1
-97 238 10 0
-97 238 9 0
-98 238 10 0
-98 238 11 0
-99 238 9 0
-100 236 10 0
-100 236 11 0
-100 236 9 0
-97 235 9 1
-98 236 12 0
-98 236 8 0
-68 213 5 1
-66 213 7 0
-65 212 8 1
-99 229 7 0
-59 211 10 0
-59 211 8 0
-63 207 8 0
-64 207 9 0
-67 201 5 1
-67 201 9 0
-69 201 8 0
-70 204 6 3
-75 223 10 0
-76 222 5 1
-76 223 5 1
-76 224 5 1
-75 222 5 2
-96 243 10 0
-96 243 9 0
-98 244 10 0
-97 244 10 0
-97 244 11 0
-97 244 9 0
-98 245 10 0
-98 245 11 0
-98 245 9 0
-99 244 10 0
-100 244 10 0
-99 243 10 0
-100 244 11 0
-100 244 9 0
-100 242 11 0
-80 225 6 1
-98 243 12 0
-98 243 8 0
-51 205 7 0
-53 205 7 0
-97 242 11 0
-51 210 9 0
-51 209 7 0
-51 211 10 0
-91 204 11 0
-91 205 11 0
-99 216 10 0
-99 216 11 0
-99 217 11 0
-56 249 8 0
-97 216 12 0
-71 208 5 1
-69 208 8 0
-53 247 5 1
-53 246 5 2
-53 245 5 2
-54 245 5 1
-55 245 5 1
-54 246 6 1
-54 246 10 0
-53 245 7 0
-53 245 9 0
-54 245 7 0
-54 245 9 0
-54 244 8 0
-54 245 8 0
-55 245 9 0
-55 246 7 0
-55 247 7 0
-87 240 9 0
-58 200 7 0
-58 200 9 0
-71 208 6 1
-71 210 7 1
-71 210 6 1
-81 222 7 1
-91 204 10 0
-82 223 8 1
-91 205 10 0
-100 236 7 0
-100 236 8 0
-99 234 6 0
-99 234 5 0
-95 213 7 0
-96 214 8 0
-96 214 7 0
-97 214 8 0
-97 215 8 0
-97 214 7 0
-97 215 7 0
-99 214 8 0
-98 214 8 0
-100 225 11 1
-99 213 7 0
-97 213 6 0
-95 236 7 1
-94 235 6 1
-94 235 7 1
-94 236 6 1
-94 236 7 1
-94 237 6 1
-94 237 7 1
-94 237 8 1
-98 236 7 0
-97 237 7 0
-97 237 8 0
-99 237 7 0
-99 238 7 0
-95 209 11 0
-73 219 8 1
-73 219 7 3
-100 229 10 0
-73 217 7 1
-73 217 8 1
-73 218 6 6
-98 229 12 0
-72 220 9 0
-72 220 10 0
-72 220 5 2
-68 217 5 0
-73 216 4 1
-97 208 10 0
-99 221 8 0
-98 222 7 0
-98 222 8 0
-96 222 7 0
-93 204 12 0
-97 222 8 0
-93 205 12 0
-74 219 4 1
-93 204 8 0
-93 205 8 0
-75 218 5 1
-74 220 5 1
-74 219 5 1
-75 221 5 1
-75 220 5 1
-75 219 5 1
-73 221 6 1
-72 221 6 0
-71 220 6 0
-72 220 6 0
-68 205 7 0
-68 205 8 0
-69 204 7 0
-65 210 7 1
-65 210 8 0
-67 209 7 0
-82 233 8 0
-83 233 9 0
-93 211 10 0
-84 233 8 0
-84 234 8 0
-84 233 9 0
-84 234 7 0
-85 232 8 0
-52 239 4 1
-51 240 9 0
-51 238 8 0
-51 238 7 0
-52 239 8 0
-52 239 7 0
-53 240 8 0
-51 241 7 0
-81 224 10 2
-80 223 10 1
-78 224 6 1
-78 225 7 0
-94 242 8 0
-94 242 9 0
-94 242 7 0
-93 241 7 0
-93 243 10 0
-93 243 5 1
-94 242 4 1
-94 243 4 1
-93 242 4 1
-92 206 11 0
-82 239 10 0
-83 241 11 0
-80 241 9 0
-81 241 9 0
-81 241 11 0
-80 242 10 0
-81 241 10 0
-80 240 9 0
-80 240 11 0
-80 240 10 0
-82 243 5 1
-82 242 5 1
-82 241 5 1
-83 243 5 1
-83 242 5 1
-83 241 5 1
-84 243 5 1
-84 242 5 1
-84 241 5 1
-83 242 6 1
-83 242 12 0
-83 242 11 0
-81 240 9 0
-82 241 9 0
-81 240 11 0
-81 240 10 0
-82 241 10 0
-83 240 9 0
-83 240 11 0
-83 240 10 0
-95 211 11 0
-98 227 4 1
-98 228 4 1
-84 240 9 0
-83 241 9 0
-84 240 11 0
-84 240 10 0
-83 241 10 0
-84 242 11 0
-81 243 9 0
-81 243 11 0
-81 243 10 0
-81 242 9 0
-81 242 11 0
-81 242 10 0
-84 243 8 0
-84 243 12 0
-82 242 9 0
-83 242 9 0
-82 242 11 0
-82 242 10 0
-83 242 10 0
-84 241 9 0
-84 241 11 0
-84 241 10 0
-85 242 9 0
-84 242 9 0
-85 242 11 0
-85 242 10 0
-84 242 10 0
-85 243 9 0
-85 243 11 0
-85 243 10 0
-82 244 9 0
-83 244 9 0
-82 244 11 0
-82 244 10 0
-83 244 10 0
-82 243 9 0
-82 243 11 0
-82 243 10 0
-83 246 5 1
-83 245 5 1
-83 244 5 1
-84 246 5 1
-84 245 5 1
-84 244 5 1
-85 246 5 1
-85 245 5 1
-85 244 5 1
-84 245 6 1
-84 245 12 0
-83 243 9 0
-83 243 11 0
-83 243 10 0
-84 243 9 0
-84 244 9 0
-84 243 11 0
-84 243 10 0
-86 243 9 0
-86 243 11 0
-86 243 10 0
-86 246 11 0
-84 246 11 0
-82 245 9 0
-83 245 9 0
-83 245 11 0
-82 245 10 0
-83 245 10 0
-85 246 8 0
-85 246 9 0
-85 246 12 0
-84 245 9 0
-84 245 11 0
-84 244 10 0
-84 245 10 0
-85 244 9 0
-85 245 9 0
-85 244 11 0
-85 244 10 0
-85 245 10 0
-87 245 9 0
-87 244 10 0
-86 246 9 0
-85 248 9 0
-83 246 9 0
-83 246 11 0
-83 246 10 0
-86 247 8 0
-86 247 9 0
-100 247 8 0
-98 248 9 0
-99 222 11 0
-98 248 11 0
-99 245 12 0
-99 244 8 0
-99 244 9 0
-99 244 12 0
-95 201 9 0
-81 232 8 0
-81 230 10 0
-88 236 9 0
-88 234 9 0
-86 236 6 0
-99 235 7 0
-99 236 7 0
-99 236 8 0
-97 231 7 0
-95 234 11 1
-97 237 12 0
-99 223 11 0
-95 238 12 1
-96 238 12 1
-95 238 11 1
-95 238 10 1
-95 238 9 1
-96 235 12 1
-97 236 12 0
-96 235 11 1
-97 235 8 0
-97 235 12 0
-95 234 9 1
-95 234 13 1
-97 231 12 0
-95 231 10 0
-97 230 12 0
-95 230 10 0
-99 230 11 0
-96 230 11 0
-99 230 10 0
-96 230 10 0
-82 227 6 1
-82 227 7 1
-82 224 9 1
-81 223 9 1
-81 224 9 1
-52 246 9 0
-87 239 9 0
-87 240 8 0
-81 228 9 0
-80 229 9 0
-80 228 9 0
-83 225 9 1
-83 224 10 1
-83 224 11 1
-83 225 10 1
-83 225 11 1
-83 226 11 1
-82 224 11 1
-82 225 11 1
-81 224 11 1
-68 203 4 1
-67 202 5 1
-67 202 9 0
-69 202 8 0
-69 202 7 0
-68 203 8 0
-68 203 7 0
-51 215 9 0
-51 215 8 0
-51 216 9 0
-51 217 9 0
-51 217 10 0
-51 217 8 0
-52 215 9 0
-52 215 10 0
-52 215 8 0
-51 214 9 0
-51 214 10 0
-51 214 8 0
-60 213 10 0
-60 213 8 0
-59 212 9 0
-60 212 9 0
-60 212 10 0
-60 212 8 0
-60 211 9 0
-60 211 10 0
-60 211 8 0
-58 210 9 0
-58 210 10 0
-58 210 8 0
-58 212 11 0
-58 212 7 0
-59 212 10 0
-61 212 9 0
-61 212 8 0
-61 209 9 0
-60 209 10 0
-61 209 8 0
-58 209 9 0
-58 209 10 0
-58 209 8 0
-59 210 10 0
-59 210 8 0
-62 209 9 0
-70 222 4 1
-70 222 5 1
-70 222 6 1
-74 218 4 1
-72 215 5 1
-72 215 6 1
-72 215 7 1
-72 216 5 1
-71 215 5 1
-70 215 5 1
-70 217 6 1
-71 219 5 3
-70 218 6 0
-69 218 6 0
-90 238 7 1
-71 223 7 1
-73 219 5 2
-73 216 6 1
-72 214 7 1
-71 214 5 2
-70 214 5 2
-71 216 5 1
-69 217 6 0
-68 204 9 0
-66 204 10 0
-72 216 8 1
-71 216 6 11
-71 217 5 1
-71 218 5 2
-72 219 5 1
-82 232 7 0
-68 211 9 0
-69 210 8 0
-71 211 5 1
-71 211 6 1
-71 211 7 1
-71 212 5 1
-72 222 6 2
-71 212 6 1
-71 212 7 1
-72 224 7 2
-72 224 8 1
-76 225 6 2
-73 221 7 1000
-75 222 10 0
-76 221 4 1
-76 222 4 1
-78 226 8 0
-76 226 9 0
-76 226 8 0
-77 224 8 0
-76 225 4 1
-59 247 7 1
-59 247 8 1
-59 247 9 1
-59 248 7 1
-69 215 5 4
-58 247 8 2
-68 212 9 0
-59 247 6 1
-59 248 6 1
-58 247 6 1
-57 247 6 1
-58 249 4 1
-57 249 4 1
-67 215 5 1
-69 208 6 4
-70 207 5 1
-70 207 6 5
-70 207 7 1
-70 208 5 1
-70 208 6 4
-70 208 7 1
-69 207 5 1
-69 208 5 1
-67 207 6 0
-67 209 5 1
-79 231 9 0
-75 219 6 1
-74 220 7 7
-72 221 8 0
-72 221 7 0
-72 220 7 0
-71 221 8 0
-71 222 7 0
-71 221 7 0
-69 221 7 0
-84 229 8 0
-82 228 8 0
-81 226 9 0
-83 225 6 1
-83 225 7 1
-83 225 8 1
-64 200 7 0
-82 229 9 0
-64 200 6 0
-92 245 4 1
-87 239 4 1
-87 238 4 1
-88 239 4 1
-81 230 7 0
-81 230 6 1
-81 232 9 0
-80 232 8 0
-96 217 9 0
-96 217 8 0
-71 223 6 1
-67 209 8 0
-71 222 6 1
-71 222 5 1
-76 222 8 5
-76 222 7 2
-77 222 9 1
-77 222 8 1
-77 222 7 4
-77 221 9 1
-77 221 8 5
-77 221 7 4
-77 220 9 1
-77 220 8 1
-77 220 7 1
-74 222 9 0
-74 222 8 0
-73 223 7 2
-73 223 9 0
-73 223 8 1
-83 234 8 0
-83 234 9 0
-83 234 7 0
-84 234 9 0
-75 219 8 1
-75 220 6 1
-75 220 7 9
-75 220 8 10
-75 221 6 1
-75 221 7 4
-75 221 8 5
-74 221 6 1
-74 221 7 2
-74 221 8 1
-72 220 8 0
-73 220 8 0
-73 220 7 1000
-97 249 7 0
-70 222 8 0
-70 222 7 0
-67 218 8 0
-93 241 8 0
-51 247 10 0
-51 247 8 0
-52 248 10 0
-52 248 11 0
-52 248 8 0
-52 248 7 1
-77 226 9 0
-78 225 8 0
-78 225 9 0
-78 224 8 0
-79 224 8 0
-78 224 9 0
-79 224 9 0
-81 223 6 1
-81 223 7 1
-85 234 9 0
-85 235 9 0
-85 232 9 0
-100 247 7 0
-98 248 6 0
-72 221 11 0
-71 220 10 0
-72 220 11 0
-72 219 10 0
-74 220 11 0
-72 223 7 1
-60 206 8 0
-90 241 8 0
-90 242 8 0
-90 242 9 0
-90 241 7 0
-90 242 7 0
-91 242 8 0
-91 241 9 0
-91 242 7 0
-91 240 8 0
-92 240 8 0
-91 240 9 0
-91 240 7 0
-92 240 7 0
-81 223 10 1
-68 204 8 0
-68 204 7 0
-67 205 8 0
-67 205 7 1
-65 204 8 0
-65 204 7 0
-66 203 8 0
-67 204 8 0
-67 204 7 0
-65 203 8 0
-65 203 7 0
-66 203 7 0
-65 202 8 0
-66 202 7 0
-66 202 4 1
-56 249 4 1
-95 249 7 0
-67 218 7 0
-74 224 5 1
-69 218 5 1
-79 223 9 0
-71 219 6 1
-71 218 6 6
-71 217 6 4
-78 225 10 0
-78 225 5 2
-79 224 4 1
-79 225 4 1
-79 226 4 1
-78 226 4 1
-77 226 4 1
-77 225 7 0
-77 227 8 0
-77 227 9 0
-77 227 7 0
-78 227 9 0
-67 202 8 0
-67 200 5 1
-67 200 6 0
-67 200 9 0
-69 200 8 0
-68 201 8 0
-68 201 7 0
-67 201 8 0
-67 202 7 0
-67 201 7 0
-66 201 8 0
-66 201 7 0
-65 200 8 0
-65 200 7 0
-68 200 7 0
-68 200 8 0
-66 209 5 1
-64 206 6 1
-64 206 5 1
-65 206 6 1
-65 205 6 1
-67 206 6 1
-67 205 6 4
-66 207 6 0
-68 207 6 0
-66 208 4 1
-65 210 6 4
-66 210 6 0
-67 209 6 0
-57 249 6 1
-84 230 8 0
-84 230 9 0
-84 228 9 0
-82 230 10 0
-82 230 6 1
-83 229 5 1
-83 230 5 1
-83 231 5 1
-82 231 5 1
-81 231 5 1
-82 232 9 0
-83 233 8 0
-83 232 9 0
-71 210 10 0
-70 210 10 0
-96 235 13 1
-85 231 8 0
-67 210 10 0
-93 246 7 0
-97 240 8 0
-97 240 6 0
-69 212 11 0
-98 242 7 0
-98 241 6 0
-98 242 6 0
-99 242 7 0
-99 242 8 0
-99 242 6 0
-100 241 7 0
-100 242 7 0
-100 241 8 0
-100 241 6 0
-100 242 6 0
-99 240 9 0
-99 240 5 0
-84 231 9 0
-51 221 8 0
-51 221 9 0
-51 221 7 0
-90 244 7 0
-91 245 8 0
-92 247 4 1
-97 249 8 0
-68 202 4 1
-95 249 6 0
-97 220 12 0
-99 221 10 0
-99 221 11 0
-100 226 10 1
-79 235 8 0
-79 235 12 0
-79 235 11 0
-78 234 9 0
-79 235 9 0
-78 234 11 0
-78 234 10 0
-79 233 9 0
-79 234 9 0
-79 234 11 0
-79 235 10 0
-79 236 11 0
-79 236 10 0
-80 235 9 0
-80 236 9 0
-80 235 11 0
-80 235 10 0
-80 236 10 0
-82 236 9 0
-81 236 9 0
-81 236 11 0
-82 236 10 0
-81 236 10 0
-81 238 11 0
-80 239 11 0
-77 240 10 1
-77 240 9 1
-74 228 7 1
-74 228 6 1
-75 228 6 2
-74 227 7 3
-77 229 9 0
-86 238 9 0
-53 249 10 0
-90 240 9 0
-74 225 6 1
-52 211 7 0
-82 222 8 1
-53 211 7 0
-82 226 7 3
-53 210 8 0
-52 210 9 0
-53 210 7 0
-51 210 8 0
-98 229 7 0
-51 209 8 0
-97 229 7 0
-71 221 6 0
-51 210 7 0
-53 246 4 1
-73 222 6 1
-73 222 5 5
-54 245 4 1
-73 223 5 1
-72 222 5 1
-72 223 5 1
-69 217 10 0
-77 220 5 1
-77 221 5 1
-76 220 5 1
-76 221 5 1
-51 210 3 1
-51 211 3 1
-70 215 10 0
-74 217 5 1
-74 217 6 1
-70 215 9 0
-74 218 5 1
-73 217 5 1
-73 218 5 1
-72 217 5 2
-72 218 5 1
-52 210 7 0
-52 210 8 0
-54 210 7 0
-54 210 8 0
-52 209 7 0
-98 226 10 0
-53 208 7 0
-52 209 8 0
-53 208 8 0
-52 208 7 0
-52 208 8 0
-52 210 5 1
-53 209 4 1
-53 210 4 1
-53 211 4 1
-52 209 4 1
-52 210 4 1
-56 247 9 0
-64 214 7 1
-57 247 7 0
-64 215 7 1
-94 212 8 0
-52 249 5 1
-93 216 11 0
-93 217 10 0
-93 217 11 0
-98 212 11 0
-95 217 12 0
-95 217 8 0
-93 218 10 0
-93 218 11 0
-93 219 10 0
-95 218 12 0
-95 219 12 0
-51 249 5 2
-95 218 8 0
-95 219 8 0
-93 220 10 0
-93 221 10 0
-95 220 12 0
-95 221 12 0
-95 220 8 0
-95 221 8 0
-94 222 11 0
-94 223 11 0
-93 222 10 0
-93 223 10 0
-95 222 12 0
-95 223 12 0
-95 222 8 0
-95 223 8 0
-94 224 10 0
-94 224 11 0
-94 225 10 0
-94 225 11 0
-51 248 5 2
-96 225 12 0
-94 226 10 0
-56 204 8 0
-55 203 7 0
-55 203 8 0
-54 203 7 0
-88 249 10 0
-71 213 10 0
-71 213 9 0
-70 211 10 0
-71 211 10 0
-70 211 9 0
-71 211 9 0
-69 211 10 0
-69 210 10 0
-69 211 9 0
-69 210 9 0
-89 249 10 0
-88 249 11 0
-88 249 9 0
-87 249 10 0
-87 248 10 0
-87 248 11 0
-87 248 9 0
-86 249 10 0
-68 200 10 0
-91 237 7 1
-62 200 8 0
-78 225 6 0
-87 237 8 0
-87 238 8 0
-88 237 7 0
-88 238 7 0
-88 237 8 0
-88 236 7 0
-89 236 7 0
-88 236 8 0
-89 236 8 0
-87 236 9 0
-95 227 10 0
-69 214 9 0
-70 215 12 0
-51 243 5 1
-51 242 5 1
-51 241 5 1
-98 241 8 0
-98 241 12 0
-100 241 10 0
-59 248 8 1
-59 248 9 1
-59 248 10 1
-59 249 10 1
-58 248 8 2
-58 248 9 1
-58 248 10 1
-58 249 10 1
-57 248 8 1
-52 243 5 1
-57 248 9 1
-57 248 10 1
-57 249 10 1
-52 242 5 1
-52 241 5 1
-53 243 5 1
-53 242 5 1
-94 221 11 0
-94 221 9 0
-95 222 10 0
-95 222 11 0
-95 222 9 0
-52 243 8 0
-51 243 7 0
-53 243 7 0
-73 222 4 1
-74 222 4 1
-90 240 7 0
-90 239 8 0
-91 239 8 0
-97 231 10 0
-96 231 10 0
-78 220 9 1
-78 221 8 1
-71 222 4 1
-70 221 5 1
-78 221 9 1
-64 207 8 0
-68 217 6 0
-70 212 6 3
-69 212 4 1
-69 212 6 7
-99 243 5 0
-68 212 6 3
-67 214 6 1
-99 243 9 0
-100 244 7 0
-99 245 6 0
-99 245 7 0
-65 215 4 1
-97 248 3 1
-96 231 11 0
-96 248 3 1
-96 249 3 1
-96 231 9 0
-97 231 11 0
-97 231 9 0
-98 230 10 0
-99 231 10 0
-99 223 8 1
-100 225 10 11
-67 212 3 1
-67 214 3 1
-66 212 3 1
-66 213 3 1
-66 214 3 1
-64 210 7 1
-100 225 9 4
-100 225 8 4
-68 214 10 0
-72 214 10 0
-72 214 9 0
-71 212 10 0
-71 212 9 0
-70 212 10 0
-70 212 9 0
-69 213 10 0
-68 212 10 0
-69 213 9 0
-70 214 11 0
-70 214 12 0
-97 224 8 0
-63 215 7 1
-64 200 10 0
-65 200 11 0
-60 209 11 0
-59 208 9 0
-97 215 12 0
-97 235 7 0
-99 235 6 0
-100 235 6 0
-96 247 4 1
-93 243 4 1
-64 202 9 0
-64 201 8 0
-64 202 8 0
-51 246 9 0
-51 216 10 0
-70 215 6 5
-72 214 4 1
-60 207 8 0
-69 214 6 1
-69 215 6 0
-67 216 6 0
-68 206 6 0
-80 225 4 1
-79 226 5 1
-60 207 10 0
-78 220 7 1
-68 216 6 0
-68 216 5 0
-70 217 5 1
-91 238 9 0
-60 207 9 0
-91 238 8 0
-64 211 7 1
-54 213 10 0
-68 215 6 0
-67 217 6 0
-72 214 6 1
-72 214 5 1
-73 216 5 1
-69 219 5 0
-86 230 7 1
-88 236 4 1
-88 235 4 1
-67 212 10 0
-69 212 10 0
-68 213 10 0
-98 248 7 0
-98 248 8 0
-99 249 3 1
-51 235 7 0
-51 235 9 0
-51 235 8 0
-52 236 8 0
-51 237 9 0
-98 249 3 1
-97 249 3 1
-98 247 7 0
-98 247 8 0
-97 249 4 1
-98 248 3 1
-68 215 9 0
-67 216 8 0
-67 216 7 0
-66 215 8 0
-66 215 7 1
-68 213 7 1000
-66 214 7 0
-63 214 5 1
-64 214 5 1
-63 214 8 1
-63 214 7 1
-63 214 6 1
-67 212 5 1
-67 212 6 1
-67 212 9 0
-69 212 8 0
-69 212 7 1
-69 213 8 0
-69 213 7 1
-67 214 8 0
-67 213 8 0
-67 214 7 1
-68 206 5 1
-69 205 7 1
-51 237 4 1
-51 237 7 0
-51 237 8 0
-66 205 10 0
-100 230 10 0
-100 230 11 0
-100 231 11 0
-98 230 12 0
-51 225 7 1
-51 226 7 0
-51 226 8 0
-79 228 6 0
-79 228 10 0
-79 230 8 0
-100 232 11 0
-76 226 6 1
-77 226 6 1
-77 225 6 1
-76 225 10 0
-76 227 8 0
-73 228 8 1
-73 228 7 1
-73 228 6 1
-74 228 8 1
-59 214 8 0
-60 213 9 0
-59 211 9 0
-85 232 4 1
-85 233 4 1
-58 211 9 0
-58 211 10 0
-99 234 12 0
-91 237 6 1
-99 235 12 0
-53 215 11 0
-53 213 8 0
-53 213 10 0
-53 213 9 0
-54 213 8 0
-64 205 6 0
-54 213 9 0
-54 214 9 0
-55 215 8 0
-55 215 10 0
-55 215 9 0
-54 216 8 0
-54 216 10 0
-54 216 9 0
-53 217 8 0
-53 217 9 0
-52 215 7 0
-52 215 11 0
-52 213 8 0
-52 213 10 0
-52 213 9 0
-53 214 8 0
-53 214 10 0
-53 214 9 0
-99 236 12 0
-54 215 10 0
-99 237 12 0
-53 216 8 0
-69 221 6 0
-83 233 7 0
-81 239 9 0
-80 239 9 0
-82 240 11 0
-82 240 12 0
-82 240 9 0
-82 240 8 0
-97 221 7 0
-71 210 5 1
-53 211 9 0
-53 211 8 0
-52 212 8 0
-51 212 7 0
-99 238 12 0
-52 204 5 1
-51 204 5 1
-51 204 6 1
-51 204 7 1
-51 205 5 1
-77 224 4 1
-95 228 10 0
-95 228 11 0
-95 228 9 0
-78 223 4 1
-77 224 5 1
-77 224 10 0
-53 207 8 0
-53 207 9 0
-53 207 6 0
-53 207 5 0
-53 207 7 0
-80 221 8 1
-91 242 10 0
-68 214 8 0
-68 215 7 0
-66 214 8 0
-62 207 11 0
-62 205 8 0
-62 205 9 0
-62 206 8 0
-62 206 9 0
-93 247 4 1
-93 246 4 1
-94 247 4 1
-74 223 9 1
-51 236 7 0
-51 236 9 0
-51 236 8 0
-52 237 7 0
-52 237 9 0
-52 237 8 0
-51 239 9 0
-96 205 7 0
-96 206 8 0
-95 207 8 0
-96 206 7 0
-95 207 7 0
-97 206 8 0
-97 207 8 0
-98 206 8 0
-98 207 8 0
-98 207 9 0
-51 213 5 1
-51 212 5 1
-52 214 5 1
-52 213 5 1
-52 212 5 1
-51 213 6 1
-98 207 7 0
-99 205 8 0
-51 241 8 0
-51 239 7 0
-51 211 7 0
-51 211 9 0
-51 211 8 0
-52 212 9 0
-79 239 10 0
-79 239 11 0
-79 239 9 0
-79 240 10 0
-82 237 10 0
-82 237 11 0
-82 237 9 0
-81 238 10 0
-81 237 10 0
-81 237 11 0
-81 238 9 0
-81 237 9 0
-80 238 10 0
-79 237 10 0
-80 237 11 0
-80 238 9 0
-80 237 9 0
-81 239 12 0
-81 239 8 0
-95 226 9 0
-98 226 11 0
-98 226 9 0
-100 223 8 1
-100 223 9 1
-69 205 6 1
-69 206 6 1
-99 216 8 0
-98 215 8 0
-98 216 7 0
-99 216 7 0
-98 215 7 0
-97 215 6 0
-92 248 8 0
-94 247 6 0
-96 218 7 0
-97 218 8 0
-97 218 7 0
-98 217 8 0
-99 218 8 0
-99 217 8 0
-98 217 7 0
-99 218 7 0
-97 216 6 0
-97 219 8 0
-97 219 7 0
-97 220 8 0
-97 220 7 0
-96 220 7 0
-98 221 8 0
-98 220 7 0
-98 221 7 0
-99 220 8 0
-99 220 7 0
-100 219 8 0
-100 219 7 0
-98 219 6 0
-94 222 10 0
-94 222 9 0
-95 223 11 0
-95 223 9 0
-96 224 10 0
-96 224 11 0
-96 224 9 0
-97 223 10 0
-98 223 11 0
-98 223 9 0
-98 222 10 0
-98 222 11 0
-96 222 12 0
-96 222 8 0
-96 219 7 0
-98 219 8 0
-98 220 8 0
-98 218 8 0
-98 219 7 0
-99 219 8 0
-98 218 7 0
-99 219 7 0
-100 218 8 0
-100 218 7 0
-98 218 6 0
-94 223 10 0
-95 224 10 0
-95 224 11 0
-95 224 9 0
-96 225 10 0
-96 225 11 0
-96 225 9 0
-98 224 10 0
-98 224 11 0
-98 224 9 0
-96 223 12 0
-96 223 8 0
-95 225 10 0
-95 225 11 0
-95 225 9 0
-97 224 10 0
-97 225 10 0
-97 225 11 0
-97 225 9 0
-98 225 10 0
-98 225 11 0
-98 225 9 0
-99 223 10 0
-97 222 9 0
-97 223 11 0
-97 223 12 0
-97 223 9 0
-97 223 8 0
-83 232 8 0
-83 231 9 0
-68 200 4 1
-73 223 4 1
-75 224 5 1
-75 223 5 1
-69 212 5 1
-68 213 6 5
-68 213 9 0
-68 213 8 0
-70 213 7 1
-74 219 9 1
-77 223 9 0
-52 205 8 0
-54 205 7 0
-55 205 7 0
-54 205 8 0
-55 205 8 0
-56 205 6 1
-57 204 5 1
-57 204 6 1
-57 204 7 1
-57 205 5 1
-57 205 6 1
-57 205 7 2
-57 206 5 1
-57 206 6 1
-57 206 7 1
-56 204 5 1
-56 205 5 1
-56 206 5 1
-56 206 6 1
-55 204 7 0
-55 204 8 0
-100 224 11 1
-78 233 10 0
-78 232 10 0
-78 232 11 0
-78 233 9 0
-78 232 9 0
-77 232 10 0
-77 232 11 0
-77 232 9 0
-78 234 12 0
-78 234 8 0
-98 215 11 0
-98 215 10 0
-96 214 9 0
-96 214 12 0
-98 214 10 0
-95 214 12 0
-97 214 11 0
-93 214 10 0
-53 240 7 0
-53 243 8 0
-95 203 12 0
-93 209 11 0
-93 209 9 0
-94 210 10 0
-51 247 6 1
-52 246 6 0
-51 245 6 0
-96 209 11 0
-80 231 8 0
-96 208 10 0
-94 209 12 0
-94 218 10 0
-94 218 11 0
-94 218 9 0
-96 218 10 0
-51 208 7 0
-51 208 8 0
-53 209 7 0
-53 209 8 0
-54 208 7 0
-54 208 8 0
-54 207 7 0
-54 207 8 0
-52 207 7 0
-51 244 6 0
-52 207 8 0
-51 207 7 0
-51 207 8 0
-52 208 9 0
-52 208 6 0
-52 208 5 0
-97 210 9 0
-95 210 9 0
-95 210 8 0
-94 213 11 0
-93 213 9 0
-95 213 10 0
-80 231 9 0
-95 213 11 0
-95 214 9 0
-96 213 10 0
-96 213 11 0
-96 213 9 0
-97 212 10 0
-97 212 11 0
-95 212 12 0
-95 212 8 0
-58 247 9 1
-58 247 7 1
-72 217 6 5
-71 218 8 1
-69 216 9 0
-71 216 7 2
-80 229 8 0
-79 227 9 0
-72 224 6 1
-72 223 6 1
-73 222 7 1
-95 203 10 0
-79 231 8 0
-79 227 8 0
-97 220 9 0
-98 219 10 0
-98 219 11 0
-98 219 9 0
-96 219 12 0
-96 219 8 0
-95 223 10 0
-87 238 6 0
-80 223 8 1
-80 224 6 1
-98 223 10 0
-98 221 10 0
-79 222 6 1
-65 212 6 3
-72 218 4 1
-69 219 6 0
-65 211 9 1
-65 212 9 1
-65 213 9 1
-64 211 8 2
-64 211 9 1
-64 212 8 1
-64 212 9 1
-64 213 9 1
-68 211 6 1
-70 209 5 1
-70 209 6 7
-70 209 7 1
-69 209 5 1
-69 209 6 6
-69 209 7 1
-68 209 5 1
-66 211 6 0
-65 210 5 1
-66 209 4 1
-65 209 4 1
-65 209 5 2
-65 209 6 5
-65 210 4 1
-64 209 4 1
-64 209 5 1
-64 209 6 1
-64 210 4 1
-64 210 5 1
-64 210 6 1
-64 211 4 1
-67 212 4 1
-98 245 7 0
-97 245 7 0
-98 245 6 0
-97 245 6 0
-98 246 7 0
-98 246 6 0
-99 246 7 0
-99 247 7 0
-99 246 6 0
-100 245 7 0
-100 245 6 0
-70 214 6 11
-70 213 6 7
-71 215 8 1
-99 245 8 0
-99 245 5 0
-67 217 8 0
-67 217 7 0
-67 216 4 1
-68 216 4 1
-69 216 4 1
-56 249 5 1
-57 248 4 1
-56 248 4 1
-69 216 8 0
-70 216 7 1
-69 216 7 0
-68 217 8 0
-68 217 7 0
-99 247 6 0
-70 220 10 0
-70 220 11 0
-70 220 9 0
-70 221 11 0
-73 220 10 0
-73 220 11 0
-73 218 10 0
-73 219 11 0
-72 218 10 0
-72 218 11 0
-72 218 9 0
-71 219 10 0
-70 218 10 0
-70 219 11 0
-72 220 12 0
-55 247 9 0
-55 247 10 0
-55 247 6 1
-56 246 5 1
-56 247 5 1
-56 248 5 1
-55 246 5 1
-55 247 5 1
-55 248 5 1
-54 246 5 1
-54 247 5 1
-54 248 5 1
-84 229 9 0
-86 228 6 1
-86 228 7 1
-86 228 8 1
-86 229 6 1
-86 229 7 1
-86 229 8 1
-86 230 6 1
-83 231 10 0
-54 202 7 0
-54 203 8 0
-54 202 8 0
-53 203 8 0
-54 204 8 0
-54 204 9 0
-54 204 6 1
-55 203 5 1
-55 204 5 1
-55 205 5 1
-54 203 5 1
-53 203 5 1
-54 204 7 0
-69 218 10 0
-69 218 11 0
-70 219 10 0
-73 218 11 0
-72 217 10 0
-72 217 11 0
-72 217 9 0
-71 217 10 0
-71 216 10 0
-71 217 11 0
-71 217 9 0
-71 216 9 0
-70 217 10 0
-70 217 11 0
-70 217 9 0
-71 218 11 0
-71 218 12 0
-71 218 9 0
-71 218 10 0
-95 210 12 0
-97 226 4 1
-97 227 4 1
-97 228 4 1
-95 213 8 0
-95 210 7 0
-96 211 8 0
-96 212 8 0
-96 211 7 0
-96 212 7 0
-97 212 8 0
-97 212 7 0
-98 211 8 0
-98 212 8 0
-100 228 8 0
-100 228 7 0
-100 227 7 0
-98 228 6 0
-99 210 9 0
-99 210 7 0
-98 209 9 0
-97 210 6 0
-73 223 12 0
-73 223 10 0
-91 243 10 0
-92 244 4 1
-91 244 4 1
-90 244 4 1
-93 246 9 0
-92 244 7 0
-95 244 7 0
-52 247 8 0
-53 246 9 0
-95 244 8 0
-95 244 9 0
-53 248 10 0
-53 248 8 0
-51 247 11 0
-52 249 10 0
-52 249 8 0
-83 228 9 0
-96 249 9 0
-56 200 9 0
-56 200 10 0
-56 200 6 0
-93 243 9 0
-93 243 8 0
-93 244 7 0
-77 220 6 1
-78 221 6 1
-78 220 8 1
-66 204 5 1
-82 232 5 1
-83 232 5 1
-80 226 4 1
-80 227 4 1
-79 227 4 1
-78 227 4 1
-82 229 6 2
-83 230 6 2
-83 229 7 1
-83 229 6 1
-83 230 7 1
-84 230 7 0
-85 230 7 1
-85 230 9 0
-85 230 8 0
-86 232 7 0
-86 232 9 0
-86 232 8 0
-85 233 7 0
-85 233 9 0
-85 233 8 0
-71 220 11 0
-94 237 9 1
-72 221 12 0
-94 237 10 1
-94 237 11 1
-96 237 13 1
-95 237 12 3
-95 237 13 1
-94 237 12 1
-94 237 13 1
-93 233 9 1
-93 233 10 1
-93 233 11 1
-93 234 9 1
-93 234 10 1
-93 234 11 1
-93 235 9 1
-93 235 10 1
-93 235 11 1
-97 234 12 0
-96 236 12 5
-97 237 13 1
-96 237 12 2
-77 234 10 0
-76 234 10 0
-77 234 11 0
-77 234 9 0
-77 235 11 0
-78 236 10 0
-78 236 11 0
-78 236 9 0
-80 234 10 0
-80 234 11 0
-80 234 9 0
-80 232 10 0
-80 232 11 0
-91 243 5 1
-64 204 7 0
-66 205 7 1
-65 206 7 1
-66 205 8 0
-65 206 8 0
-66 206 7 0
-66 206 8 0
-68 206 7 0
-68 206 8 0
-66 204 9 0
-82 229 7 1
-82 230 7 1
-68 208 9 0
-68 208 5 1
-85 231 4 1
-84 231 4 1
-84 232 4 1
-60 210 8 0
-59 210 9 0
-59 209 9 0
-94 246 7 0
-94 244 7 0
-94 243 8 0
-94 243 9 0
-94 243 7 0
-92 244 9 0
-92 244 10 0
-92 244 5 1
-69 206 5 1
-69 219 7 0
-69 219 8 0
-70 219 7 0
-71 217 7 1
-71 217 8 1
-69 217 9 0
-69 217 5 4
-96 232 10 0
-96 232 11 0
-96 232 9 0
-98 232 10 0
-98 233 10 0
-98 232 11 0
-98 233 9 0
-98 231 10 0
-99 232 10 0
-99 232 11 0
-99 232 9 0
-68 213 3 1
-68 212 3 1
-68 210 5 1
-69 210 6 11
-69 210 5 1
-70 210 7 1
-70 210 6 2
-66 216 4 1
-68 209 9 0
-87 241 8 0
-89 239 6 0
-68 210 6 1
-97 232 10 0
-97 233 10 0
-96 234 10 0
-96 233 11 0
-96 233 9 0
-98 234 10 0
-98 234 11 0
-98 234 9 0
-99 234 10 0
-99 233 11 0
-99 233 9 0
-100 232 10 0
-100 232 9 0
-98 230 11 0
-98 230 9 0
-98 232 12 0
-98 232 9 0
-98 232 8 0
-95 247 6 0
-70 210 8 1
-70 211 8 1
-68 212 4 1
-89 240 10 0
-89 240 6 0
-96 233 10 0
-97 234 10 0
-96 235 10 1
-97 235 11 0
-96 235 9 1
-68 210 9 0
-98 235 11 0
-98 235 9 0
-99 235 10 0
-99 235 11 0
-99 235 9 0
-99 233 10 0
-100 233 10 0
-100 233 11 0
-99 215 7 0
-99 212 8 0
-99 212 7 0
-85 229 8 1
-85 229 7 4
-100 246 4 0
-100 247 4 0
-100 247 5 0
-99 231 12 0
-86 248 10 0
-85 247 10 0
-85 247 11 0
-85 247 9 0
-87 249 11 0
-87 249 12 0
-87 249 9 0
-87 249 8 0
-84 247 10 0
-84 247 11 0
-84 247 9 0
-85 248 10 0
-84 249 10 0
-85 248 11 0
-84 249 9 0
-87 246 10 0
-86 247 10 0
-87 246 11 0
-87 246 9 0
-86 246 10 0
-86 245 10 0
-86 245 11 0
-86 245 9 0
-85 246 10 0
-84 246 10 0
-85 246 11 0
-84 246 9 0
-86 247 11 0
-86 247 12 0
-79 236 9 0
-80 237 12 0
-80 237 8 0
-80 237 10 0
-65 214 4 1
-64 214 6 1
-64 215 5 1
-78 222 7 4
-78 222 6 1
-79 222 8 1
-89 242 8 0
-89 242 9 0
-89 242 7 0
-89 243 8 0
-89 243 9 0
-89 243 7 0
-91 243 8 0
-91 244 8 0
-70 219 4 1
-97 210 10 0
-96 212 9 0
-96 211 11 0
-96 212 10 0
-95 212 9 0
-96 217 12 0
-96 217 11 0
-96 215 11 0
-95 212 10 0
-98 217 10 0
-97 218 9 0
-97 218 11 0
-97 218 10 0
-96 219 9 0
-96 219 11 0
-96 219 10 0
-93 212 9 0
-93 211 11 0
-93 212 10 0
-94 209 8 0
-90 242 4 1
-71 223 5 1
-67 203 9 0
-69 203 7 0
-70 204 7 2
-71 204 8 1
-88 240 8 0
-72 222 8 1
-92 206 10 0
-79 226 10 0
-65 201 7 0
-65 201 8 0
-65 202 7 0
-86 233 9 0
-93 205 10 0
-92 204 9 0
-92 204 11 0
-92 204 10 0
-91 203 10 0
-93 202 8 0
-93 202 12 0
-91 201 9 0
-90 238 4 1
-54 249 10 0
-54 249 9 0
-86 238 8 0
-87 239 8 0
-87 239 7 0
-88 239 8 0
-70 215 7 1
-88 238 8 0
-69 213 4 1
-69 214 4 1
-69 215 4 1
-70 204 8 1
-68 214 4 1
-68 215 4 1
-67 213 4 2
-67 214 4 1
-67 215 4 1
-80 226 8 0
-56 216 9 0
-67 203 8 0
-68 202 8 0
-57 215 9 0
-57 215 10 0
-57 215 8 0
-58 214 9 0
-58 214 8 0
-57 212 9 0
-57 213 10 0
-57 212 8 0
-56 212 9 0
-56 212 10 0
-56 212 8 0
-56 214 11 0
-58 214 10 0
-57 213 9 0
-58 212 9 0
-57 212 10 0
-58 212 8 0
-58 215 10 0
-58 213 9 0
-59 213 9 0
-59 213 10 0
-59 213 8 0
-58 212 10 0
-57 211 9 0
-57 211 10 0
-57 211 8 0
-57 213 11 0
-57 213 8 0
-57 213 7 0
-59 214 9 0
-67 212 8 0
-67 213 7 0
-66 212 7 0
-66 211 8 0
-66 200 5 1
-65 200 5 1
-66 207 8 0
-66 207 7 0
-64 205 7 0
-65 205 5 1
-65 204 5 1
-65 203 5 1
-66 204 6 4
-77 226 8 0
-73 223 6 1
-74 221 4 1
-57 249 9 1
-57 249 8 2
-72 222 4 1
-74 220 4 1
-73 221 5 3
-73 221 10 0
-73 221 9 0
-73 219 9 1
-74 218 6 2
-75 218 6 1
-74 219 7 8
-74 220 9 1
-74 218 9 1
-74 218 7 2
-75 219 9 1
-74 219 8 5
-74 221 9 0
-76 222 9 1
-62 209 8 0
-69 218 7 0
-69 217 8 0
-69 218 8 0
-70 217 7 1
-70 217 8 0
-88 237 4 1
-87 237 4 1
-100 235 11 0
-100 235 10 0
-99 237 9 0
-99 237 11 0
-83 230 9 0
-98 237 9 0
-81 230 9 0
-81 231 8 0
-80 230 9 0
-97 237 11 0
-97 237 10 0
-95 245 8 0
-96 245 9 0
-93 245 9 0
-97 236 10 0
-93 245 7 0
-95 246 10 0
-95 246 5 1
-96 245 4 1
-95 245 4 1
-94 236 8 1
-94 235 8 1
-53 246 8 0
-77 224 7 0
-98 234 8 0
-95 234 10 2
-98 233 8 0
-98 233 12 0
-55 249 8 0
-83 226 8 1
-83 227 6 1
-83 227 7 3
-98 233 11 0
-97 232 11 0
-98 231 8 0
-98 231 9 0
-98 231 12 0
-98 231 11 0
-98 229 9 0
-100 231 10 0
-63 202 10 0
-63 201 10 0
-63 201 9 0
-63 202 9 0
-63 201 8 0
-63 202 8 0
-64 201 9 0
-65 201 9 0
-66 203 9 0
-65 204 9 0
-96 245 7 0
-96 247 10 0
-96 247 5 1
-74 227 6 1
-97 247 4 1
-73 227 6 1
-73 227 7 1
-73 227 8 1
-72 227 6 1
-72 227 7 1
-72 227 8 1
-75 226 9 0
-91 200 11 0
-92 201 10 0
-92 201 11 0
-92 201 9 0
-93 202 10 0
-93 202 11 0
-93 202 9 0
-94 201 10 0
-94 201 11 0
-94 201 9 0
-95 200 10 0
-95 200 11 0
-95 200 9 0
-93 200 12 0
-93 200 8 0
-95 214 8 0
-95 214 7 0
-96 215 8 0
-96 215 7 0
-97 216 8 0
-97 216 7 0
-99 215 8 0
-98 214 7 0
-91 201 10 0
-91 201 11 0
-72 215 8 1
-92 202 10 0
-92 202 11 0
-92 202 9 0
-93 203 10 0
-93 203 11 0
-93 203 9 0
-94 202 10 0
-95 202 10 0
-94 202 11 0
-95 202 9 0
-95 201 10 0
-95 201 11 0
-65 216 4 1
-66 213 8 0
-63 202 7 0
-64 201 7 0
-68 214 3 1
-65 202 6 0
-73 225 7 3
-73 225 8 1
-52 247 4 1
-52 246 4 1
-51 247 5 2
-99 237 10 0
-98 237 11 0
-98 237 10 0
-97 237 9 1
-67 215 6 0
-65 215 5 2
-68 207 4 3
-69 206 3 1
-69 207 3 1
-69 208 3 1
-67 208 3 1
-99 224 8 1
-99 225 9 2
-96 226 10 0
-96 226 11 0
-54 246 7 0
-55 244 7 0
-55 244 8 0
-53 244 8 0
-52 244 7 0
-52 244 8 0
-54 246 4 1
-53 245 4 1
-96 228 8 0
-96 228 7 0
-54 201 8 0
-98 230 8 0
-57 202 8 0
-98 230 7 0
-71 219 9 0
-100 229 8 0
-96 229 7 0
-56 200 7 0
-82 226 8 1
-55 200 8 0
-82 222 9 1
-54 200 7 0
-55 201 9 0
-55 201 10 0
-55 201 6 0
-75 222 7 1
-73 220 6 1
-74 221 5 1
-75 220 4 1
-86 239 9 0
-54 200 9 0
-56 201 9 0
-57 201 9 0
-58 200 8 0
-87 238 10 0
-88 238 10 0
-88 238 9 0
-89 237 7 1
-93 244 10 0
-93 244 6 0
-63 210 5 1
-63 210 6 1
-63 210 7 1
-64 210 9 1
-63 210 8 1
-63 210 9 1
-63 211 9 1
-63 212 9 1
-65 211 6 4
-51 218 8 0
-51 218 9 0
-51 218 7 0
-51 216 7 0
-65 208 4 1
-65 208 5 1
-68 219 6 0
-64 208 4 1
-64 208 5 1
-64 208 6 1
-100 234 10 0
-100 234 11 0
-100 234 9 0
-97 233 11 0
-97 233 9 0
-98 234 12 0
-77 223 4 1
-51 248 8 0
-95 235 10 23
-94 236 9 1
-94 236 10 1
-94 236 11 1
-95 235 11 1
-95 234 12 1
-95 235 12 9
-95 236 12 6
-94 234 12 1
-94 235 12 1
-94 236 12 1
-95 235 9 1
-95 234 8 1
-95 235 8 1
-95 236 8 1
-69 216 5 7
-70 215 4 1
-70 216 4 1
-70 217 4 1
-69 217 4 1
-68 218 4 1
-71 218 7 4
-54 214 7 0
-54 214 8 0
-54 214 11 0
-72 217 8 1
-90 244 9 0
-90 244 8 0
-92 246 4 1
-90 243 9 0
-90 243 8 0
-90 243 4 1
-68 211 4 1
-69 211 4 1
-69 210 4 1
-66 211 5 1
-70 210 5 1
-63 214 4 1
-63 213 4 1
-63 212 4 1
-64 213 4 1
-64 212 4 1
-96 209 7 0
-65 213 6 1
-96 210 8 0
-96 210 7 0
-97 210 8 0
-97 211 8 0
-97 211 9 0
-97 210 7 0
-97 211 7 0
-98 210 8 0
-98 209 8 0
-98 210 9 0
-98 210 7 0
-99 209 8 0
-99 209 9 0
-98 209 7 0
-91 246 8 0
-91 246 7 0
-92 246 8 0
-92 246 9 0
-92 246 7 0
-93 245 8 0
-94 246 8 0
-94 245 9 0
-94 244 8 0
-94 244 9 0
-94 213 10 0
-93 213 11 0
-94 214 10 0
-94 215 10 0
-94 214 11 0
-100 249 8 0
-100 249 5 0
-95 215 11 0
-69 220 6 0
-96 214 10 0
-96 215 10 0
-96 214 11 0
-96 215 9 0
-97 213 10 0
-97 213 11 0
-97 213 9 0
-96 212 11 0
-100 237 7 0
-100 237 8 0
-99 236 6 0
-99 236 5 0
-82 234 8 0
-83 232 7 0
-95 237 7 1
-94 238 6 1
-94 238 7 1
-94 238 8 1
-98 237 7 0
-68 220 8 0
-70 220 7 0
-70 220 8 0
-71 220 7 0
-99 239 8 0
-99 239 6 0
-100 238 7 0
-100 238 8 0
-100 238 6 0
-84 233 10 0
-84 233 6 0
-83 228 6 1
-83 228 7 1
-83 224 6 1
-83 224 7 1
-83 224 8 1
-80 226 9 0
-80 227 10 0
-80 227 5 1
-81 226 4 1
-81 227 4 1
-81 228 4 1
-80 228 4 1
-79 228 4 1
-79 229 8 0
-79 229 9 0
-81 229 8 0
-81 230 8 0
-81 229 9 0
-82 229 8 1
-97 226 11 0
-97 226 9 0
-99 224 10 1
-99 224 9 1
-97 224 12 0
-97 224 9 0
-92 241 8 0
-93 241 9 0
-90 241 9 0
-92 242 10 0
-92 242 5 1
-93 241 4 1
-70 219 6 0
-71 220 4 1
-70 220 4 1
-69 220 4 1
-93 244 8 0
-93 242 9 0
-58 211 8 0
-56 211 9 0
-72 217 4 1
-72 216 7 1
-72 216 6 1
-73 216 8 1
-73 216 7 1
-89 237 8 1
-97 228 9 0
-98 227 11 0
-98 227 9 0
-55 207 7 0
-55 207 8 0
-54 206 7 0
-53 206 8 0
-99 222 7 0
-100 220 8 0
-100 220 7 0
-98 220 6 0
-51 232 8 0
-51 232 7 0
-63 211 7 1
-63 211 8 1
-56 204 7 0
-100 244 8 0
-100 245 8 0
-100 242 8 0
-100 242 9 0
-98 247 6 0
-96 244 9 0
-96 221 7 0
-70 200 8 0
-95 202 12 0
-97 201 10 0
-97 202 11 0
-96 204 12 0
-97 203 11 0
-98 204 10 0
-96 205 12 0
-98 205 10 0
-96 206 12 0
-98 206 10 0
-96 207 12 0
-98 207 10 0
-96 208 12 0
-96 209 12 0
-98 210 11 0
-98 210 10 0
-98 211 11 0
-98 211 10 0
-97 231 8 0
-100 218 10 0
-98 205 9 0
-100 219 10 0
-98 220 12 0
-98 221 12 0
-98 226 12 0
-100 226 11 1
-98 227 12 0
-100 227 11 0
-98 228 12 0
-100 227 10 0
-100 228 11 0
-100 228 10 0
-100 229 11 0
-97 206 10 0
-97 208 11 0
-95 206 12 0
-100 236 12 0
-70 214 4 1
-71 215 4 1
-96 248 10 0
-97 246 12 0
-97 245 8 0
-97 245 12 0
-95 245 10 0
-96 246 11 0
-97 244 8 0
-97 244 12 0
-96 245 11 0
-96 245 10 0
-95 244 10 0
-97 243 8 0
-97 243 12 0
-95 243 10 0
-96 244 11 0
-97 242 9 0
-97 242 12 0
-95 242 10 0
-96 234 13 1
-95 232 11 0
-95 231 11 0
-53 201 8 0
-55 202 9 0
-55 202 6 0
-55 202 5 0
-65 214 5 1
-65 214 6 6
-97 212 9 0
-96 211 10 0
-64 202 5 1
-65 216 5 1
-65 216 6 1
-65 216 7 1
-66 216 6 0
-66 216 7 0
-66 213 6 0
-65 204 6 1
-63 204 7 0
-64 204 6 0
-66 203 6 4
-95 230 11 0
-95 229 11 0
-96 226 8 0
-96 226 12 0
-96 224 12 0
-93 214 11 0
-94 212 12 0
-94 211 8 0
-94 211 12 0
-92 212 11 0
-92 212 10 0
-94 210 8 0
-94 210 12 0
-92 211 11 0
-92 211 10 0
-93 209 8 0
-93 209 12 0
-92 210 11 0
-91 209 10 0
-92 210 10 0
-93 208 8 0
-93 208 12 0
-92 209 11 0
-91 208 10 0
-93 207 8 0
-93 207 12 0
-91 207 10 0
-93 206 8 0
-93 206 12 0
-91 206 11 0
-91 206 10 0
-91 203 11 0
-91 202 11 0
-92 200 8 0
-92 200 12 0
-90 200 10 0
-91 242 5 1
-68 217 4 1
-53 241 5 1
-66 212 8 0
-99 224 7 0
-96 225 8 0
-97 224 7 0
-98 223 6 0
-100 223 7 0
-99 225 6 1
-63 213 5 1
-92 242 8 0
-69 205 8 1
-70 206 7 1
-96 246 10 0
-97 247 10 0
-97 247 11 0
-71 205 6 1
-97 246 8 0
-97 246 9 0
-97 246 7 0
-96 245 8 0
-90 240 4 1
-89 240 4 1
-88 240 4 1
-88 242 8 0
-88 241 9 0
-88 242 7 0
-91 239 4 1
-90 240 5 2
-64 206 8 0
-61 208 7 0
-61 208 11 0
-61 208 10 0
-67 206 9 0
-67 206 4 1
-68 205 3 1
-68 206 3 1
-68 207 3 1
-67 205 3 1
-67 206 3 1
-67 207 3 1
-66 205 3 1
-66 206 3 1
-66 207 3 1
-70 205 6 3
-70 205 7 1
-70 205 8 1
-70 206 6 5
-54 201 7 0
-57 247 9 0
-57 201 8 0
-57 201 7 0
-56 200 8 0
-57 200 8 0
-56 249 10 0
-57 200 7 0
-70 205 5 1
-54 200 8 0
-70 203 6 1
-70 203 8 1
-71 203 5 1
-71 204 5 1
-70 203 5 1
-70 204 5 1
-69 203 5 1
-68 208 6 0
-70 208 8 1
-70 209 8 1
-69 209 8 1
-68 204 6 0
-97 249 9 0
-67 210 9 0
-67 200 4 1
-67 201 4 1
-67 202 4 1
-66 200 4 1
-66 201 4 1
-89 238 4 1
-89 239 4 1
-88 238 4 1
-68 218 8 0
-68 219 7 0
-68 218 7 0
-51 245 7 0
-95 247 9 0
-95 247 8 0
-95 220 10 0
-94 220 10 0
-95 220 11 0
-95 220 9 0
-96 221 10 0
-96 221 11 0
-96 221 9 0
-97 220 10 0
-97 220 11 0
-69 200 7 0
-67 200 8 0
-67 200 7 0
-69 210 7 3
-68 211 8 0
-68 211 7 1
-67 211 8 0
-67 212 7 1
-67 211 7 0
-100 225 6 1
-63 212 5 1
-63 211 5 1
-64 213 5 2
-64 212 5 1
-65 213 5 1
-64 212 6 5
-65 211 8 0
-63 213 8 1
-63 213 7 1
-63 213 6 1
-63 212 8 1
-63 212 7 1
-63 212 6 1
-64 213 8 1
-64 213 7 4
-64 213 6 4
-64 212 7 5
-66 210 8 0
-67 208 5 1
-67 208 6 0
-67 208 9 0
-54 248 9 0
-54 248 10 0
-54 248 8 0
-53 247 9 0
-53 247 10 0
-53 247 8 0
-52 248 9 0
-51 248 9 0
-51 248 10 0
-88 237 9 0
-88 235 9 0
-86 239 7 0
-86 239 8 0
-86 237 9 0
-97 225 7 0
-98 226 8 0
-98 225 7 0
-98 226 7 0
-92 240 4 1
-91 241 5 1
-91 241 10 0
-100 223 6 1
-98 224 6 0
-96 225 7 0
-97 226 7 0
-98 227 8 0
-98 227 7 0
-99 226 8 0
-99 226 7 0
-100 226 7 1
-100 226 6 1
-98 225 6 0
-52 247 7 1
-53 247 7 0
-53 246 7 0
-81 227 8 0
-82 227 8 0
-82 227 9 0
-84 226 6 1
-84 226 7 1
-84 226 8 1
-84 227 6 1
-84 227 7 1
-84 227 8 1
-84 228 6 1
-84 228 7 2
-84 228 8 1
-63 201 7 0
-63 200 7 0
-96 227 8 0
-97 227 7 0
-96 227 7 0
-97 228 7 0
-98 228 8 0
-98 229 8 0
-98 228 7 0
-99 227 8 0
-99 228 8 0
-99 227 7 0
-99 228 7 0
-100 227 8 0
-64 216 7 1
-99 224 6 1
-69 215 9 0
-99 226 4 1
-99 227 4 1
-99 228 4 1
-98 226 4 1
-71 220 8 0
-70 218 9 0
-70 218 5 6
-71 217 4 1
-71 218 4 1
-71 219 4 1
-69 220 8 0
-70 221 7 0
-69 205 5 1
-71 219 8 1
-70 219 9 0
-70 219 5 2
-68 218 6 0
-71 208 7 1
-69 204 5 1
-68 205 6 1
-68 207 9 0
-68 207 5 1
-61 210 8 0
-63 208 10 0
-63 208 9 0
-96 207 8 0
-96 207 7 0
-96 208 8 0
-95 208 8 0
-96 208 7 0
-97 208 8 0
-97 209 8 0
-97 209 9 0
-97 208 7 0
-97 209 7 0
-98 208 8 0
-98 208 9 0
-53 245 8 0
-99 207 8 0
-99 207 9 0
-99 207 7 0
-98 206 9 0
-98 206 7 0
-95 206 8 0
-97 207 10 0
-97 207 6 0
-53 202 7 0
-53 202 8 0
-58 204 6 1
-58 205 6 1
-58 205 7 1
-58 205 8 1
-58 206 6 1
-58 206 7 1
-58 206 8 1
-57 206 8 1
-56 202 7 0
-57 202 7 0
-56 202 8 0
-55 202 7 0
-56 201 7 0
-55 202 8 0
-56 201 8 0
-55 201 7 0
-55 200 7 0
-55 201 8 0
-53 201 7 0
-59 207 8 0
-59 207 9 0
-61 206 8 0
-61 207 8 0
-61 207 10 0
-61 206 9 0
-61 207 9 0
-62 207 8 0
-62 207 9 0
-59 208 8 0
-69 207 7 1
-69 207 8 1
-69 206 7 4
-69 206 8 0
-71 206 6 1
-72 205 5 1
-72 205 6 1
-72 205 7 1
-72 206 5 1
-72 206 6 1
-72 206 7 1
-72 207 5 1
-72 207 6 1
-72 207 7 1
-71 205 5 1
-71 206 5 1
-71 207 5 1
-71 207 6 1
-71 225 8 1
-72 219 9 0
-95 246 8 0
-71 223 8 0
-71 223 9 0
-73 222 10 0
-72 223 4 1
-85 231 9 0
-76 220 7 1
-76 219 9 1
-76 219 8 1
-76 219 7 1
-73 224 6 1
-74 224 8 1
-96 249 7 0
-89 237 4 1
-88 238 5 1
-80 224 7 4
-80 224 8 1
-70 221 6 0
-96 229 8 0
-98 218 12 0
-100 233 9 0
-98 219 12 0
-98 205 7 0
-99 203 8 0
-99 203 7 0
-97 203 9 0
-97 203 10 0
-97 203 6 0
-93 216 10 0
-94 217 10 0
-94 217 11 0
-94 217 9 0
-94 233 9 1
-94 233 10 1
-94 233 11 1
-94 234 9 1
-94 234 10 6
-94 234 11 1
-94 235 9 1
-94 235 10 1
-94 235 11 1
-96 234 11 0
-96 234 9 1
-97 235 10 0
-96 236 10 15
-97 236 11 0
-97 236 9 1
-98 236 10 0
-98 236 11 0
-98 236 9 0
-99 236 10 0
-99 236 11 0
-99 236 9 0
-51 249 8 0
-98 247 9 0
-94 200 9 0
-94 200 11 0
-94 200 10 0
-93 201 9 0
-93 201 11 0
-93 201 10 0
-91 200 9 0
-92 200 11 0
-91 200 10 0
-92 200 10 0
-75 224 10 0
-75 226 8 0
-66 201 6 3
-93 200 9 0
-93 200 11 0
-93 200 10 0
-65 201 5 1
-73 225 9 0
-66 201 5 1
-66 200 6 3
-51 210 4 1
-83 230 10 0
-70 213 8 1
-86 227 8 1
-86 227 7 1
-86 227 6 1
-51 229 7 1
-51 229 9 0
-51 229 8 0
-56 249 6 1
-90 238 9 0
-89 237 9 0
-89 239 9 0
-89 239 10 0
-89 239 5 2
-52 246 8 0
-51 247 9 0
-57 249 5 1
-59 249 5 1
-58 249 6 1
-59 249 6 1
-55 249 4 1
-69 214 5 1
-91 239 9 0
-56 216 10 0
-56 216 8 0
-54 246 8 0
-61 211 8 0
-91 237 8 1
-97 235 6 0
-52 225 6 1
-52 224 8 1
-52 224 7 1
-52 224 6 1
-75 226 6 1
-71 209 5 1
-99 214 7 0
-73 217 6 1
-73 218 7 3
-75 229 5 1
-86 233 4 1
-86 234 4 1
-85 233 5 2
-86 232 4 1
-94 202 12 0
-94 202 8 0
-97 204 10 0
-97 204 11 0
-95 204 12 0
-97 205 11 0
-95 205 12 0
-100 234 12 0
-97 206 11 0
-100 235 12 0
-97 207 11 0
-95 207 12 0
-97 209 11 0
-100 235 8 0
-98 212 10 0
-96 212 12 0
-98 213 10 0
-98 213 11 0
-96 213 12 0
-98 214 11 0
-99 215 10 0
-74 220 10 0
-74 221 11 0
-74 221 10 0
-72 223 11 0
-71 221 11 0
-70 221 10 0
-71 221 10 0
-75 226 12 0
-73 225 11 0
-73 225 10 0
-75 224 11 0
-75 225 10 0
-76 225 11 0
-76 226 11 0
-76 226 10 0
-76 228 11 0
-74 227 9 0
-67 207 10 0
-67 207 9 0
-68 208 10 0
-71 208 10 0
-71 208 9 0
-70 207 10 0
-70 207 9 0
-70 206 10 0
-71 206 10 0
-70 206 9 0
-71 206 9 0
-69 206 10 0
-69 205 10 0
-69 206 9 0
-69 205 9 0
-68 206 10 0
-69 207 11 0
-69 207 12 0
-72 203 9 0
-71 201 10 0
-71 201 11 0
-71 201 9 0
-87 236 8 0
-87 236 7 0
-71 204 7 1
-71 204 6 1
-71 203 8 1
-71 203 7 1
-71 203 6 1
-71 202 8 1
-71 202 7 1
-71 202 6 1
-70 203 7 1
-69 201 7 0
-68 202 7 0
-83 231 8 0
-84 232 8 0
-84 232 9 0
-94 245 7 0
-92 208 11 0
-92 208 9 0
-93 209 10 0
-91 245 4 1
-74 223 5 1
-64 207 7 1
-66 210 5 1
-66 210 4 0
-80 223 7 1
-80 223 6 1
-80 222 8 1
-80 222 7 1
-80 222 6 1
-79 223 7 4
-78 223 9 0
-78 223 8 1
-77 225 9 0
-77 225 8 0
-91 245 9 0
-91 245 7 0
-92 240 9 0
-91 241 8 0
-92 242 7 0
-92 242 9 0
-68 218 5 0
-70 206 5 1
-71 207 7 1
-56 247 7 0
-97 224 11 0
-56 247 8 0
-71 209 7 1
-57 247 8 0
-100 243 10 0
-100 243 11 0
-100 243 9 0
-52 214 7 0
-51 212 8 0
-73 220 5 1
-71 209 6 1
-97 221 8 0
-73 220 9 0
-99 237 8 0
-99 222 8 0
-81 239 11 0
-80 239 10 0
-81 239 10 0
-82 238 9 0
-82 238 11 0
-82 238 10 0
-83 239 9 0
-82 239 9 0
-83 239 11 0
-82 240 10 0
-83 239 10 0
-52 206 7 0
-96 209 10 0
-94 210 9 0
-94 210 11 0
-68 200 11 0
-68 200 9 0
-72 200 10 0
-72 200 11 0
-72 200 9 0
-70 200 12 0
-95 201 12 0
-98 212 9 0
-98 211 7 0
-95 201 8 0
-97 222 7 0
-98 223 8 0
-98 223 7 0
-98 238 7 0
-97 238 8 0
-98 239 7 0
-97 239 7 0
-97 239 6 0
-99 240 7 0
-99 240 8 0
-99 240 6 0
-100 239 7 0
-100 239 8 0
-100 239 6 0
-95 215 9 0
-95 215 10 0
-94 215 9 0
-100 236 6 0
-97 236 6 0
-99 238 8 0
-99 238 6 0
-99 238 5 0
-98 224 7 0
-100 225 7 3
-92 245 8 0
-55 200 9 0
-51 245 4 1
-78 228 8 0
-59 211 7 0
-59 211 11 0
-59 209 8 0
-59 209 10 0
-70 212 5 1
-66 214 6 4
-66 213 5 1
-65 213 7 1
-100 224 7 2
-100 224 6 1
-65 215 7 1
-65 215 6 3
-89 238 8 0
-89 239 8 0
-89 238 7 0
-89 239 7 0
-90 238 8 0
-66 202 9 0
-66 201 9 0
-97 239 8 0
-98 239 6 0
-98 240 7 0
-97 240 7 0
-98 240 6 0
-99 241 7 0
-99 241 8 0
-99 241 6 0
-100 240 7 0
-100 240 8 0
-100 240 6 0
-64 201 10 0
-63 215 6 1
-63 215 5 1
-98 238 6 0
-99 239 9 0
-99 239 5 0
-67 213 3 1
-81 230 5 1
-81 229 5 1
-81 228 5 1
-68 214 6 1
-99 225 7 0
-68 214 5 6
-100 240 11 0
-100 240 9 0
-100 239 11 0
-98 239 12 0
-98 239 8 0
-100 229 7 0
-97 230 8 0
-100 232 8 0
-99 234 7 0
-97 237 6 0
-97 238 7 0
-97 238 6 0
-99 239 7 0
-93 243 7 0
-96 249 6 0
-86 249 11 0
-86 249 9 0
-85 249 10 0
-85 249 11 0
-85 249 9 0
-88 247 10 0
-88 247 11 0
-88 247 9 0
-87 247 10 0
-87 247 11 0
-77 231 9 0
-77 231 8 0
-77 231 10 0
-74 229 10 0
-74 229 11 0
-75 229 9 0
-74 229 9 0
-75 230 10 0
-75 230 11 0
-75 230 9 0
-77 230 11 0
-77 228 10 0
-78 228 10 0
-77 228 11 0
-76 228 10 0
-76 227 10 0
-76 227 11 0
-75 228 10 0
-75 228 11 0
-75 228 9 0
-76 229 12 0
-76 229 8 0
-76 229 10 0
-74 228 10 0
-73 228 10 0
-74 228 11 0
-74 228 9 0
-73 228 9 0
-75 229 11 0
-77 226 11 0
-75 227 10 0
-75 226 10 0
-75 226 11 0
-74 226 10 0
-52 228 6 1
-52 229 6 1
-52 229 7 1
-52 229 8 1
-52 230 6 1
-52 230 7 1
-52 230 8 1
-51 229 6 1
-51 230 6 1
-51 230 7 1
-51 230 8 1
-51 228 8 0
-51 228 9 0
-51 228 7 0
-71 216 8 1
-100 249 11 0
-100 249 9 0
-99 246 11 0
-96 248 4 1
-100 235 7 0
-99 248 6 0
-98 249 6 0
-100 249 7 0
-100 249 6 0
-99 237 6 0
-99 237 5 0
-97 246 4 1
-98 200 7 0
-68 213 4 1
-79 223 8 1
-79 226 8 0
-78 226 9 0
-96 200 10 0
-96 200 6 0
-98 205 8 0
-96 205 8 0
-97 207 9 0
-97 206 7 0
-97 207 7 0
-100 248 8 0
-100 248 5 0
-98 204 8 0
-98 204 9 0
-98 204 7 0
-95 204 8 0
-95 204 7 0
-97 205 10 0
-97 205 6 0
-98 208 7 0
-96 209 8 0
-95 209 8 0
-95 209 9 0
-95 209 7 0
-100 230 8 0
-100 232 7 0
-99 231 7 0
-98 232 7 0
-97 232 7 0
-97 232 8 0
-96 230 7 0
-99 209 7 0
-97 209 10 0
-97 209 6 0
-67 211 4 0
-52 216 7 0
-64 209 7 1
-68 209 6 0
-66 209 6 0
-65 207 6 3
-64 207 5 1
-64 207 6 1
-70 211 7 1
-70 212 7 1
-69 211 5 1
-69 211 6 7
-68 211 5 2
-67 213 6 1
-66 212 6 0
-66 213 4 1
-66 214 4 1
-66 215 4 1
-91 243 4 1
-91 242 4 1
-92 243 4 1
-92 242 4 1
-89 240 9 0
-92 244 8 0
-93 244 9 0
-51 213 7 0
-53 249 9 0
-53 248 9 0
-83 226 6 1
-83 226 7 1
-92 243 9 0
-92 243 8 0
-91 243 7 0
-91 243 9 0
-89 241 4 1
-90 241 4 1
-91 241 4 1
-91 240 4 1
-71 214 10 0
-65 206 9 0
-68 206 9 0
-70 213 10 0
-70 214 9 0
-70 213 9 0
-69 214 10 0
-52 217 10 0
-52 216 9 0
-74 222 7 1
-93 242 7 0
-91 241 7 0
-72 225 10 0
-72 225 11 0
-72 225 9 0
-72 226 10 0
-72 226 9 0
-74 225 10 0
-74 224 10 0
-75 223 11 0
-74 223 11 0
-73 224 10 0
-72 223 10 0
-73 223 11 0
-74 225 11 0
-74 225 12 0
-71 223 10 0
-71 223 11 0
-72 224 10 0
-72 224 11 0
-74 224 11 0
-74 222 11 0
-73 221 11 0
-72 222 10 0
-72 222 11 0
-86 230 8 1
-85 230 6 1
-82 229 10 0
-83 228 5 1
-66 200 7 0
-52 245 9 0
-52 245 8 0
-51 249 9 0
-51 249 10 0
-75 220 9 1
-76 223 10 0
-76 223 7 1
-77 222 6 1
-54 244 4 1
-61 206 10 0
-87 236 5 2
-93 213 10 0
-69 204 10 0
-68 204 11 0
-69 204 9 0
-68 205 11 0
-70 206 11 0
-71 205 11 0
-72 204 10 0
-71 204 11 0
-85 229 6 1
-85 228 8 1
-85 228 7 2
-85 228 6 1
-85 227 8 1
-85 227 7 1
-85 227 6 1
-82 230 8 1
-82 230 9 0
-81 231 9 0
-82 231 8 1
-82 232 8 0
-82 231 9 0
-84 231 8 0
-88 242 9 0
-90 240 6 0
-95 215 7 0
-96 216 8 0
-96 216 7 0
-97 217 8 0
-97 217 7 0
-98 216 8 0
-76 232 10 0
-76 232 11 0
-76 232 9 0
-77 233 10 0
-76 233 11 0
-77 233 9 0
-76 234 9 0
-79 233 11 0
-79 232 10 0
-79 232 11 0
-79 232 9 0
-79 231 10 0
-79 231 11 0
-78 231 10 0
-78 230 10 0
-78 230 11 0
-78 231 9 0
-76 231 10 0
-76 231 11 0
-76 231 9 0
-78 232 12 0
-78 232 8 0
-68 205 10 0
-68 205 9 0
-71 205 10 0
-72 205 10 0
-70 205 10 0
-99 246 12 0
-99 246 8 0
-71 204 10 0
-71 204 9 0
-70 204 10 0
-70 203 10 0
-70 204 9 0
-68 204 10 0
-70 205 11 0
-70 205 12 0
-68 215 8 0
-69 214 7 1
-69 214 8 0
-69 213 5 2
-96 244 10 0
-97 246 10 0
-97 246 11 0
-98 246 10 0
-98 246 11 0
-98 246 9 0
-99 245 10 0
-100 246 10 0
-100 246 11 0
-100 246 9 0
-98 244 11 0
-98 244 12 0
-98 244 9 0
-98 244 8 0
-70 219 8 0
-71 219 7 1
-69 220 7 0
-70 221 8 0
-98 227 5 1
-65 201 6 0
-88 239 9 0
-90 240 10 0
-91 242 9 0
-52 240 4 1
-52 241 4 1
-51 239 4 1
-51 240 4 1
-51 241 4 1
-78 227 8 0
-52 238 7 0
-52 238 8 0
-79 226 9 0
-79 225 8 0
-80 225 8 0
-97 235 13 1
-71 202 10 0
-71 203 11 0
-70 203 9 0
-71 202 9 0
-70 202 10 0
-70 202 11 0
-70 202 9 0
-69 203 10 0
-68 202 10 0
-97 226 10 0
-96 221 8 0
-96 221 12 0
-98 221 9 0
-98 221 11 0
-69 204 8 0
-92 206 9 0
-95 206 10 0
-95 206 11 0
-93 207 11 0
-93 207 9 0
-94 208 10 0
-94 208 11 0
-94 208 9 0
-95 207 10 0
-78 230 9 0
-95 207 9 0
-95 208 11 0
-96 207 9 0
-94 207 12 0
-94 207 8 0
-92 208 10 0
-93 242 8 0
-66 204 7 0
-92 243 7 0
-51 214 5 1
-51 215 5 1
-51 216 5 1
-73 222 8 0
-72 222 7 1
-89 240 7 0
-89 241 9 0
-89 241 8 0
-89 240 8 0
-88 240 7 0
-88 240 9 0
-72 218 6 7
-72 218 7 2
-72 218 8 1
-72 219 6 1
-72 219 7 1
-72 219 8 1
-82 226 6 1
-82 225 8 3
-82 225 7 2
-82 225 6 1
-82 224 8 1
-82 224 7 1
-82 224 6 1
-80 225 9 0
-70 211 6 2
-70 211 5 1
-100 248 4 0
-100 249 4 0
-80 227 7 0
-80 227 9 0
-84 234 4 1
-85 234 4 1
-67 205 5 1
-66 205 5 1
-82 223 11 1
-81 223 11 1
-85 233 10 0
-68 211 10 0
-80 228 8 0
-69 212 12 0
-69 212 9 0
-68 210 10 0
-77 225 4 1
-97 238 12 0
-99 249 7 0
-95 229 10 0
-95 229 9 0
-77 224 9 0
-74 227 5 1
-97 222 12 0
-74 228 5 1
-74 229 5 1
-73 226 10 0
-73 226 11 0
-99 224 11 0
-73 226 9 0
-74 227 10 0
-73 228 11 0
-69 209 12 0
-69 209 11 0
-81 223 8 2
-84 233 7 0
-84 235 8 0
-85 234 8 0
-84 235 7 0
-85 235 8 0
-85 234 7 0
-85 235 7 0
-87 235 8 0
-59 246 7 1
-59 246 8 1
-59 246 9 1
-56 246 8 0
-56 246 9 0
-56 246 7 0
-55 246 8 0
-55 245 8 0
-55 246 9 0
-55 245 7 0
-90 237 4 1
-89 238 5 1
-89 238 10 0
-66 215 6 1
-89 238 9 0
-87 237 9 0
-89 236 9 0
-90 237 9 0
-95 211 10 0
-90 239 9 0
-95 212 11 0
-87 240 7 0
-64 215 4 1
-87 238 9 0
-64 215 6 2
-64 216 4 1
-64 216 5 1
-64 216 6 1
-95 210 11 0
-53 244 7 0
-68 217 10 0
-69 217 11 0
-72 215 10 0
-72 216 11 0
-72 215 9 0
-70 216 10 0
-99 225 8 1
-70 215 11 0
-70 216 9 0
-68 208 3 1
-70 204 12 0
-70 204 11 0
-68 202 9 0
-69 203 9 0
-68 203 11 0
-80 227 8 0
-78 227 7 0
-84 232 7 0
-85 232 7 0
-87 232 7 0
-87 232 8 0
-87 233 7 0
-86 233 7 0
-87 233 8 0
-86 233 8 0
-87 235 7 0
-86 235 8 0
-87 247 9 0
-83 227 8 1
-68 210 8 0
-69 208 7 2
-88 239 7 0
-80 232 9 0
-62 201 8 0
-62 201 7 0
-95 219 10 0
-94 219 10 0
-94 219 11 0
-94 219 9 0
-96 220 10 0
-96 220 11 0
-96 220 9 0
-97 219 10 0
-97 219 11 0
-97 219 9 0
-75 227 8 0
-77 225 5 1
-77 226 5 1
-76 225 5 1
-76 226 5 1
-75 225 5 1
-75 226 5 1
-51 225 8 1
-51 222 6 1
-51 222 7 1
-51 222 8 1
-51 223 6 1
-51 223 7 1
-51 223 8 1
-75 227 9 0
-66 203 5 1
-66 202 5 1
-67 204 5 1
-67 203 5 1
-68 204 5 1
-68 203 5 1
-68 202 5 1
-67 203 6 1
-68 212 5 1
-77 228 8 0
-77 226 10 0
-67 213 5 1
-67 214 5 2
-67 215 7 0
-67 215 8 0
-68 216 7 0
-68 216 8 0
-69 215 7 0
-69 215 8 0
-70 214 7 4
-70 214 8 0
-71 213 6 1
-71 213 7 1
-71 213 8 1
-71 214 6 1
-71 214 7 1
-71 214 8 1
-71 215 6 5
-71 215 7 1
-96 208 11 0
-96 208 9 0
-93 206 9 0
-94 208 12 0
-94 208 8 0
-52 223 6 1
-52 223 7 1
-52 223 8 1
-92 209 10 0
-92 209 9 0
-93 210 10 0
-93 210 11 0
-93 210 9 0
-94 211 10 0
-94 211 11 0
-94 211 9 0
-95 210 10 0
-96 210 10 0
-96 210 11 0
-96 210 9 0
-95 209 10 0
-94 209 11 0
-56 213 10 0
-56 213 8 0
-55 212 9 0
-55 212 10 0
-55 212 8 0
-55 214 10 0
-55 214 11 0
-98 218 10 0
-98 218 11 0
-98 218 9 0
-96 216 11 0
-96 216 9 0
-96 218 11 0
-96 218 12 0
-96 218 9 0
-96 218 8 0
-73 224 9 0
-94 247 9 0
-94 247 10 0
-94 247 5 1
-95 246 4 1
-95 247 4 1
-95 248 4 1
-94 248 4 1
-93 248 4 1
-94 247 8 0
-91 246 9 0
-93 246 8 0
-92 247 8 0
-92 247 9 0
-92 247 7 0
-72 223 9 0
-72 223 8 1
-72 222 9 0
-73 222 9 0
-90 239 4 1
-79 233 10 0
-79 234 10 0
-81 234 9 0
-81 234 11 0
-81 234 10 0
-81 235 9 0
-81 235 11 0
-81 235 10 0
-79 237 11 0
-77 235 9 0
-78 235 9 0
-78 235 11 0
-77 235 10 0
-78 235 10 0
-87 237 6 0
-87 237 10 0
-85 238 9 0
-93 247 8 0
-98 230 6 0
-100 230 7 0
-51 240 5 2
-52 240 5 1
-51 241 6 1
-51 241 9 0
-99 231 8 0
-97 210 11 0
-97 211 11 0
-51 239 8 0
-51 240 8 0
-97 230 7 0
-96 230 8 0
-52 240 8 0
-95 211 12 0
-98 229 6 0
-100 231 7 0
-99 230 7 0
-100 231 8 0
-99 230 8 0
-98 231 7 0
-95 240 10 0
-96 241 11 0
-99 235 8 0
-99 241 11 0
-97 240 12 0
-97 236 8 0
-97 236 7 0
-97 211 6 0
-97 211 10 0
-99 211 7 0
-99 211 8 0
-98 213 7 0
-98 213 8 0
-99 213 8 0
-97 213 7 0
-97 213 8 0
-96 213 7 0
-96 213 8 0
-95 211 7 0
-95 211 8 0
-98 222 9 0
-97 222 11 0
-98 233 6 0
-99 233 7 0
-99 233 8 0
-100 234 7 0
-96 223 10 0
-100 234 8 0
-99 234 8 0
-98 235 7 0
-97 234 7 0
-91 239 7 0
-90 239 7 0
-52 246 10 0
-53 249 7 0
-53 249 11 0
-76 220 6 1
-89 241 7 0
-100 240 10 0
-75 222 8 1
-75 223 9 1
-99 238 10 0
-98 238 9 0
-73 225 6 1
-73 224 7 4
-74 225 8 1
-74 225 7 2
-75 225 8 1
-75 225 7 1
-75 225 6 1
-74 224 9 1
-100 239 9 0
-99 239 11 0
-78 222 8 1
-99 239 10 0
-98 240 9 0
-98 240 11 0
-98 240 10 0
-97 239 11 0
-96 238 9 1
-82 222 7 1
-52 247 9 0
-74 223 7 9
-75 222 6 2
-75 223 6 2
-75 223 7 2
-75 223 8 1
-75 224 6 1
-85 235 4 1
-86 235 5 2
-86 235 9 0
-87 234 8 0
-87 234 7 0
-88 235 8 0
-88 235 7 0
-71 209 9 0
-71 209 10 0
-71 210 9 0
-70 210 9 0
-53 216 10 0
-53 216 9 0
-52 217 8 0
-96 243 11 0
-99 243 11 0
-98 242 12 0
-98 242 8 0
-99 244 11 0
-54 206 8 0
-53 206 7 0
-96 223 7 0
-53 205 8 0
-51 206 7 0
-52 206 8 0
-51 205 6 1
-64 203 6 0
-64 203 7 0
-64 203 10 0
-62 202 9 0
-77 221 6 1
-96 200 11 0
-96 201 10 0
-96 201 11 0
-94 200 12 0
-67 210 6 1
-94 201 12 0
-76 223 4 1
-76 224 4 1
-79 224 6 1
-94 201 8 0
-99 226 11 0
-99 226 10 0
-96 202 10 0
-96 202 11 0
-96 203 10 0
-96 203 11 0
-68 205 5 1
-67 204 6 1
-67 204 9 0
-84 232 5 4
-84 231 5 1
-84 230 5 1
-83 231 6 1
-68 210 7 1
-67 210 8 0
-65 202 5 1
-65 203 6 1
-63 203 7 0
-64 205 5 1
-64 204 5 1
-64 203 5 1
-70 220 6 0
-92 245 9 0
-71 221 5 1
-92 245 7 0
-94 246 9 0
-95 245 9 0
-95 245 7 0
-95 243 8 0
-95 243 9 0
-95 243 7 0
-94 245 10 0
-94 245 5 1
-95 244 4 1
-94 244 4 1
-71 205 7 1
-54 215 9 0
-54 215 8 0
-53 215 7 0
-84 233 4 1
-59 214 10 0
-58 215 8 0
-58 215 9 0
-56 214 7 0
-68 214 9 0
-61 208 8 0
-60 208 9 0
-60 208 10 0
-60 208 8 0
-58 208 9 0
-58 208 8 0
-60 210 11 0
-60 210 7 0
-73 224 8 1
-75 224 9 0
-76 224 7 1
-76 225 7 3
-76 225 8 1
-76 225 9 1
-75 225 9 1
-74 225 9 1
-76 223 8 1
-76 224 8 1
-76 224 9 1
-77 223 8 0
-76 223 9 0
-97 200 7 0
-97 200 8 0
-98 201 7 0
-97 201 7 0
-98 201 9 0
-98 202 8 0
-97 201 8 0
-96 202 7 0
-96 202 9 0
-96 202 8 0
-95 201 7 0
-96 201 7 0
-95 202 8 0
-96 201 8 0
-94 200 8 0
-76 224 6 1
-76 223 6 2
-76 222 6 1
-77 224 6 1
-77 223 6 1
-52 244 4 1
-51 235 4 1
-51 236 4 1
-53 213 7 0
-94 245 8 0
-52 211 8 0
-95 246 7 0
-52 212 7 0
-51 234 8 0
-51 234 9 0
-51 234 7 0
-99 248 8 0
-99 248 7 0
-54 242 7 0
-53 242 8 0
-52 243 7 0
-52 242 7 0
-52 242 8 0
-51 242 7 0
-51 242 8 0
-52 244 9 0
-52 244 5 1
-53 243 4 1
-52 243 4 1
-51 243 4 1
-51 244 4 1
-56 211 10 0
-56 211 8 0
-58 213 10 0
-58 213 11 0
-58 213 8 0
-58 213 7 0
-65 206 5 1
-66 206 5 1
-67 206 5 1
-66 205 6 3
-66 205 9 0
-67 206 8 0
-51 243 8 0
-53 242 7 0
-53 241 7 0
-53 241 8 0
-52 241 7 0
-52 240 7 0
-52 241 8 0
-52 242 9 0
-52 242 6 1
-62 207 7 0
-72 224 9 0
-68 214 7 1
-74 226 6 1
-92 241 4 1
-74 226 7 1
-74 226 8 1
-73 226 6 1
-73 226 7 2
-73 226 8 1
-72 226 6 1
-72 226 7 1
-72 226 8 1
-74 223 10 0
-88 241 7 0
-88 241 8 0
-97 247 9 0
-98 247 10 0
-98 248 10 0
-98 247 11 0
-99 246 10 0
-100 247 10 0
-100 247 11 0
-100 247 9 0
-98 246 12 0
-98 246 8 0
-97 248 10 0
-97 248 11 0
-99 248 10 0
-99 249 10 0
-99 247 10 0
-99 248 11 0
-99 248 9 0
-100 248 10 0
-100 248 11 0
-100 248 9 0
-100 245 10 0
-100 245 11 0
-100 245 9 0
-99 245 11 0
-99 245 9 0
-97 245 10 0
-97 245 11 0
-97 245 9 0
-99 247 11 0
-99 247 12 0
-99 247 9 0
-99 247 8 0
-68 219 8 0
-63 200 9 0
-66 200 10 0
-66 200 9 0
-65 200 9 0
-67 203 4 1
-66 201 10 0
-66 202 10 0
-65 203 10 0
-97 249 10 0
-97 249 11 0
-99 249 11 0
-99 249 9 0
-100 249 10 0
-55 213 10 0
-55 213 8 0
-54 212 9 0
-54 212 8 0
-54 214 10 0
-77 223 7 1
-77 223 5 1
-77 222 5 1
-98 249 10 0
-99 246 9 0
-99 248 12 0
-99 249 12 0
-64 214 4 1
-55 216 9 0
-55 216 10 0
-55 216 8 0
-55 214 9 0
-56 214 9 0
-56 214 10 0
-56 214 8 0
-55 213 9 0
-67 205 9 0
-70 212 4 1
-70 213 4 1
-71 214 4 1
-71 213 4 1
-95 202 7 0
-95 203 8 0
-95 203 7 0
-97 203 8 0
-97 204 8 0
-97 204 9 0
-97 203 7 0
-97 204 7 0
-97 202 8 0
-98 203 8 0
-98 203 9 0
-97 202 7 0
-98 203 7 0
-99 202 8 0
-98 202 9 0
-98 202 7 0
-97 200 9 0
-97 202 9 0
-97 202 10 0
-97 202 6 0
-93 215 10 0
-93 215 11 0
-93 215 9 0
-94 216 10 0
-94 216 11 0
-94 216 9 0
-95 216 10 0
-95 217 10 0
-95 216 11 0
-95 217 9 0
-97 216 10 0
-97 216 11 0
-59 208 10 0
-62 209 10 0
-97 215 11 0
-97 215 9 0
-94 213 9 0
-95 215 12 0
-95 215 8 0
-96 203 8 0
-96 203 7 0
-96 204 8 0
-95 205 8 0
-96 204 7 0
-95 205 7 0
-97 205 8 0
-97 205 9 0
-97 205 7 0
-75 231 10 0
-75 231 11 0
-75 231 9 0
-75 232 10 0
-77 233 11 0
-78 229 10 0
-78 229 11 0
-77 230 10 0
-77 229 10 0
-77 229 11 0
-77 230 9 0
-76 230 10 0
-75 229 10 0
-76 229 11 0
-76 230 9 0
-76 229 9 0
-77 231 11 0
-77 231 12 0
-70 216 6 1
-70 216 5 1
-69 216 6 0
-63 208 8 0
-95 226 10 0
-95 226 11 0
-78 237 10 0
-78 237 11 0
-79 237 9 0
-78 237 9 0
-79 238 10 0
-79 238 11 0
-78 239 9 1
-79 240 8 1
-78 239 8 1
-78 240 8 1
-78 240 9 1
-78 240 10 1
-77 238 8 1
-77 239 8 1
-77 239 9 1
-77 239 10 1
-77 240 8 1
-98 241 7 0
-94 246 4 1
-94 245 4 1
-93 246 5 1
-93 246 10 0
-100 237 10 0
-100 237 11 0
-100 237 9 0
-98 237 12 0
-98 237 8 0
-96 238 10 0
-96 238 11 0
-82 223 7 1
-97 239 10 0
-82 223 9 1
-97 239 9 0
-81 222 8 1
-81 222 9 1
-80 224 9 0
-78 223 7 2
-100 239 10 0
-74 223 8 1000
-95 236 11 2
-100 238 11 0
-100 238 9 0
-98 238 12 0
-98 238 8 0
-96 239 10 0
-96 239 11 0
-96 239 9 0
-97 240 10 0
-97 240 11 0
-97 240 9 0
-98 241 10 0
-98 241 11 0
-98 241 9 0
-99 240 10 0
-75 222 9 1
-92 239 8 0
-76 219 6 1
-90 240 8 0
-76 221 6 2
-73 218 8 1
-73 218 9 1
-73 219 6 6
-72 221 9 0
-74 222 10 0
-74 222 5 1
-75 221 4 1
-75 222 4 1
-75 223 4 1
-74 223 4 1
-96 237 10 5
-96 237 11 2
-96 237 9 1
-97 238 11 0
-58 249 5 1
-98 239 10 0
-98 239 11 0
-98 239 9 0
-100 238 10 0
-99 238 11 0
-56 249 7 0
-54 249 4 1
-54 248 4 1
-53 249 5 1
-55 248 8 0
-55 248 7 0
-55 249 7 0
-51 249 4 1
-52 249 4 1
-53 249 4 1
-53 248 4 1
-53 247 4 1
-52 248 5 1
-54 247 7 0
-54 247 8 0
-95 249 8 0
-96 249 8 0
-97 248 8 0
-97 248 9 0
-97 248 7 0
-97 247 8 0
-51 232 9 0
-97 247 7 0
-94 247 7 0
-95 248 9 0
-95 248 10 0
-95 248 7 0
-95 248 6 0
-73 221 8 1
-75 221 9 1
-76 221 9 1
-76 221 8 13
-76 221 7 5
-76 220 9 1
-76 220 8 1
-51 231 8 0
-51 231 9 0
-51 231 7 0
-82 231 10 0
-83 232 6 3
-81 231 6 1
-81 232 6 1
-58 248 7 2
-57 248 7 1
-56 248 7 1
-56 248 8 1
-56 248 9 1
-58 248 6 1
-57 248 6 1
-56 248 6 1
-79 225 9 0
-81 226 6 1
-81 226 7 1
-81 226 8 1
-80 226 6 1
-80 226 7 1
-51 238 4 1
-52 211 4 1
-51 209 4 1
-84 229 5 1
-81 233 8 0
-81 232 5 1
-95 200 8 0
-95 200 7 0
-96 200 8 0
-96 200 9 0
-96 200 7 0
-98 200 8 0
-98 200 9 0
-97 217 12 0
-69 201 10 0
-68 201 11 0
-69 201 9 0
-69 203 11 0
-72 201 10 0
-72 201 11 0
-96 249 10 0
-98 249 7 0
-98 249 9 0
-98 249 8 0
-71 213 5 1
-72 216 4 1
-75 224 7 9
-97 229 8 0
-97 229 12 0
-99 229 11 0
-99 231 9 0
-99 231 11 0
-96 240 10 0
-96 240 9 0
-97 242 10 0
-97 241 11 0
-97 241 9 0
-98 242 10 0
-98 242 11 0
-98 242 9 0
-99 241 10 0
-100 242 10 0
-100 241 11 0
-100 241 9 0
-98 240 12 0
-98 240 8 0
-63 207 9 0
-83 228 8 0
-82 228 9 0
-52 249 9 0
-56 215 8 0
-96 247 8 0
-73 221 4 1
-73 220 4 1
-73 219 4 1
-72 217 7 3
-90 243 7 0
-97 217 10 0
-96 217 10 0
-95 218 9 0
-95 218 11 0
-95 218 10 0
-97 215 10 0
-97 216 9 0
-93 247 7 0
-56 215 10 0
-97 214 6 0
-54 244 7 0
-54 243 7 0
-54 243 8 0
-97 241 10 0
-96 241 10 0
-96 241 9 0
-97 243 10 0
-97 243 11 0
-97 243 9 0
-98 243 10 0
-98 243 11 0
-98 243 9 0
-99 242 10 0
-53 244 4 1
-71 225 7 1
-71 225 6 1
-71 224 7 1
-71 224 6 1
-72 225 8 1
-72 225 7 1
-72 225 6 1
-70 221 9 0
-72 221 10 0
-74 222 6 1
-72 221 5 3
-73 224 5 1
-88 237 10 0
-88 237 5 1
-89 236 4 1
-85 236 9 0
-85 237 8 0
-85 237 7 0
-88 234 8 0
-87 234 9 0
-87 236 10 0
-84 235 9 0
-86 236 9 0
-87 233 9 0
-95 202 11 0
-95 203 9 0
-95 203 11 0
-83 224 9 1
-94 203 10 0
-93 204 9 0
-93 204 11 0
-93 204 10 0
-92 203 9 0
-92 203 11 0
-92 203 10 0
-91 202 9 0
-91 202 10 0
-78 222 9 0
-75 217 6 1
-75 217 5 1
-93 201 8 0
-93 201 12 0
-92 200 9 0
-74 226 9 0
-99 239 12 0
-99 240 12 0
-99 241 12 0
-99 241 9 0
-99 242 12 0
-99 243 12 0
-55 249 5 1
-55 249 6 1
-54 249 6 1
-53 249 6 0
-52 246 5 1
-52 247 5 1
-52 247 6 1
-52 248 6 1
-51 248 6 1
-97 222 10 0
-96 223 9 0
-96 223 11 0