DAV_OBMAP v3 cell_size=10
-180 -306 11 1
-182 -306 12 0
-187 -302 11 0
-186 -302 11 0
-192 -306 16 1
-192 -306 17 1
-192 -305 17 1
-192 -304 16 1
-192 -304 17 1
-191 -305 16 1
-191 -305 17 1
-171 -301 8 1
-155 -303 12 0
-198 -316 11 0
-199 -316 12 0
-200 -316 12 0
-155 -304 12 0
-199 -312 12 0
-190 -310 14 0
-189 -303 15 0
-189 -304 15 0
-189 -305 15 0
-190 -306 14 0
-187 -309 16 0
-188 -309 15 0
-191 -304 17 1
-175 -303 14 0
-179 -306 9 1
-179 -306 8 2
-179 -306 7 1
-154 -307 14 0
-174 -305 9 1
-179 -309 10 0
-175 -301 10 1
-200 -320 12 0
-175 -308 11 0
-172 -304 12 0
-174 -306 15 0
-170 -305 12 0
-179 -301 11 0
-174 -304 11 1
-199 -316 13 0
-194 -309 10 1
-194 -309 9 2
-190 -309 10 1
-154 -305 14 0
-172 -303 15 0
-171 -305 17 0
-184 -309 11 0
-172 -307 6 1
-172 -308 8 1
-172 -308 7 1
-172 -308 6 1
-172 -309 8 1
-186 -304 7 1
-186 -303 7 1
-186 -303 8 1
-186 -303 9 1
-196 -301 15 1
-189 -313 10 1
-189 -313 11 1
-182 -305 10 1
-182 -305 9 2
-182 -305 8 1
-183 -303 10 1
-183 -303 8 1
-184 -303 10 1
-177 -309 10 0
-175 -302 10 1
-173 -306 10 1
-172 -306 10 1
-171 -307 10 0
-173 -303 10 1
-171 -302 9 1
-160 -303 14 0
-161 -302 14 0
-157 -306 12 0
-156 -307 13 0
-155 -307 14 0
-163 -307 14 0
-191 -313 13 0
-191 -312 13 0
-191 -311 13 0
-191 -307 9 2
-165 -304 16 0
-160 -307 16 0
-160 -307 15 0
-200 -301 16 1
-200 -301 17 1
-196 -301 16 2
-197 -302 15 1
-197 -302 16 1
-197 -301 15 2
-197 -301 16 1
-167 -305 7 1
-159 -306 15 0
-162 -302 13 0
-196 -310 10 1
-196 -310 9 2
-196 -310 8 1
-196 -311 9 1
-196 -311 8 1
-197 -310 10 1
-197 -310 9 1
-183 -307 12 0
-185 -301 12 0
-185 -302 12 0
-185 -303 12 0
-185 -307 7 1
-185 -308 7 1
-184 -307 8 2
-166 -304 8 1
-166 -304 7 1
-166 -305 9 1
-166 -305 8 1
-166 -305 7 1
-166 -306 9 1
-166 -306 8 1
-166 -306 7 1
-198 -316 17 0
-198 -314 10 1
-198 -314 9 2
-198 -314 8 1
-200 -311 17 0
-198 -315 9 1
-199 -314 17 0
-198 -316 10 1
-198 -316 9 2
-198 -316 8 1
-198 -309 14 0
-200 -320 10 0
-194 -309 11 0
-197 -316 10 1
-159 -304 9 1
-158 -303 9 0
-162 -306 11 0
-163 -308 9 0
-163 -308 8 0
-162 -304 10 0
-159 -306 8 2
-159 -307 7 1
-159 -307 8 1
-159 -307 9 1
-159 -306 7 1
-200 -310 11 0
-200 -312 12 0
-152 -312 5 1
-152 -312 6 2
-152 -312 7 1
-152 -311 5 1
-152 -311 6 1
-187 -305 9 1
-187 -305 8 1
-185 -308 8 1
-188 -303 9 1
-188 -303 8 1
-188 -303 7 1
-151 -308 6 1
-151 -309 8 1
-151 -309 7 2
-151 -309 6 1
-153 -305 8 1
-153 -305 6 1
-154 -310 7 1
-154 -310 6 1
-154 -310 5 1
-154 -311 7 1
-154 -311 6 1
-154 -311 5 1
-154 -312 7 1
-193 -307 10 1
-193 -307 9 1
-193 -307 8 1
-194 -307 8 1
-195 -309 11 0
-192 -310 11 0
-194 -307 11 0
-194 -308 12 0
-194 -311 12 0
-190 -308 11 1
-192 -308 12 0
-193 -306 12 0
-189 -310 12 1
-179 -306 10 1
-190 -310 13 0
-191 -309 13 0
-192 -309 13 0
-197 -305 13 1
-183 -304 11 0
-195 -308 13 0
-190 -306 13 1
-192 -308 14 0
-194 -310 17 0
-190 -312 14 0
-195 -310 16 0
-197 -307 15 0
-192 -314 15 0
-192 -313 15 0
-198 -312 14 0
-198 -312 16 0
-193 -312 15 0
-197 -312 17 0
-190 -310 16 0
-197 -312 18 0
-191 -310 15 0
-199 -317 10 1
-200 -314 18 0
-199 -317 9 1
-198 -311 15 0
-198 -311 16 0
-199 -317 8 1
-199 -318 11 0
-176 -308 14 0
-200 -318 11 0
-196 -308 17 1
-172 -302 14 0
-183 -306 15 0
-173 -306 15 0
-181 -305 17 0
-181 -305 16 0
-158 -307 14 0
-158 -306 14 0
-181 -305 15 0
-168 -303 13 0
-174 -305 12 0
-171 -308 13 0
-182 -304 12 0
-169 -305 14 0
-196 -312 9 1
-196 -312 8 1
-171 -304 13 0
-196 -313 10 2
-196 -313 9 1
-165 -305 9 1
-165 -305 7 1
-189 -309 11 1
-165 -306 9 1
-188 -309 10 1
-188 -305 16 0
-183 -304 14 0
-165 -306 8 1
-165 -306 7 1
-181 -303 15 0
-176 -303 8 2
-186 -302 15 0
-182 -306 14 0
-181 -307 14 0
-188 -304 9 1
-180 -307 15 0
-188 -304 8 1
-183 -303 13 0
-188 -304 7 1
-182 -301 14 0
-178 -304 10 1
-184 -307 13 0
-184 -308 13 0
-179 -308 6 1
-179 -307 6 1
-179 -306 6 1
-171 -304 8 2
-175 -303 12 0
-180 -301 12 0
-176 -305 11 0
-175 -306 11 0
-188 -308 15 0
-177 -307 10 0
-200 -313 13 0
-159 -309 9 0
-198 -316 15 0
-155 -304 9 1
-179 -303 10 1
-182 -305 11 0
-190 -310 10 2
-185 -309 9 0
-169 -305 7 1
-153 -306 8 1
-200 -316 15 0
-152 -305 7 1
-193 -307 12 0
-156 -309 8 1
-186 -305 15 0
-154 -309 7 1
-154 -309 8 1
-153 -309 6 1
-153 -309 7 2
-153 -309 8 1
-153 -308 6 1
-153 -308 7 2
-153 -308 8 1
-153 -307 6 1
-153 -307 7 2
-153 -307 8 1
-154 -305 6 1
-154 -305 7 1
-181 -301 10 1
-181 -307 11 0
-180 -308 10 0
-180 -309 10 0
-177 -304 8 2
-177 -304 9 2
-176 -308 11 0
-177 -303 11 0
-198 -317 9 1
-198 -317 10 1
-176 -307 10 0
-199 -317 13 0
-152 -313 10 0
-151 -305 12 0
-191 -308 9 1
-191 -308 10 1
-187 -312 10 1
-187 -312 11 1
-187 -312 12 1
-187 -311 10 1
-188 -312 10 1
-188 -312 11 2
-188 -312 12 1
-188 -311 10 1
-166 -303 8 2
-166 -303 7 1
-167 -303 7 1
-168 -304 9 1
-168 -304 8 1
-168 -304 7 1
-154 -307 12 0
-171 -302 8 2
-196 -315 11 0
-197 -315 12 0
-191 -312 9 1
-191 -312 8 1
-199 -315 13 0
-192 -310 9 1
-192 -310 8 1
-171 -301 14 0
-156 -304 14 0
-156 -304 15 0
-180 -307 6 1
-180 -306 6 1
-196 -310 15 0
-196 -309 16 0
-196 -309 17 0
-196 -308 18 0
-195 -313 16 0
-195 -313 17 0
-195 -314 18 0
-200 -310 17 0
-185 -305 8 1
-185 -306 10 1
-185 -306 9 2
-185 -306 8 1
-186 -304 10 1
-186 -304 9 1
-186 -304 8 1
-168 -309 11 0
-166 -304 12 0
-164 -304 11 0
-163 -304 11 0
-168 -302 11 0
-167 -301 11 0
-151 -314 9 0
-167 -305 11 0
-167 -306 11 0
-166 -307 10 0
-167 -303 11 0
-166 -303 10 0
-165 -302 10 0
-175 -301 11 0
-169 -306 10 0
-169 -307 9 0
-169 -301 8 0
-165 -305 8 2
-158 -302 5 1
-158 -303 7 1
-158 -303 5 1
-158 -304 5 1
-159 -302 7 1
-159 -302 6 1
-159 -302 5 1
-159 -303 6 1
-159 -303 5 1
-159 -304 5 1
-158 -303 6 2
-158 -310 7 0
-158 -309 8 0
-153 -305 7 1
-154 -305 8 1
-154 -306 9 1
-155 -306 9 1
-154 -310 8 1
-155 -309 9 0
-156 -302 8 0
-156 -303 9 0
-152 -307 9 0
-163 -305 11 0
-160 -305 9 1
-160 -305 8 2
-160 -305 7 1
-160 -306 9 1
-152 -311 7 1
-151 -305 6 1
-151 -305 7 1
-153 -310 6 1
-153 -310 7 1
-177 -305 12 0
-176 -306 12 0
-175 -306 13 0
-177 -301 12 0
-178 -307 11 0
-177 -309 12 0
-177 -304 11 0
-174 -301 13 0
-168 -303 12 0
-195 -305 11 1
-195 -305 12 1
-164 -304 10 0
-198 -301 22 0
-198 -304 16 1
-198 -304 17 1
-159 -305 6 1
-198 -303 15 1
-196 -301 21 0
-197 -317 9 1
-197 -317 10 1
-197 -316 8 1
-197 -316 9 1
-160 -304 10 0
-160 -304 11 0
-186 -307 8 1
-186 -308 10 1
-186 -308 8 1
-186 -309 8 1
-187 -307 8 1
-192 -312 8 1
-189 -311 9 1
-193 -310 10 1
-192 -311 9 2
-175 -307 10 0
-174 -308 10 0
-175 -301 9 1
-184 -303 9 1
-184 -303 8 1
-151 -314 7 1
-151 -314 6 1
-151 -314 5 1
-194 -304 13 1
-151 -311 11 0
-194 -304 14 1
-184 -307 15 0
-156 -310 12 0
-183 -305 8 1
-183 -305 9 2
-183 -305 10 1
-183 -304 8 1
-183 -309 12 0
-184 -308 12 0
-185 -307 12 0
-187 -301 12 0
-187 -302 12 0
-196 -302 17 1
-196 -302 16 1
-196 -302 15 1
-197 -301 17 1
-164 -307 7 1
-165 -307 8 1
-165 -307 7 1
-161 -306 10 0
-158 -305 9 1
-158 -305 8 1
-158 -305 7 2
-156 -308 12 0
-156 -310 13 0
-157 -311 13 0
-154 -307 11 0
-153 -308 12 0
-152 -308 12 0
-182 -302 12 0
-182 -301 12 0
-154 -304 11 0
-180 -306 12 1
-179 -307 12 0
-181 -307 12 0
-180 -309 12 0
-152 -306 11 0
-151 -306 11 0
-157 -309 11 0
-158 -310 11 0
-158 -311 11 0
-156 -304 10 0
-156 -303 10 0
-156 -302 11 0
-184 -301 11 0
-177 -305 11 0
-176 -306 10 1
-183 -304 9 2
-183 -304 10 1
-181 -301 8 1
-181 -301 9 1
-180 -301 8 1
-180 -301 9 1
-151 -306 8 1
-151 -306 6 1
-175 -307 7 1
-175 -307 8 2
-151 -311 8 1
-151 -310 8 1
-152 -309 9 0
-151 -304 7 0
-152 -305 8 1
-152 -306 9 0
-156 -311 8 0
-155 -310 8 0
-155 -310 9 0
-178 -302 11 0
-179 -301 12 0
-153 -313 9 0
-153 -312 9 0
-160 -305 14 0
-159 -305 15 0
-159 -305 16 0
-159 -305 17 0
-161 -307 15 0
-173 -309 11 0
-178 -304 9 2
-178 -304 8 1
-179 -302 10 1
-185 -306 7 1
-151 -308 9 0
-156 -304 7 1
-158 -310 8 0
-154 -305 9 1
-154 -303 8 0
-153 -309 9 0
-153 -311 8 0
-152 -306 8 1
-151 -306 7 1
-156 -310 7 1
-161 -304 12 0
-161 -302 13 0
-160 -302 13 0
-161 -306 12 0
-161 -308 13 0
-161 -309 13 0
-190 -311 11 1
-190 -311 12 1
-193 -312 9 1
-193 -312 8 1
-193 -313 10 1
-193 -313 9 1
-193 -313 8 1
-194 -311 10 1
-194 -311 9 1
-194 -311 8 1
-195 -311 9 1
-195 -311 8 1
-198 -308 10 0
-197 -309 11 0
-197 -310 12 0
-193 -309 10 1
-194 -310 11 0
-195 -310 12 0
-199 -310 12 0
-174 -303 9 1
-174 -303 8 2
-193 -314 14 0
-194 -309 13 0
-193 -308 13 0
-198 -310 13 0
-198 -309 13 0
-199 -308 13 0
-200 -307 12 0
-196 -311 13 0
-195 -311 13 0
-194 -311 13 0
-192 -312 12 0
-196 -309 13 0
-196 -308 12 0
-195 -314 12 0
-194 -315 11 0
-165 -308 9 0
-164 -303 11 0
-160 -307 7 1
-165 -306 11 0
-170 -302 12 0
-168 -307 12 0
-171 -304 12 0
-199 -315 12 0
-198 -315 12 0
-198 -315 11 0
-176 -308 9 1
-200 -311 11 0
-200 -311 10 0
-199 -319 10 0
-159 -301 12 0
-198 -312 8 1
-198 -312 9 2
-198 -312 10 2
-197 -312 8 1
-197 -312 9 1
-197 -312 10 1
-176 -305 13 0
-176 -305 14 0
-177 -303 12 0
-177 -302 13 0
-177 -302 14 0
-175 -307 13 0
-175 -303 11 0
-174 -303 13 0
-189 -303 7 1
-189 -304 7 1
-189 -305 7 1
-190 -303 9 1
-196 -307 10 0
-190 -303 8 1
-190 -303 7 1
-190 -304 7 1
-190 -305 8 1
-190 -305 7 1
-189 -304 8 2
-192 -305 9 0
-187 -302 10 0
-187 -303 10 0
-187 -304 11 0
-183 -307 10 0
-184 -307 11 0
-154 -312 5 1
-200 -308 15 0
-199 -308 15 0
-194 -315 15 0
-194 -314 15 0
-181 -304 14 0
-181 -308 16 0
-183 -302 16 0
-183 -303 16 0
-182 -305 17 0
-182 -305 16 0
-180 -306 8 1
-180 -306 7 1
-180 -307 9 1
-180 -307 7 1
-180 -308 9 1
-180 -308 8 1
-180 -308 7 1
-181 -306 9 1
-181 -306 8 1
-181 -306 7 1
-181 -307 9 1
-181 -307 7 1
-181 -308 9 1
-181 -308 8 2
-181 -308 7 1
-180 -307 8 2
-184 -302 8 0
-182 -304 11 0
-178 -302 10 1
-189 -308 16 0
-187 -307 16 0
-174 -301 15 0
-173 -306 14 0
-172 -306 14 0
-177 -303 13 0
-172 -302 13 0
-188 -305 10 1
-188 -305 9 1
-188 -305 8 1
-168 -301 12 0
-169 -302 12 0
-184 -302 11 0
-196 -307 14 1
-175 -301 6 1
-196 -306 14 1
-196 -305 14 1
-193 -312 14 0
-180 -302 11 0
-151 -312 8 0
-151 -314 10 0
-164 -307 14 0
-164 -308 15 0
-200 -311 12 0
-195 -315 11 0
-197 -312 13 0
-196 -307 11 0
-197 -308 12 0
-197 -310 13 0
-179 -301 14 0
-187 -303 11 0
-185 -309 11 0
-181 -302 11 0
-184 -305 12 0
-181 -308 12 0
-182 -307 12 0
-164 -305 15 0
-165 -305 14 0
-166 -304 13 0
-167 -304 13 0
-156 -306 15 0
-170 -301 15 0
-169 -308 15 0
-169 -307 15 0
-169 -306 14 0
-168 -305 13 0
-165 -302 16 0
-165 -302 15 0
-166 -303 14 0
-167 -303 14 0
-171 -303 16 0
-171 -303 15 0
-170 -303 15 0
-166 -306 16 0
-188 -309 11 1
-186 -308 9 1
-197 -315 9 2
-187 -309 10 2
-199 -315 10 1
-199 -315 9 2
-199 -315 8 1
-199 -316 10 1
-199 -316 9 2
-199 -316 8 1
-188 -303 13 0
-179 -304 13 1
-152 -305 14 0
-153 -305 13 0
-154 -306 12 0
-154 -309 14 0
-154 -309 13 0
-155 -308 12 0
-155 -304 15 0
-154 -307 15 0
-155 -307 11 1
-158 -307 6 1
-158 -306 6 1
-157 -308 6 1
-157 -308 7 1
-157 -308 8 1
-157 -307 6 1
-157 -307 7 2
-157 -307 8 2
-157 -306 6 1
-157 -306 7 1
-157 -306 8 1
-159 -306 10 0
-159 -304 7 1
-159 -304 8 1
-159 -303 7 1
-159 -303 8 1
-159 -303 9 1
-160 -305 10 0
-155 -307 9 1
-155 -308 10 1
-182 -306 15 0
-180 -305 17 0
-180 -305 16 0
-180 -308 11 0
-171 -303 13 0
-172 -303 12 0
-172 -307 14 0
-173 -307 13 0
-174 -302 14 0
-174 -302 13 0
-173 -305 15 0
-173 -305 14 0
-173 -305 13 0
-166 -302 7 1
-166 -303 9 1
-200 -319 15 0
-200 -318 14 0
-167 -302 8 1
-167 -302 7 1
-167 -303 9 1
-200 -315 16 0
-167 -303 8 2
-167 -305 10 0
-164 -304 9 1
-164 -304 8 1
-157 -303 15 0
-161 -308 14 0
-161 -309 15 0
-162 -302 14 0
-159 -306 12 0
-158 -306 13 0
-157 -307 14 0
-156 -307 14 0
-159 -303 13 0
-159 -302 13 0
-158 -301 13 0
-159 -308 13 0
-159 -309 13 0
-159 -310 13 0
-158 -305 12 0
-157 -305 12 0
-156 -305 12 0
-155 -304 13 0
-162 -308 12 0
-162 -309 12 0
-179 -302 15 0
-179 -303 13 0
-180 -306 15 0
-178 -305 14 0
-178 -305 10 1
-176 -305 9 2
-170 -303 7 1
-170 -303 8 2
-170 -303 9 1
-168 -302 8 1
-168 -302 7 1
-168 -303 9 1
-176 -308 8 1
-176 -308 7 1
-176 -308 6 1
-189 -306 13 1
-184 -305 10 1
-184 -304 8 1
-184 -304 9 2
-184 -304 10 1
-190 -310 8 1
-190 -309 8 1
-189 -310 8 1
-189 -309 8 1
-189 -305 10 1
-189 -304 9 1
-190 -304 8 1
-189 -305 8 1
-189 -305 9 1
-172 -306 7 1
-186 -302 9 1
-191 -305 10 0
-191 -304 9 0
-183 -302 11 0
-176 -305 10 1
-175 -305 10 1
-196 -313 16 0
-197 -313 15 0
-197 -312 12 0
-196 -311 12 0
-196 -311 11 0
-195 -311 10 1
-199 -315 11 0
-199 -311 11 1
-199 -310 10 0
-197 -309 18 0
-197 -310 17 0
-197 -310 16 0
-197 -311 15 0
-199 -313 18 0
-199 -313 17 0
-196 -312 18 0
-196 -312 17 0
-177 -303 7 1
-177 -302 7 1
-176 -304 7 1
-176 -303 7 1
-178 -305 6 1
-177 -307 6 1
-177 -307 7 1
-177 -306 8 2
-151 -310 7 1
-197 -311 11 1
-198 -311 11 1
-198 -312 11 1
-188 -303 12 0
-187 -304 12 0
-189 -310 13 0
-182 -305 13 0
-183 -305 13 0
-198 -301 18 0
-200 -302 16 0
-186 -311 14 0
-186 -310 13 0
-186 -309 13 0
-185 -302 14 0
-186 -304 13 0
-186 -305 13 0
-183 -308 14 0
-198 -301 19 0
-189 -303 14 0
-188 -310 15 0
-188 -309 14 0
-184 -304 15 0
-185 -305 14 0
-185 -309 16 0
-186 -308 15 0
-200 -317 13 0
-187 -305 14 0
-189 -308 17 0
-186 -306 17 0
-186 -306 16 0
-186 -306 15 0
-151 -306 12 0
-151 -311 14 0
-154 -308 10 0
-175 -303 15 0
-176 -303 16 0
-162 -303 12 0
-161 -303 12 0
-161 -302 12 0
-160 -301 11 0
-163 -302 11 0
-163 -301 10 0
-163 -306 11 0
-162 -308 10 0
-161 -308 10 0
-163 -308 10 0
-199 -301 15 1
-187 -313 11 1
-187 -313 10 1
-185 -304 12 0
-186 -305 12 0
-184 -310 12 0
-182 -304 13 0
-182 -303 15 0
-182 -303 16 0
-182 -302 16 0
-181 -306 15 0
-180 -307 16 0
-180 -304 14 0
-179 -303 15 0
-183 -308 15 0
-183 -309 15 0
-197 -302 17 1
-184 -301 15 0
-179 -306 14 0
-196 -312 10 1
-199 -314 11 0
-174 -306 11 0
-177 -309 11 0
-157 -307 9 2
-157 -308 9 1
-158 -308 9 1
-160 -309 8 0
-160 -308 9 0
-159 -307 10 0
-159 -306 11 0
-155 -304 8 1
-156 -304 9 1
-157 -305 10 0
-157 -309 9 0
-158 -307 10 1
-158 -301 9 0
-158 -302 10 0
-158 -303 10 0
-158 -304 11 0
-154 -306 10 0
-156 -306 11 1
-162 -302 10 0
-159 -311 10 0
-169 -302 9 1
-168 -304 10 0
-169 -307 12 0
-196 -305 13 1
-196 -305 15 1
-195 -307 13 1
-195 -307 14 1
-195 -306 13 1
-195 -306 15 1
-195 -305 13 1
-195 -305 14 1
-199 -314 8 1
-199 -314 9 2
-179 -305 17 0
-198 -308 16 0
-199 -307 16 0
-195 -312 15 0
-194 -312 15 0
-193 -312 16 0
-192 -313 16 0
-196 -310 14 0
-196 -309 14 0
-195 -308 15 1
-195 -315 15 0
-195 -316 15 0
-200 -309 15 0
-194 -310 14 0
-193 -310 14 0
-192 -310 14 0
-197 -309 14 0
-178 -306 14 0
-177 -306 14 0
-191 -309 18 0
-190 -306 16 0
-190 -305 17 0
-174 -302 10 1
-174 -301 10 1
-173 -302 8 1
-173 -302 10 1
-173 -301 8 1
-173 -301 10 1
-172 -307 9 1
-172 -303 7 1
-172 -303 8 2
-157 -303 10 0
-157 -303 9 0
-157 -302 9 0
-173 -304 15 0
-173 -305 12 0
-172 -305 13 0
-156 -308 7 2
-156 -308 8 1
-156 -308 9 1
-156 -307 7 2
-156 -307 8 1
-156 -307 9 1
-156 -306 7 2
-156 -306 8 1
-156 -306 9 1
-155 -302 12 0
-164 -307 9 1
-163 -305 10 0
-161 -304 8 2
-161 -304 7 1
-161 -304 9 1
-161 -303 7 1
-161 -303 8 1
-161 -303 9 1
-160 -304 7 1
-160 -304 8 2
-160 -304 9 1
-191 -308 17 0
-193 -308 16 0
-193 -309 15 0
-198 -309 17 0
-181 -309 13 0
-181 -308 13 0
-180 -301 14 0
-183 -302 14 0
-184 -303 13 0
-184 -304 13 0
-181 -307 15 0
-182 -307 14 0
-187 -302 15 0
-160 -305 13 0
-198 -311 10 1
-197 -311 8 1
-197 -311 9 2
-197 -311 10 1
-193 -313 16 0
-194 -313 15 0
-195 -313 15 0
-196 -312 15 0
-199 -308 16 0
-199 -309 16 0
-199 -309 15 0
-198 -315 16 0
-185 -306 17 0
-182 -304 8 1
-182 -304 9 2
-182 -304 10 1
-182 -303 8 1
-182 -303 9 1
-157 -305 9 1
-173 -301 9 1
-173 -302 9 1
-172 -308 9 1
-173 -307 9 1
-174 -307 10 0
-175 -306 10 1
-195 -308 16 1
-171 -304 10 1
-175 -309 11 0
-196 -306 17 1
-175 -302 11 0
-175 -303 10 1
-196 -314 12 0
-197 -314 12 0
-198 -314 12 0
-196 -306 16 1
-196 -307 17 1
-196 -310 12 0
-197 -311 13 0
-198 -312 13 0
-196 -317 13 0
-197 -316 13 0
-200 -309 13 0
-200 -310 13 0
-200 -311 13 0
-200 -312 13 0
-195 -313 14 0
-182 -302 8 1
-174 -303 11 1
-174 -308 13 0
-174 -308 12 0
-195 -310 15 0
-188 -302 12 0
-188 -301 12 0
-185 -308 12 0
-184 -309 12 0
-183 -310 12 0
-191 -306 12 0
-184 -304 12 0
-184 -303 11 0
-183 -307 11 0
-187 -305 11 0
-186 -303 10 0
-186 -302 10 0
-185 -309 10 0
-185 -310 9 0
-191 -305 9 0
-183 -306 8 1
-170 -307 8 1
-170 -307 9 1
-171 -303 10 1
-173 -302 7 1
-174 -306 12 0
-175 -306 12 0
-176 -306 11 0
-180 -301 13 0
-175 -303 13 0
-176 -303 12 0
-176 -307 14 0
-177 -307 13 0
-190 -307 13 1
-187 -311 13 0
-188 -310 14 0
-189 -309 14 0
-191 -303 14 0
-191 -304 14 0
-191 -305 14 0
-191 -306 14 0
-186 -307 14 0
-187 -307 14 0
-188 -307 14 0
-189 -307 14 0
-194 -304 16 1
-194 -305 16 1
-195 -304 16 1
-195 -304 15 1
-195 -305 16 1
-196 -304 16 1
-196 -304 15 1
-196 -305 16 1
-189 -312 15 0
-190 -311 15 0
-165 -301 15 0
-196 -312 13 0
-195 -312 13 0
-194 -312 12 0
-193 -312 12 0
-176 -307 11 0
-200 -314 7 1
-200 -314 6 1
-200 -315 7 1
-200 -315 6 1
-200 -316 7 1
-151 -305 8 1
-178 -304 12 0
-151 -310 9 0
-176 -304 12 0
-175 -304 13 0
-187 -311 11 1
-187 -311 12 1
-187 -310 10 2
-177 -307 12 0
-176 -308 12 0
-189 -309 12 0
-178 -303 11 0
-177 -301 11 0
-188 -307 8 1
-188 -306 8 1
-176 -302 7 1
-181 -307 10 0
-182 -302 9 1
-181 -302 8 1
-181 -302 9 1
-177 -306 7 2
-178 -307 6 1
-178 -306 6 1
-188 -307 16 0
-188 -307 17 0
-189 -305 16 0
-177 -307 8 1
-177 -306 6 1
-191 -309 15 0
-192 -309 14 0
-187 -304 13 0
-158 -304 13 0
-196 -312 14 0
-192 -309 9 1
-192 -309 8 1
-198 -317 14 0
-198 -316 14 0
-197 -309 15 0
-197 -310 15 0
-198 -310 14 0
-198 -311 14 0
-195 -315 16 0
-196 -314 15 0
-193 -310 12 0
-195 -306 10 0
-200 -311 15 0
-200 -316 16 0
-196 -311 17 0
-196 -311 16 0
-197 -312 15 0
-193 -305 12 1
-197 -315 17 0
-197 -315 16 0
-198 -314 16 0
-198 -314 15 0
-199 -310 18 0
-199 -311 17 0
-199 -311 16 0
-199 -312 15 0
-194 -312 13 0
-198 -313 18 0
-198 -313 17 0
-198 -313 15 0
-191 -312 14 0
-191 -311 14 0
-193 -305 15 1
-193 -305 14 2
-193 -305 13 1
-193 -306 14 1
-199 -314 10 1
-180 -303 14 0
-180 -302 16 0
-178 -307 16 0
-178 -304 14 0
-178 -303 14 0
-186 -305 9 2
-187 -306 8 1
-192 -312 16 0
-193 -311 15 0
-171 -304 15 0
-171 -304 16 0
-171 -304 17 0
-173 -305 16 0
-173 -305 17 0
-165 -307 10 0
-164 -308 10 0
-165 -303 11 0
-164 -303 10 0
-163 -302 9 1
-167 -306 10 0
-168 -307 9 0
-168 -301 9 0
-163 -306 7 1
-163 -306 8 1
-163 -306 9 1
-163 -305 7 1
-163 -305 8 1
-163 -305 9 1
-163 -304 7 1
-163 -304 8 2
-163 -304 9 1
-165 -305 10 0
-165 -303 7 1
-165 -303 8 1
-165 -303 9 1
-165 -302 7 1
-165 -302 8 1
-166 -304 10 0
-169 -301 12 0
-163 -301 14 0
-168 -304 11 0
-167 -304 10 0
-171 -302 11 0
-164 -306 13 0
-170 -303 10 0
-169 -302 10 0
-168 -302 9 1
-169 -306 7 1
-164 -307 13 0
-164 -308 14 0
-166 -304 14 0
-165 -304 14 0
-164 -304 15 0
-164 -304 16 0
-164 -304 17 0
-166 -305 16 0
-167 -306 17 0
-187 -304 14 0
-188 -303 14 0
-188 -302 15 0
-185 -307 13 0
-183 -308 8 1
-183 -308 9 1
-183 -307 7 1
-185 -304 13 0
-185 -303 13 0
-185 -303 14 0
-184 -302 14 0
-185 -309 13 0
-185 -310 13 0
-185 -311 14 0
-184 -306 12 0
-181 -305 13 1
-187 -303 12 0
-176 -301 8 1
-176 -301 9 1
-175 -301 7 1
-192 -304 13 1
-192 -304 14 1
-192 -304 15 1
-174 -307 7 1
-174 -307 8 2
-189 -312 14 0
-192 -314 14 0
-194 -309 14 0
-192 -307 13 0
-196 -315 13 0
-197 -309 13 0
-197 -308 13 0
-198 -307 13 0
-199 -307 12 0
-193 -311 13 0
-152 -313 13 0
-180 -304 9 2
-180 -304 10 1
-180 -303 8 1
-180 -303 9 2
-180 -303 10 1
-183 -305 11 0
-185 -303 9 1
-185 -303 8 1
-152 -311 10 0
-153 -312 10 0
-154 -313 10 0
-151 -305 10 0
-151 -304 10 0
-170 -306 15 0
-183 -305 15 0
-183 -305 16 0
-183 -305 17 0
-185 -307 17 0
-183 -306 14 0
-182 -307 15 0
-182 -308 16 0
-182 -305 14 0
-182 -304 14 0
-181 -304 15 0
-182 -306 13 0
-181 -306 14 0
-180 -307 14 0
-183 -304 13 0
-182 -302 14 0
-183 -307 13 0
-183 -308 13 0
-186 -309 15 0
-186 -305 14 0
-189 -310 15 0
-189 -304 14 0
-190 -303 15 0
-186 -307 13 0
-186 -303 14 0
-186 -302 14 0
-188 -304 12 0
-185 -309 12 0
-194 -304 11 1
-160 -301 14 0
-171 -305 13 0
-161 -307 13 0
-170 -303 12 0
-178 -308 11 0
-154 -313 6 1
-154 -313 7 1
-153 -313 5 1
-153 -313 6 1
-153 -313 7 1
-198 -313 14 0
-199 -313 14 0
-170 -301 7 1
-169 -308 13 0
-171 -302 12 0
-170 -301 11 0
-165 -305 12 0
-164 -306 12 0
-163 -307 12 0
-166 -303 12 0
-165 -303 12 0
-164 -302 12 0
-164 -301 12 0
-164 -302 13 0
-167 -305 12 0
-167 -308 12 0
-167 -309 11 0
-165 -304 12 0
-162 -305 11 0
-171 -304 14 0
-168 -305 14 0
-162 -302 12 0
-165 -309 12 0
-157 -304 13 0
-193 -310 15 0
-197 -306 17 0
-196 -306 12 1
-196 -305 11 1
-196 -304 11 1
-196 -304 12 1
-196 -304 13 1
-195 -306 12 1
-176 -304 8 2
-179 -309 9 0
-195 -304 11 1
-195 -304 12 1
-195 -304 13 2
-190 -309 13 0
-189 -309 13 0
-174 -301 11 0
-192 -305 12 0
-174 -307 11 0
-174 -308 11 0
-174 -309 11 0
-170 -304 11 0
-177 -308 10 0
-178 -309 10 0
-176 -301 10 1
-195 -307 17 1
-174 -306 10 1
-173 -307 10 0
-176 -306 9 1
-176 -307 9 1
-177 -305 9 2
-177 -306 9 1
-177 -307 9 1
-173 -304 16 0
-174 -304 15 0
-174 -304 14 0
-174 -301 8 1
-174 -301 7 1
-174 -302 8 1
-174 -302 7 1
-170 -304 9 1
-170 -304 8 2
-170 -304 7 1
-170 -305 9 1
-170 -305 8 1
-170 -305 7 1
-170 -306 9 1
-170 -306 8 1
-177 -303 14 0
-178 -307 14 0
-179 -302 16 0
-179 -303 14 0
-181 -306 16 0
-178 -305 15 0
-198 -315 13 0
-199 -318 15 0
-176 -305 6 1
-181 -303 12 0
-177 -304 7 1
-178 -302 7 1
-200 -315 11 0
-198 -313 10 1
-198 -313 9 1
-198 -313 8 1
-199 -313 10 1
-199 -313 9 1
-199 -313 8 1
-200 -313 10 1
-200 -313 9 1
-200 -313 8 1
-164 -307 8 1
-187 -306 9 2
-200 -312 17 0
-200 -312 16 0
-200 -313 15 0
-157 -308 10 1
-157 -306 13 0
-157 -306 14 0
-157 -306 15 0
-157 -306 16 0
-159 -307 16 0
-158 -304 15 0
-158 -303 15 0
-157 -307 12 0
-157 -307 13 0
-157 -308 13 0
-151 -313 12 0
-152 -305 12 0
-156 -308 14 0
-156 -309 15 0
-156 -305 13 0
-181 -309 15 0
-169 -306 8 1
-175 -302 9 2
-151 -311 10 0
-152 -312 10 0
-153 -313 10 0
-182 -309 7 1
-173 -305 7 1
-173 -304 7 1
-173 -304 8 2
-173 -304 9 1
-177 -309 7 1
-180 -304 11 1
-180 -305 11 1
-188 -309 9 1
-190 -308 12 1
-192 -305 10 0
-192 -305 11 0
-191 -306 11 0
-191 -307 12 0
-187 -306 10 1
-189 -307 12 2
-199 -314 18 0
-174 -304 9 1
-169 -303 13 0
-170 -307 12 0
-172 -302 12 0
-200 -315 8 1
-200 -316 10 1
-200 -316 9 2
-159 -304 15 0
-159 -303 16 0
-158 -306 12 0
-158 -307 13 0
-157 -308 15 0
-158 -305 13 0
-159 -307 11 0
-154 -312 6 2
-194 -301 22 0
-196 -314 18 0
-200 -311 16 0
-151 -309 9 0
-197 -317 15 0
-194 -305 12 1
-194 -306 12 0
-194 -307 12 0
-190 -310 12 1
-191 -310 13 0
-184 -304 11 0
-160 -306 11 0
-194 -304 17 0
-192 -307 14 0
-188 -306 17 0
-189 -307 17 0
-190 -307 16 0
-190 -307 15 0
-190 -311 18 0
-190 -310 17 0
-191 -309 16 0
-191 -311 17 0
-192 -310 16 0
-159 -301 9 0
-155 -306 12 0
-159 -306 14 0
-155 -309 15 0
-155 -308 14 0
-155 -308 13 0
-158 -308 15 0
-158 -308 14 0
-155 -306 16 0
-167 -304 15 0
-193 -306 16 1
-194 -307 15 1
-194 -308 15 1
-195 -309 15 0
-195 -309 14 0
-179 -307 9 1
-179 -307 8 2
-179 -307 7 2
-179 -308 9 1
-179 -308 8 1
-179 -308 7 1
-180 -306 9 1
-194 -315 13 0
-194 -308 13 0
-200 -309 12 0
-193 -306 13 1
-193 -307 14 1
-193 -307 13 1
-189 -308 15 0
-190 -308 15 0
-191 -312 16 0
-170 -301 8 1
-195 -312 16 0
-174 -303 12 0
-156 -308 11 1
-197 -311 17 0
-194 -310 19 0
-194 -310 18 0
-196 -310 11 0
-195 -309 10 1
-195 -309 9 2
-195 -309 8 1
-195 -310 10 1
-195 -310 9 1
-195 -310 8 1
-196 -309 10 1
-196 -309 9 1
-196 -309 8 1
-197 -309 10 1
-197 -309 9 1
-197 -309 8 1
-173 -302 14 0
-172 -307 13 0
-171 -307 14 0
-177 -304 14 0
-172 -304 11 1
-171 -303 12 0
-170 -303 13 0
-174 -307 12 0
-153 -310 9 0
-198 -313 13 0
-200 -314 11 0
-199 -319 12 0
-199 -315 16 0
-160 -306 8 1
-160 -306 7 1
-160 -307 9 1
-160 -307 8 1
-160 -306 12 0
-176 -305 16 0
-174 -302 15 0
-174 -301 16 0
-171 -302 15 0
-160 -303 11 0
-159 -302 11 0
-158 -302 11 0
-188 -307 10 1
-199 -317 17 0
-191 -309 11 1
-196 -316 11 0
-197 -315 11 0
-197 -308 11 0
-197 -309 12 0
-198 -311 13 0
-194 -313 12 0
-196 -313 13 0
-196 -314 17 0
-198 -317 12 0
-195 -309 13 0
-194 -316 13 0
-195 -315 13 0
-196 -314 13 0
-199 -307 14 0
-199 -308 14 0
-199 -309 14 0
-199 -310 14 0
-193 -311 14 0
-193 -309 13 0
-198 -308 11 0
-198 -309 12 0
-192 -313 11 0
-193 -313 12 0
-197 -315 14 0
-196 -308 15 1
-197 -311 14 0
-194 -314 16 0
-195 -314 15 0
-196 -313 15 0
-200 -309 16 0
-195 -310 17 0
-196 -311 15 0
-196 -310 16 0
-200 -312 15 0
-196 -315 17 0
-197 -314 17 0
-197 -314 16 0
-198 -310 18 0
-198 -310 17 0
-194 -305 11 1
-195 -303 11 1
-181 -310 14 0
-161 -305 10 0
-160 -303 8 1
-160 -303 7 1
-152 -308 7 2
-164 -304 7 1
-186 -302 8 1
-164 -305 8 2
-186 -305 11 0
-169 -304 9 1
-197 -309 16 0
-193 -312 18 0
-193 -312 17 0
-193 -311 16 0
-194 -307 18 0
-194 -308 17 1
-194 -308 16 1
-195 -311 17 0
-193 -310 19 0
-199 -318 10 1
-199 -318 9 1
-199 -318 8 1
-176 -301 11 0
-180 -310 10 0
-177 -305 10 1
-178 -307 10 0
-178 -308 9 1
-177 -308 9 1
-175 -304 7 1
-175 -304 8 2
-175 -304 9 2
-175 -303 7 1
-175 -303 8 2
-175 -303 9 1
-175 -302 7 1
-175 -302 8 2
-155 -310 12 0
-200 -316 6 1
-155 -311 8 0
-179 -308 13 0
-178 -301 14 0
-179 -301 13 0
-152 -313 9 0
-152 -312 9 0
-152 -311 9 0
-178 -305 13 0
-200 -314 17 0
-200 -314 16 0
-177 -306 12 0
-157 -303 6 1
-157 -303 7 1
-157 -302 5 1
-157 -302 6 1
-172 -305 8 2
-197 -304 13 1
-197 -304 12 1
-174 -305 15 0
-174 -305 14 0
-194 -310 16 0
-194 -310 15 0
-168 -306 7 1
-170 -308 11 0
-155 -311 12 0
-168 -304 12 0
-165 -304 11 0
-169 -302 11 0
-169 -301 11 0
-170 -302 8 1
-170 -302 7 1
-169 -305 11 0
-168 -306 11 0
-168 -307 10 0
-167 -307 10 0
-167 -303 10 0
-167 -302 10 0
-166 -302 9 1
-170 -306 10 0
-195 -304 14 1
-196 -303 14 1
-196 -303 13 1
-196 -303 12 1
-196 -304 14 1
-198 -314 13 0
-152 -308 6 1
-151 -307 9 0
-160 -308 12 0
-156 -311 9 0
-156 -310 10 0
-156 -309 10 0
-152 -303 10 0
-153 -304 10 0
-180 -301 10 1
-155 -308 9 1
-181 -303 11 0
-172 -303 14 0
-172 -302 15 0
-172 -301 16 0
-192 -313 13 0
-192 -312 13 0
-192 -311 13 0
-188 -305 13 0
-190 -307 14 0
-188 -311 14 0
-189 -311 14 0
-191 -311 12 0
-192 -311 12 0
-174 -307 9 1
-172 -304 10 1
-180 -307 10 0
-190 -311 14 0
-199 -311 8 1
-194 -313 13 0
-154 -307 13 0
-155 -307 13 0
-156 -307 12 0
-160 -302 14 0
-159 -310 14 0
-159 -309 14 0
-158 -308 13 0
-155 -304 14 0
-181 -308 14 0
-177 -303 15 0
-193 -306 10 0
-191 -307 11 0
-180 -307 13 0
-182 -309 8 1
-151 -306 13 0
-152 -306 12 0
-152 -310 14 0
-152 -310 13 0
-152 -309 12 0
-153 -309 12 0
-153 -305 14 0
-153 -306 13 0
-153 -307 12 0
-155 -309 14 0
-152 -308 15 0
-153 -308 14 0
-174 -301 12 0
-171 -309 12 0
-172 -306 13 0
-172 -301 12 0
-170 -302 10 0
-173 -304 13 0
-173 -304 14 0
-171 -304 11 0
-170 -303 11 0
-171 -301 10 1
-169 -305 8 2
-171 -302 7 1
-189 -307 11 1
-189 -307 9 2
-189 -308 11 1
-189 -308 10 1
-189 -308 9 1
-190 -306 11 1
-190 -306 10 1
-190 -306 9 1
-157 -309 8 1
-190 -307 10 1
-190 -307 9 2
-190 -308 10 1
-190 -308 9 1
-152 -307 7 2
-152 -307 6 1
-195 -313 13 0
-195 -314 13 0
-196 -308 13 0
-197 -307 13 0
-198 -306 12 0
-193 -310 13 0
-192 -310 13 0
-155 -309 6 1
-155 -304 7 1
-157 -310 7 0
-157 -309 7 1
-181 -307 8 1
-182 -306 10 1
-185 -302 8 0
-176 -302 10 1
-176 -302 9 1
-176 -302 8 2
-179 -303 9 2
-179 -303 8 1
-179 -304 10 1
-179 -304 9 2
-179 -304 8 1
-179 -305 10 1
-179 -305 9 2
-179 -305 8 1
-182 -308 10 0
-182 -308 11 0
-183 -302 10 0
-198 -318 10 0
-199 -313 12 0
-191 -310 10 1
-199 -314 12 0
-199 -313 11 1
-193 -311 11 0
-197 -317 8 1
-181 -308 11 0
-181 -309 11 0
-181 -310 11 0
-167 -306 9 1
-167 -306 8 1
-167 -306 7 1
-167 -302 9 1
-168 -302 10 0
-169 -303 10 0
-169 -307 10 0
-169 -306 11 0
-170 -305 11 0
-189 -303 13 0
-189 -304 13 0
-170 -302 11 0
-180 -308 13 0
-181 -307 13 0
-198 -311 12 0
-200 -315 15 0
-195 -307 11 0
-199 -311 15 0
-183 -303 14 0
-161 -305 7 1
-152 -310 7 1
-151 -310 6 1
-199 -313 15 0
-177 -308 11 0
-175 -305 9 2
-176 -306 14 0
-179 -302 13 0
-179 -309 13 0
-184 -302 13 0
-177 -304 12 0
-185 -303 16 0
-186 -307 15 0
-184 -306 17 0
-184 -306 16 0
-184 -308 7 1
-184 -310 10 0
-185 -302 10 0
-185 -303 10 1
-173 -308 11 0
-173 -307 11 0
-173 -301 11 0
-173 -302 11 0
-173 -303 11 1
-170 -306 12 0
-172 -305 11 1
-173 -305 10 1
-176 -301 13 0
-176 -302 12 0
-175 -302 12 0
-175 -308 13 0
-198 -315 10 1
-200 -317 8 1
-200 -317 9 2
-200 -317 10 1
-200 -316 8 1
-154 -304 12 0
-153 -312 13 0
-153 -311 12 0
-153 -310 12 0
-175 -301 8 1
-174 -308 7 1
-174 -308 8 1
-151 -307 11 0
-152 -308 10 0
-174 -303 7 1
-151 -310 13 0
-151 -309 12 0
-196 -313 11 1
-193 -309 11 0
-193 -309 12 0
-188 -311 12 1
-188 -311 11 2
-184 -307 14 0
-183 -307 14 0
-182 -308 15 0
-183 -307 8 2
-183 -307 9 1
-151 -312 12 0
-151 -310 11 0
-180 -305 8 1
-182 -309 10 0
-183 -308 10 0
-183 -308 11 0
-183 -301 10 0
-196 -305 12 2
-193 -314 13 0
-193 -313 13 0
-193 -312 13 0
-162 -305 10 0
-162 -304 7 1
-162 -304 8 1
-162 -304 9 1
-162 -303 7 1
-162 -303 8 1
-187 -306 11 0
-190 -309 12 0
-186 -306 11 0
-182 -307 7 1
-182 -308 9 1
-182 -308 8 1
-182 -308 7 1
-170 -301 12 0
-157 -302 7 1
-154 -308 6 1
-154 -308 7 2
-154 -308 8 1
-154 -307 6 1
-168 -308 14 0
-168 -307 13 0
-169 -306 13 0
-169 -305 13 0
-154 -307 7 2
-154 -307 8 1
-168 -301 13 0
-169 -302 13 0
-165 -305 15 0
-197 -306 14 0
-194 -313 14 0
-194 -314 14 0
-169 -304 8 1
-162 -303 15 0
-162 -302 16 0
-165 -306 14 0
-166 -307 14 0
-166 -307 15 0
-166 -308 15 0
-192 -313 14 0
-185 -306 15 0
-194 -304 15 1
-193 -304 14 1
-192 -306 14 1
-191 -308 14 0
-198 -307 15 0
-198 -314 11 0
-196 -315 10 1
-188 -305 12 0
-183 -306 13 0
-174 -307 6 1
-174 -309 8 1
-169 -304 15 0
-169 -304 14 0
-162 -306 15 0
-163 -306 14 0
-163 -303 15 0
-163 -304 14 0
-165 -306 17 0
-191 -310 14 0
-192 -305 15 1
-192 -305 14 1
-192 -305 13 1
-152 -311 12 0
-185 -305 12 0
-183 -303 12 0
-183 -303 11 0
-189 -302 11 0
-184 -306 11 0
-183 -306 11 0
-182 -307 10 0
-186 -303 11 0
-192 -312 15 0
-151 -309 13 0
-156 -311 10 0
-156 -312 10 0
-173 -305 8 2
-173 -305 9 1
-152 -306 10 0
-151 -306 10 0
-151 -305 9 0
-179 -301 8 1
-154 -309 10 0
-154 -310 10 0
-154 -311 9 0
-154 -312 9 0
-177 -301 10 1
-161 -303 11 0
-165 -308 10 0
-164 -307 11 0
-157 -306 10 1
-158 -306 11 0
-165 -301 11 0
-162 -310 11 0
-155 -307 10 1
-156 -307 10 2
-159 -304 10 0
-157 -311 10 0
-191 -302 13 0
-190 -304 13 0
-190 -305 13 0
-192 -311 14 0
-185 -306 14 0
-195 -303 12 1
-195 -303 13 1
-175 -304 11 0
-154 -311 8 0
-168 -303 10 0
-166 -302 8 1
-167 -303 13 0
-188 -304 11 0
-190 -310 9 1
-190 -309 9 2
-159 -304 14 0
-160 -307 14 0
-158 -306 16 0
-158 -306 15 0
-192 -310 15 0
-194 -307 16 1
-195 -306 17 1
-195 -306 16 1
-173 -303 9 1
-173 -303 8 2
-173 -303 7 1
-172 -307 8 2
-172 -307 7 1
-188 -307 9 1
-188 -308 11 1
-188 -308 10 2
-197 -314 13 0
-169 -306 9 1
-177 -310 7 1
-197 -301 19 0
-158 -309 13 0
-157 -310 13 0
-155 -305 12 0
-154 -305 12 0
-157 -308 11 1
-195 -309 16 0
-195 -308 17 1
-195 -308 18 0
-195 -311 15 0
-194 -312 16 0
-194 -312 17 0
-194 -313 18 0
-198 -310 16 0
-199 -310 17 0
-195 -310 14 0
-194 -309 15 0
-193 -309 16 0
-192 -308 17 0
-197 -308 15 0
-197 -307 16 0
-194 -311 15 0
-155 -311 7 1
-155 -311 5 1
-155 -312 7 1
-155 -312 6 1
-155 -312 5 1
-156 -310 6 1
-192 -309 10 1
-192 -308 8 1
-192 -308 9 2
-192 -308 10 1
-192 -307 8 1
-192 -307 9 1
-192 -307 10 1
-193 -308 11 0
-192 -309 16 0
-192 -309 17 0
-192 -309 18 0
-193 -306 17 1
-192 -306 18 0
-196 -314 9 1
-196 -314 10 1
-196 -313 8 1
-157 -307 11 1
-190 -303 13 0
-159 -302 12 0
-159 -303 12 0
-180 -308 6 1
-174 -302 12 0
-175 -301 13 0
-171 -305 11 0
-189 -309 15 0
-169 -306 12 0
-172 -303 11 1
-172 -302 11 0
-172 -301 11 0
-157 -309 6 1
-172 -307 11 0
-172 -308 11 0
-172 -309 11 0
-169 -304 11 0
-168 -303 11 0
-175 -308 10 0
-176 -310 8 1
-157 -304 14 0
-170 -307 10 0
-169 -308 10 0
-172 -303 10 1
-171 -302 10 1
-170 -302 9 1
-170 -301 9 1
-173 -309 9 0
-169 -305 9 1
-168 -305 8 2
-172 -301 8 1
-164 -309 14 0
-165 -302 9 1
-175 -307 9 1
-191 -307 14 0
-183 -306 7 1
-159 -305 7 1
-159 -305 8 1
-159 -305 9 1
-158 -307 7 2
-158 -307 8 1
-158 -307 9 1
-158 -306 7 1
-158 -306 8 1
-158 -306 9 1
-191 -307 17 0
-190 -307 17 0
-194 -311 16 0
-195 -307 16 2
-196 -308 16 1
-172 -305 14 0
-157 -306 9 1
-187 -302 9 1
-187 -302 8 1
-187 -302 7 1
-187 -303 9 1
-187 -303 7 1
-187 -304 7 1
-188 -302 9 1
-188 -302 8 1
-188 -302 7 1
-187 -303 8 2
-185 -305 11 0
-182 -303 10 1
-174 -301 9 1
-174 -308 9 1
-173 -304 10 2
-174 -304 10 1
-175 -304 10 1
-176 -309 11 0
-198 -315 17 0
-193 -309 17 0
-194 -309 16 0
-183 -306 10 1
-183 -306 9 1
-163 -304 12 0
-166 -309 13 0
-193 -308 10 1
-197 -313 8 1
-197 -314 10 1
-189 -304 17 0
-188 -306 14 0
-194 -310 12 0
-191 -310 9 1
-191 -310 8 1
-191 -311 10 1
-191 -311 9 1
-191 -311 8 1
-191 -312 10 1
-192 -310 10 1
-192 -312 9 1
-187 -307 17 0
-188 -306 13 1
-188 -310 13 0
-155 -306 7 2
-155 -306 6 1
-155 -307 8 1
-155 -307 7 2
-155 -307 6 1
-155 -308 8 1
-155 -308 7 2
-155 -308 6 1
-156 -306 6 1
-156 -307 6 1
-197 -311 12 0
-199 -313 13 0
-198 -316 13 0
-156 -308 6 1
-158 -304 9 0
-158 -305 10 0
-159 -308 9 0
-196 -313 14 0
-197 -314 14 0
-154 -304 8 1
-199 -319 14 0
-199 -318 14 0
-199 -310 15 0
-199 -311 14 0
-199 -312 14 0
-200 -313 14 0
-200 -314 13 0
-196 -316 15 0
-198 -315 14 0
-172 -309 7 1
-172 -309 6 1
-173 -307 8 2
-173 -307 7 1
-173 -307 6 1
-173 -308 8 1
-173 -308 6 1
-173 -309 8 1
-173 -309 7 1
-173 -309 6 1
-164 -305 11 0
-193 -301 18 0
-200 -302 19 0
-200 -301 19 0
-161 -306 7 1
-161 -307 9 1
-161 -307 7 1
-196 -302 20 0
-162 -305 8 2
-162 -305 7 1
-167 -304 7 1
-198 -301 21 0
-162 -306 7 1
-162 -307 9 1
-162 -307 8 1
-163 -305 13 0
-164 -305 13 0
-170 -307 11 0
-171 -306 11 0
-167 -301 15 0
-166 -302 14 0
-169 -303 12 0
-176 -309 7 2
-173 -301 13 0
-173 -302 12 0
-166 -304 15 0
-176 -301 14 0
-175 -308 15 0
-172 -306 16 0
-191 -308 8 1
-193 -309 14 0
-190 -309 15 0
-174 -305 7 1
-196 -314 11 1
-197 -313 11 1
-197 -314 11 1
-199 -309 10 0
-155 -313 5 1
-200 -316 14 0
-199 -316 14 0
-177 -301 9 1
-181 -309 7 1
-190 -306 8 1
-190 -307 8 1
-190 -308 8 1
-191 -306 10 1
-191 -306 9 1
-191 -306 8 1
-192 -306 10 1
-192 -306 9 1
-192 -306 8 1
-189 -309 10 2
-190 -309 11 1
-191 -309 12 0
-193 -305 10 0
-192 -306 11 0
-192 -306 12 0
-192 -307 12 0
-192 -310 12 0
-190 -307 12 1
-197 -307 14 0
-197 -308 14 0
-167 -304 11 0
-169 -304 12 0
-171 -308 11 0
-163 -303 9 1
-163 -303 8 1
-163 -303 7 1
-164 -302 9 1
-168 -306 12 0
-169 -305 12 0
-170 -304 12 0
-164 -303 7 1
-171 -301 12 0
-166 -303 13 0
-169 -308 14 0
-169 -307 13 0
-161 -305 9 1
-161 -305 8 1
-169 -301 13 0
-166 -305 15 0
-167 -305 14 0
-200 -314 14 0
-191 -310 11 1
-177 -301 7 1
-171 -304 9 1
-151 -305 11 0
-171 -304 7 1
-151 -312 11 0
-151 -313 11 0
-151 -308 10 0
-171 -306 9 1
-189 -313 12 1
-189 -312 10 1
-189 -305 12 0
-189 -304 11 0
-189 -303 11 0
-198 -319 12 0
-199 -318 12 0
-197 -315 13 0
-200 -315 13 0
-152 -308 13 0
-153 -308 13 0
-156 -304 8 1
-200 -312 14 0
-156 -304 6 1
-152 -308 8 1
-192 -311 10 1
-192 -311 8 1
-192 -312 10 1
-170 -306 14 0
-166 -302 16 0
-167 -302 15 0
-167 -302 14 0
-168 -303 14 0
-173 -303 16 0
-162 -305 13 0
-167 -306 16 0
-168 -306 15 0
-168 -305 15 0
-169 -301 17 0
-169 -301 16 0
-160 -303 16 0
-171 -305 16 0
-168 -304 17 0
-168 -304 16 0
-175 -308 12 0
-165 -305 13 0
-164 -305 14 0
-163 -305 14 0
-162 -305 15 0
-166 -302 13 0
-165 -301 13 0
-165 -301 14 0
-174 -308 15 0
-166 -305 13 0
-166 -306 13 0
-166 -307 13 0
-165 -308 14 0
-165 -309 14 0
-165 -304 13 0
-162 -303 13 0
-168 -306 13 0
-159 -308 10 0
-158 -308 10 1
-158 -309 9 0
-159 -305 10 0
-158 -304 10 0
-157 -304 9 1
-157 -304 8 1
-161 -307 10 0
-161 -308 9 0
-161 -309 8 0
-161 -302 8 0
-159 -308 6 1
-159 -308 7 1
-159 -308 8 1
-159 -307 6 1
-159 -306 6 1
-158 -308 6 1
-158 -308 7 1
-158 -308 8 1
-185 -305 15 0
-190 -304 14 0
-186 -308 13 0
-185 -308 14 0
-184 -308 14 0
-187 -303 13 0
-191 -305 13 0
-187 -306 12 0
-191 -310 12 0
-189 -304 12 0
-189 -303 12 0
-189 -302 12 0
-186 -309 12 0
-186 -304 11 0
-185 -303 11 0
-190 -305 11 0
-191 -304 11 0
-186 -307 11 0
-185 -307 11 0
-184 -307 10 1
-188 -305 11 0
-184 -306 8 1
-184 -306 9 1
-168 -305 16 0
-166 -301 17 0
-173 -306 11 0
-174 -305 11 1
-175 -305 11 0
-178 -301 12 0
-177 -308 13 0
-173 -303 13 0
-174 -307 14 0
-188 -312 15 0
-192 -309 15 0
-167 -307 12 0
-193 -310 11 0
-186 -307 10 1
-176 -302 13 0
-176 -302 14 0
-163 -302 7 1
-163 -302 8 1
-165 -304 10 0
-160 -303 9 1
-151 -312 10 0
-186 -308 14 0
-187 -308 14 0
-190 -305 14 0
-186 -305 16 0
-187 -305 15 0
-173 -306 9 1
-189 -306 11 1
-197 -313 10 1
-153 -312 5 1
-153 -312 6 2
-153 -312 7 1
-153 -311 5 1
-153 -311 6 1
-153 -311 7 1
-152 -305 6 1
-152 -310 6 1
-178 -307 9 1
-178 -307 8 1
-178 -307 7 1
-179 -305 7 1
-180 -305 7 1
-177 -305 7 1
-177 -305 6 1
-187 -306 15 0
-157 -304 7 1
-157 -304 6 1
-157 -305 8 1
-157 -305 7 2
-157 -305 6 1
-158 -304 8 1
-158 -304 7 1
-158 -304 6 1
-158 -305 6 1
-159 -304 6 1
-157 -310 10 0
-160 -306 10 0
-158 -306 10 1
-171 -303 9 1
-171 -303 8 2
-171 -303 7 1
-172 -303 9 2
-188 -308 8 1
-189 -308 12 1
-187 -307 11 1
-187 -307 10 1
-187 -307 9 1
-178 -304 7 1
-187 -308 10 1
-187 -308 9 2
-187 -309 11 1
-179 -301 9 1
-187 -309 9 1
-180 -303 11 0
-155 -309 7 1
-155 -309 8 1
-154 -309 6 1
-182 -305 15 0
-198 -317 8 1
-152 -305 10 0
-154 -312 10 0
-153 -311 10 0
-153 -310 10 0
-182 -307 8 2
-182 -307 9 1
-165 -303 15 0
-165 -302 17 0
-164 -306 15 0
-164 -306 16 0
-163 -307 16 0
-168 -304 15 0
-164 -304 13 0
-164 -303 14 0
-163 -303 14 0
-170 -309 9 1
-170 -308 7 1
-170 -308 8 1
-170 -308 9 1
-170 -307 7 1
-192 -308 11 0
-191 -308 11 0
-195 -312 12 0
-195 -309 12 0
-198 -301 20 0
-199 -302 21 0
-199 -314 16 0
-193 -310 8 1
-182 -301 9 0
-179 -310 10 0
-196 -302 19 0
-197 -318 13 0
-198 -317 13 0
-177 -306 11 0
-200 -301 18 0
-200 -302 18 0
-199 -314 13 0
-194 -301 18 0
-162 -307 13 0
-162 -306 13 0
-159 -303 15 0
-178 -306 12 0
-177 -307 14 0
-177 -307 15 0
-178 -304 11 0
-176 -303 13 0
-176 -303 14 0
-181 -301 13 0
-184 -308 15 0
-183 -308 16 0
-184 -305 13 0
-183 -305 14 0
-182 -304 15 0
-186 -310 15 0
-186 -304 14 0
-160 -304 14 0
-166 -308 13 0
-198 -301 17 1
-165 -307 13 0
-159 -304 13 0
-198 -302 17 1
-160 -304 13 0
-198 -303 17 1
-161 -304 13 0
-161 -306 13 0
-162 -304 12 0
-162 -301 14 0
-180 -305 9 2
-180 -305 10 1
-180 -304 8 1
-161 -302 16 0
-163 -306 13 0
-163 -307 13 0
-162 -308 13 0
-162 -309 14 0
-169 -303 11 0
-168 -302 13 0
-163 -304 13 0
-162 -304 13 0
-161 -303 13 0
-160 -303 13 0
-170 -308 10 0
-167 -308 13 0
-168 -308 13 0
-165 -302 13 0
-162 -306 12 0
-160 -307 12 0
-153 -311 9 0
-159 -302 10 0
-160 -303 10 0
-155 -306 10 1
-156 -306 10 1
-157 -306 11 1
-163 -302 10 0
-162 -303 11 0
-161 -304 11 0
-160 -310 11 0
-168 -308 12 0
-151 -313 9 0
-176 -304 9 2
-176 -304 10 1
-172 -306 12 0
-166 -305 14 0
-168 -304 13 0
-154 -306 6 1
-185 -308 11 0
-190 -306 12 1
-191 -313 15 0
-189 -309 16 0
-188 -310 17 0
-188 -306 15 0
-187 -306 16 0
-187 -305 16 0
-191 -310 16 0
-188 -308 14 0
-187 -308 15 0
-187 -309 15 0
-198 -317 15 0
-170 -308 15 0
-170 -307 15 0
-166 -304 9 1
-168 -303 7 1
-168 -303 8 1
-175 -310 6 1
-197 -313 9 2
-175 -310 8 1
-175 -309 6 1
-175 -309 7 1
-175 -309 8 1
-175 -308 6 1
-175 -308 7 1
-175 -308 8 1
-188 -305 15 0
-192 -308 16 0
-192 -308 15 0
-197 -308 18 0
-192 -312 18 0
-192 -311 17 0
-192 -311 16 0
-172 -305 15 0
-174 -306 14 0
-175 -306 15 0
-173 -302 13 0
-165 -301 12 0
-166 -302 12 0
-167 -303 12 0
-164 -307 12 0
-165 -306 12 0
-193 -311 10 1
-193 -311 9 1
-193 -311 8 1
-193 -312 10 1
-155 -306 8 1
-156 -305 6 1
-200 -314 15 0
-156 -305 7 1
-156 -305 8 2
-172 -302 9 2
-172 -301 9 1
-175 -309 9 0
-170 -306 7 1
-180 -308 14 0
-181 -309 14 0
-178 -305 12 0
-177 -306 13 0
-176 -306 13 0
-175 -306 14 0
-178 -301 13 0
-177 -301 13 0
-178 -309 13 0
-175 -304 12 0
-188 -312 14 0
-187 -310 9 1
-154 -310 11 0
-152 -314 5 1
-200 -319 8 1
-200 -321 12 0
-180 -306 13 1
-198 -313 12 0
-176 -306 6 1
-181 -301 12 0
-195 -306 14 2
-196 -307 13 1
-196 -306 13 1
-196 -306 15 1
-194 -305 14 2
-154 -310 12 0
-155 -311 13 0
-152 -308 11 0
-166 -301 11 0
-166 -305 11 0
-176 -301 6 1
-200 -315 9 2
-199 -315 15 0
-196 -314 14 0
-198 -316 16 0
-198 -315 8 1
-194 -309 12 0
-193 -309 18 0
-195 -311 14 0
-192 -309 19 0
-195 -310 18 0
-195 -311 18 0
-174 -308 6 1
-193 -307 16 0
-174 -309 7 1
-174 -309 6 1
-173 -308 7 2
-188 -303 11 0
-171 -305 10 1
-171 -306 10 1
-172 -305 10 1
-182 -306 7 1
-182 -306 8 1
-182 -306 9 1
-185 -306 11 0
-183 -309 13 0
-183 -310 14 0
-180 -304 13 1
-153 -306 6 1
-156 -309 7 1
-156 -309 6 1
-181 -304 9 2
-190 -307 11 1
-154 -308 9 0
-154 -307 9 0
-152 -307 8 1
-175 -310 7 1
-197 -303 14 1
-198 -303 14 1
-199 -302 14 1
-199 -303 14 1
-185 -307 14 0
-196 -316 9 1
-200 -319 10 1
-185 -306 12 0
-194 -301 16 0
-194 -302 16 0
-199 -302 19 0
-199 -301 18 0
-199 -301 16 1
-200 -301 14 1
-196 -301 14 1
-196 -302 14 1
-197 -301 14 1
-197 -302 14 1
-198 -301 14 1
-198 -302 14 1
-199 -302 13 0
-197 -303 17 1
-197 -303 16 1
-197 -303 15 1
-197 -304 17 1
-197 -304 16 1
-197 -304 15 1
-198 -302 16 1
-198 -302 15 2
-189 -309 9 1
-188 -308 9 1
-182 -309 9 1
-186 -310 9 1
-186 -310 10 1
-186 -310 11 1
-186 -309 9 1
-176 -303 15 0
-165 -303 13 0
-193 -308 8 1
-200 -310 14 0
-198 -314 14 0
-197 -315 15 0
-177 -304 13 0
-188 -304 13 0
-184 -310 14 0
-184 -309 13 0
-185 -308 13 0
-181 -302 13 0
-181 -303 13 0
-178 -307 15 0
-186 -310 12 0
-185 -310 12 0
-193 -309 8 1
-200 -301 15 1
-151 -314 4 1
-151 -313 4 1
-151 -312 4 1
-155 -310 11 0
-151 -308 11 0
-183 -304 12 0
-182 -303 12 0
-182 -302 11 0
-163 -306 16 0
-163 -306 15 0
-162 -306 14 0
-160 -305 17 0
-161 -305 16 0
-161 -305 15 0
-161 -305 14 0
-161 -305 13 0
-159 -309 8 0
-171 -303 11 0
-173 -309 12 0
-170 -306 13 0
-176 -301 12 0
-171 -302 13 0
-173 -306 13 0
-174 -301 14 0
-176 -305 15 0
-157 -304 10 0
-161 -309 9 0
-153 -307 9 0
-154 -307 10 0
-158 -311 10 0
-158 -310 10 0
-158 -309 10 0
-158 -308 11 0
-154 -303 10 0
-155 -303 11 0
-156 -304 11 0
-156 -305 11 0
-154 -309 11 0
-155 -308 11 1
-156 -307 11 1
-158 -301 11 0
-161 -310 12 0
-160 -309 12 0
-158 -307 11 0
-153 -305 12 0
-156 -311 13 0
-157 -310 12 0
-199 -302 16 1
-160 -308 10 0
-160 -307 10 0
-175 -306 7 1
-175 -306 8 2
-175 -306 9 1
-174 -306 7 1
-174 -306 8 2
-174 -306 9 1
-175 -305 14 0
-174 -304 7 1
-155 -311 10 0
-171 -306 7 1
-186 -306 14 0
-189 -305 13 0
-197 -306 13 1
-197 -305 11 1
-197 -305 12 1
-197 -304 11 1
-188 -309 12 0
-192 -304 12 0
-191 -312 12 0
-191 -312 11 0
-197 -307 11 0
-189 -307 10 2
-176 -310 6 1
-177 -308 7 1
-177 -308 6 1
-177 -309 8 1
-187 -308 12 0
-186 -308 12 0
-190 -305 12 0
-190 -304 12 0
-190 -303 11 0
-190 -310 11 1
-189 -310 10 1
-189 -310 11 1
-188 -310 10 1
-188 -310 11 1
-188 -310 12 1
-161 -308 12 0
-161 -309 12 0
-162 -310 12 0
-174 -304 8 2
-170 -309 8 1
-170 -309 7 1
-171 -307 9 1
-171 -307 8 1
-171 -307 7 1
-171 -308 9 1
-171 -308 7 1
-171 -309 9 1
-171 -309 8 1
-171 -309 7 1
-172 -309 9 1
-171 -308 8 2
-199 -309 11 0
-186 -311 10 1
-154 -309 9 0
-180 -307 11 0
-153 -305 10 0
-186 -309 10 1
-186 -309 11 1
-173 -304 11 1
-195 -313 10 1
-198 -312 15 0
-197 -309 17 0
-167 -305 15 0
-178 -303 12 0
-176 -307 13 0
-159 -309 11 0
-159 -310 11 0
-191 -308 15 0
-191 -307 16 0
-194 -313 17 0
-190 -310 15 0
-189 -310 16 0
-191 -305 15 1
-191 -304 16 1
-200 -318 12 0
-189 -306 9 1
-189 -306 10 1
-188 -306 10 1
-188 -306 11 1
-194 -306 10 0
-191 -307 10 1
-191 -307 8 1
-181 -302 10 1
-152 -313 7 1
-155 -305 8 2
-155 -305 7 1
-155 -305 6 1
-154 -306 8 1
-154 -306 7 2
-163 -305 15 0
-162 -305 16 0
-162 -305 17 0
-192 -307 15 0
-196 -307 16 1
-177 -310 6 1
-157 -310 8 0
-153 -306 9 0
-153 -305 9 0
-176 -303 9 1
-176 -303 10 1
-191 -303 15 0
-189 -307 13 1
-191 -308 13 0
-200 -315 18 0
-200 -315 17 0
-188 -306 9 2
-188 -307 11 1
-180 -309 9 1
-197 -313 14 0
-200 -318 16 0
-193 -310 16 0
-193 -306 18 0
-193 -307 17 0
-198 -309 15 0
-198 -310 15 0
-196 -315 16 0
-196 -315 15 0
-186 -305 8 1
-186 -306 10 1
-186 -306 9 2
-186 -306 8 1
-187 -304 10 1
-187 -304 9 1
-187 -304 8 1
-187 -305 10 1
-165 -307 9 1
-164 -307 10 0
-200 -319 14 0
-161 -303 10 0
-152 -308 9 0
-161 -304 10 0
-181 -302 16 0
-179 -307 16 0
-179 -304 14 0
-178 -303 15 0
-182 -309 15 0
-156 -308 13 0
-157 -308 14 0
-155 -305 14 0
-183 -301 12 0
-183 -305 12 0
-181 -306 12 1
-180 -307 12 0
-178 -308 12 0
-181 -304 12 1
-180 -303 12 0
-179 -302 12 0
-179 -302 11 0
-181 -309 12 0
-153 -307 15 0
-154 -306 13 0
-151 -310 12 0
-154 -308 12 0
-153 -309 13 0
-153 -310 14 0
-153 -306 12 0
-152 -306 13 0
-151 -305 13 0
-155 -310 13 0
-156 -304 12 0
-157 -303 13 0
-153 -308 11 0
-151 -308 12 0
-158 -309 12 0
-159 -309 12 0
-154 -305 11 0
-153 -305 11 0
-153 -304 12 0
-153 -303 12 0
-172 -302 8 1
-179 -305 11 1
-178 -305 11 0
-194 -314 13 0
-195 -314 14 0
-198 -307 14 0
-198 -308 14 0
-196 -307 15 1
-200 -317 11 0
-199 -317 11 0
-190 -305 10 0
-189 -310 9 1
-200 -320 14 0
-200 -311 14 0
-177 -301 8 1
-178 -301 10 1
-190 -311 9 1
-191 -311 11 1
-185 -304 10 1
-185 -304 9 1
-185 -304 8 1
-185 -305 10 1
-185 -305 9 2
-186 -307 9 2
-176 -309 6 1
-172 -301 10 1
-173 -308 12 0
-173 -301 12 0
-170 -305 13 0
-171 -302 14 0
-191 -309 17 0
-189 -307 18 0
-179 -306 13 1
-183 -301 15 0
-182 -303 14 0
-174 -304 13 0
-172 -302 10 1
-197 -315 10 1
-186 -306 12 0
-187 -311 14 0
-187 -309 13 0
-187 -308 13 0
-153 -303 8 0
-153 -308 9 0
-200 -318 8 1
-200 -318 9 1
-191 -313 14 0
-193 -308 14 0
-192 -308 13 0
-191 -306 13 0
-156 -312 5 1
-156 -312 6 1
-156 -312 7 1
-156 -311 5 1
-156 -311 6 1
-156 -311 7 1
-156 -310 5 1
-185 -305 13 0
-184 -305 14 0
-183 -304 15 0
-187 -310 15 0
-193 -309 9 1
-157 -309 10 0
-157 -307 10 1
-195 -313 11 1
-195 -312 9 1
-195 -312 10 1
-195 -312 11 1
-197 -313 12 0
-199 -312 11 1
-183 -302 12 0
-178 -304 13 0
-182 -305 12 0
-186 -303 13 0
-182 -309 13 0
-182 -308 13 0
-182 -307 13 0
-181 -301 14 0
-181 -302 14 0
-182 -303 13 0
-188 -304 16 0
-187 -306 13 0
-187 -306 14 0
-191 -308 12 0
-194 -306 11 0
-192 -309 12 0
-169 -304 7 1
-191 -309 8 1
-191 -309 9 1
-191 -309 10 1
-197 -316 15 0
-190 -308 14 0
-171 -305 7 1
-171 -305 8 2
-171 -305 9 1
-193 -304 13 1
-193 -304 15 1
-192 -306 13 1
-176 -301 7 1
-196 -308 14 0
-178 -307 12 0
-151 -308 13 0
-155 -305 11 0
-154 -303 12 0
-180 -303 13 0
-180 -302 13 0
-180 -302 14 0
-189 -303 8 1
-189 -303 9 1
-188 -305 7 1
-168 -305 9 1
-161 -302 11 0
-161 -302 10 0
-161 -301 10 0
-161 -306 11 0
-198 -304 15 1
-199 -302 17 1
-198 -317 11 0
-192 -311 15 0
-191 -311 16 0
-190 -311 16 0
-193 -307 15 1
-193 -306 15 1
-193 -305 16 1
-193 -313 15 0
-193 -314 15 0
-198 -308 15 0
-199 -307 15 0
-200 -314 8 1
-200 -314 9 1
-200 -314 10 1
-180 -304 15 0
-180 -303 15 0
-184 -309 15 0
-197 -301 18 0
-197 -302 18 0
-159 -306 9 1
-195 -303 14 1
-200 -316 13 0
-152 -304 11 0
-152 -303 12 0
-152 -311 11 0
-152 -312 11 0
-152 -307 10 0
-151 -307 10 0
-173 -306 7 1
-173 -306 8 1
-160 -310 15 0
-160 -309 14 0
-159 -307 13 0
-198 -313 11 1
-192 -309 11 0
-196 -309 12 0
-196 -309 11 0
-196 -308 11 0
-197 -307 10 0
-194 -311 11 0
-196 -308 8 1
-196 -308 9 1
-196 -308 10 1
-195 -308 8 1
-195 -308 9 1
-195 -308 10 1
-194 -310 8 1
-194 -310 9 1
-194 -309 8 1
-186 -309 16 0
-189 -306 14 0
-189 -305 14 0
-188 -304 15 0
-188 -303 15 0
-177 -308 12 0
-180 -304 12 1
-179 -303 12 0
-178 -302 12 0
-178 -301 11 0
-184 -310 11 0
-193 -304 17 1
-193 -304 16 1
-193 -305 17 1
-192 -312 17 0
-188 -306 16 0
-189 -307 16 0
-189 -307 15 0
-189 -310 18 0
-189 -310 17 0
-190 -309 16 0
-190 -305 18 0
-190 -306 17 0
-191 -306 16 1
-191 -307 15 0
-189 -308 18 0
-190 -308 18 0
-190 -308 17 0
-180 -306 14 0
-186 -304 15 0
-186 -304 16 0
-186 -303 16 0
-185 -308 15 0
-184 -309 16 0
-189 -306 15 0
-190 -305 16 0
-162 -308 11 0
-162 -309 11 0
-175 -307 11 0
-170 -304 10 0
-171 -301 13 0
-172 -301 7 1
-171 -301 7 1
-191 -304 15 1
-171 -307 11 0
-175 -309 10 0
-159 -304 12 0
-184 -305 9 2
-184 -305 8 1
-184 -306 10 1
-198 -310 8 1
-198 -310 9 1
-198 -310 10 1
-197 -310 8 1
-175 -305 15 0
-166 -304 16 0
-165 -304 17 0
-196 -306 11 1
-153 -309 10 0
-152 -310 10 0
-154 -305 10 0
-165 -302 11 0
-164 -309 11 0
-164 -308 12 0
-180 -301 11 0
-178 -306 11 0
-177 -307 11 0
-155 -310 7 1
-155 -310 6 1
-155 -310 5 1
-190 -305 9 1
-190 -304 9 1
-177 -309 6 1
-187 -309 8 1
-187 -308 8 1
-199 -318 13 0
-198 -312 12 0
-197 -316 11 0
-176 -310 7 1
-197 -315 8 1
-176 -309 9 0
-167 -305 8 2
-167 -305 9 1
-167 -304 8 1
-167 -304 9 1
-169 -303 7 1
-155 -305 13 0
-154 -305 13 0
-153 -304 14 0
-158 -310 14 0
-155 -307 12 0
-200 -315 14 0
-199 -316 15 0
-199 -316 16 0
-156 -308 10 1
-156 -309 9 0
-199 -314 14 0
-197 -312 16 0
-156 -310 8 0
-156 -305 10 0
-156 -305 9 1
-155 -305 9 1
-199 -315 14 0
-194 -314 9 1
-194 -314 8 1
-195 -312 8 1
-195 -313 8 1
-198 -309 10 0
-194 -310 10 1
-195 -310 11 0
-195 -311 12 0
-193 -304 11 1
-193 -304 12 1
-193 -303 11 1
-181 -306 13 1
-185 -301 15 0
-184 -303 14 0
-182 -309 12 0
-152 -312 13 0
-185 -304 15 0
-185 -304 16 0
-176 -307 8 2
-185 -309 15 0
-176 -306 7 1
-176 -306 8 2
-187 -303 14 0
-176 -305 7 1
-176 -305 8 2
-187 -307 13 0
-186 -306 13 0
-185 -306 13 0
-184 -306 13 0
-190 -302 13 0
-170 -308 14 0
-177 -301 6 1
-189 -306 12 1
-188 -306 12 1
-187 -305 12 0
-192 -304 11 0
-192 -303 11 0
-188 -307 12 1
-200 -319 12 0
-193 -303 12 1
-199 -320 12 0
-200 -314 12 0
-200 -313 12 0
-188 -303 10 0
-188 -311 9 1
-188 -310 9 1
-187 -311 9 1
-179 -305 14 0
-186 -311 9 1
-178 -305 16 0
-186 -311 11 1
-193 -303 13 1
-189 -308 13 1
-188 -308 13 1
-164 -305 12 0
-163 -306 12 0
-162 -307 12 0
-161 -307 12 0
-164 -304 12 0
-164 -303 12 0
-163 -302 12 0
-162 -301 12 0
-165 -307 12 0
-165 -308 12 0
-165 -309 11 0
-168 -301 11 0
-163 -305 12 0
-160 -310 13 0
-160 -305 12 0
-178 -301 9 1
-159 -307 12 0
-159 -308 12 0
-158 -308 12 0
-160 -304 12 0
-177 -308 8 1
-175 -305 8 2
-177 -306 10 1
-177 -305 14 0
-177 -305 15 0
-178 -303 13 0
-178 -302 14 0
-179 -307 15 0
-154 -311 11 0
-192 -306 15 1
-190 -309 14 0
-189 -310 14 0
-195 -308 12 0
-195 -307 12 0
-195 -306 11 1
-193 -314 11 0
-194 -310 13 0
-197 -312 14 0
-196 -301 19 0
-195 -301 21 0
-199 -301 20 0
-188 -307 13 1
-162 -306 9 1
-162 -305 9 1
-161 -306 8 2
-161 -306 9 1
-153 -306 7 2
-154 -304 7 1
-154 -304 9 1
-152 -309 6 1
-152 -309 7 2
-152 -309 8 1
-188 -308 12 1
-186 -304 12 0
-187 -305 13 0
-186 -311 13 0
-187 -310 13 0
-188 -313 12 1
-188 -313 11 1
-188 -313 10 1
-189 -311 12 1
-189 -311 11 2
-189 -311 10 1
-189 -312 12 1
-192 -307 11 0
-187 -310 12 1
-187 -310 11 1
-162 -304 11 0
-194 -307 10 1
-194 -307 9 1
-191 -305 18 0
-191 -306 17 1
-192 -307 16 0
-193 -310 18 0
-190 -308 19 0
-191 -308 18 0
-191 -308 16 0
-175 -301 12 0
-170 -302 13 0
-176 -304 14 0
-174 -304 12 0
-171 -306 13 0
-172 -305 12 0
-172 -304 15 0
-172 -304 14 0
-172 -304 13 0
-173 -304 12 0
-152 -309 10 0
-151 -310 10 0
-153 -306 10 0
-152 -304 10 0
-151 -304 9 0
-153 -304 8 0
-194 -311 14 0
-196 -311 14 0
-168 -306 8 1
-168 -306 9 1
-168 -305 7 1
-166 -304 11 0
-200 -315 10 1
-160 -303 15 0
-192 -305 16 2
-159 -307 14 0
-159 -307 15 0
-158 -308 16 0
-159 -305 12 0
-159 -305 13 0
-158 -304 14 0
-155 -311 6 2
-176 -309 8 1
-151 -307 8 1
-151 -311 7 1
-152 -311 8 0
-152 -310 8 1
-200 -319 9 1
-194 -305 13 1
-194 -306 15 1
-194 -306 14 2
-194 -306 13 1
-193 -305 11 1
-194 -303 11 1
-194 -304 12 2
-194 -303 12 1
-194 -303 13 1
-194 -303 14 1
-190 -308 13 1
-188 -309 13 0
-187 -309 12 0
-191 -307 13 0
-191 -305 12 0
-191 -304 12 0
-189 -312 11 2
-190 -313 10 1
-190 -313 11 1
-190 -313 12 1
-190 -312 10 1
-190 -312 11 1
-190 -312 12 1
-190 -311 10 1
-155 -306 11 1
-154 -306 11 0
-153 -306 11 0
-152 -305 11 0
-158 -309 11 0
-159 -311 11 0
-154 -308 11 0
-153 -309 11 0
-153 -310 11 0
-162 -307 10 0
-155 -305 10 0
-154 -304 10 0
-153 -303 10 0
-157 -301 13 0
-157 -302 13 0
-158 -303 13 0
-158 -304 12 0
-183 -303 9 1
-195 -301 15 1
-195 -301 16 1
-195 -301 17 1
-199 -301 14 1
-199 -302 20 0
-197 -302 19 0
-196 -303 19 0
-194 -301 17 0
-198 -303 16 2
-160 -309 9 0
-198 -301 15 1
-198 -301 16 1
-199 -301 19 0
-197 -303 18 0
-200 -302 17 0
-194 -302 17 0
-200 -301 20 0
-199 -304 15 1
-199 -304 16 1
-199 -304 17 1
-199 -303 15 1
-199 -303 16 1
-195 -302 21 0
-196 -301 20 0
-199 -303 17 1
-199 -302 15 1
-185 -310 11 0
-185 -311 11 0
-188 -302 11 0
-182 -306 11 0
-181 -306 10 1
-185 -304 11 0
-184 -302 10 0
-184 -301 10 0
-184 -308 11 0
-184 -309 10 0
-183 -309 10 0
-181 -305 8 1
-181 -305 9 2
-181 -305 10 1
-181 -304 8 1
-181 -304 10 1
-181 -303 8 1
-181 -303 9 2
-181 -303 10 1
-184 -305 11 0
-152 -310 11 0
-186 -305 10 1
-196 -315 9 1
-196 -315 8 1
-196 -316 10 1
-196 -316 8 1
-189 -311 16 0
-200 -312 11 0
-197 -312 11 1
-151 -313 10 0
-194 -308 14 0
-194 -306 17 1
-194 -306 16 1
-194 -307 17 1
-199 -310 11 0
-199 -311 12 0
-195 -314 11 1
-158 -302 6 1
-158 -302 7 1
-157 -304 5 1
-171 -307 13 0
-157 -303 5 1
-175 -308 9 1
-176 -305 12 0
-175 -305 7 1
-196 -314 8 1
-194 -307 14 1
-194 -307 13 1
-195 -305 15 2
-172 -307 10 0
-188 -309 16 0
-187 -310 16 0
-191 -306 15 1
-190 -306 15 0
-190 -305 15 0
-190 -304 16 0
-191 -309 14 0
-191 -311 15 0
-190 -312 15 0
-190 -313 15 0
-189 -308 14 0
-188 -307 15 0
-187 -307 15 0
-192 -303 14 0
-188 -309 8 1
-160 -306 14 0
-196 -312 12 0
-194 -312 10 1
-194 -312 9 2
-194 -312 8 1
-195 -314 8 1
-194 -313 10 1
-194 -313 9 1
-194 -313 8 1
-194 -314 10 1
-187 -304 16 0
-152 -314 6 1
-152 -314 7 1
-200 -318 10 1
-161 -306 14 0
-181 -302 12 0
-179 -303 11 0
-177 -302 11 0
-180 -309 11 0
-180 -310 11 0
-179 -301 10 1
-179 -307 10 0
-178 -308 10 0
-178 -309 9 0
-187 -308 11 1
-178 -303 7 1
-191 -304 13 0
-179 -306 12 1
-179 -305 12 1
-179 -305 13 1
-179 -304 11 1
-180 -305 14 0
-179 -305 15 0
-179 -305 16 0
-162 -307 14 0
-163 -308 14 0
-163 -309 15 0
-163 -302 14 0
-164 -301 15 0
-161 -305 12 0
-160 -306 13 0
-174 -305 17 0
-168 -301 15 0
-168 -302 14 0
-168 -308 15 0
-167 -307 15 0
-167 -306 14 0
-167 -305 13 0
-163 -302 16 0
-164 -302 15 0
-165 -303 14 0
-170 -303 16 0
-169 -303 15 0
-165 -306 16 0
-172 -308 13 0
-166 -302 15 0
-168 -305 17 0
-172 -301 13 0
-175 -301 14 0
-170 -302 15 0
-172 -306 15 0
-173 -301 16 0
-173 -302 15 0
-174 -303 14 0
-175 -305 16 0
-172 -304 17 0
-168 -306 14 0
-161 -306 15 0
-162 -305 14 0
-164 -305 10 0
-166 -305 10 0
-164 -303 8 2
-164 -303 9 1
-164 -302 7 1
-164 -302 8 1
-198 -318 15 0
-199 -317 14 0
-200 -317 14 0
-193 -310 9 1
-172 -306 8 1
-172 -306 9 1
-172 -305 7 1
-172 -305 9 2
-172 -304 7 1
-172 -304 8 2
-172 -304 9 2
-197 -306 15 0
-187 -313 12 1
-190 -304 11 0
-191 -303 11 0
-169 -303 8 2
-169 -303 9 1
-169 -302 7 1
-169 -302 8 1
-180 -305 13 1
-186 -303 12 0
-186 -302 12 0
-186 -301 12 0
-184 -307 12 0
-183 -308 12 0
-182 -308 12 0
-182 -309 11 0
-182 -310 11 0
-185 -301 11 0
-180 -305 12 2
-152 -313 5 1
-152 -313 6 1
-180 -308 12 0
-179 -308 12 0
-180 -302 12 0
-183 -309 11 0
-183 -310 11 0
-185 -302 11 0
-186 -301 11 0
-181 -305 12 1
-179 -306 11 1
-178 -306 10 1
-182 -303 11 0
-182 -302 10 1
-182 -301 10 0
-182 -307 11 0
-181 -308 10 0
-181 -309 10 0
-180 -302 8 1
-180 -302 9 2
-180 -302 10 1
-179 -302 8 1
-179 -302 9 1
-178 -303 8 1
-178 -303 9 2
-178 -303 10 1
-178 -302 8 1
-178 -302 9 2
-182 -310 14 0
-170 -306 16 0
-175 -303 16 0
-170 -302 14 0
-169 -302 15 0
-163 -304 10 0
-151 -313 5 1
-151 -313 6 2
-151 -313 7 1
-151 -312 5 1
-151 -312 6 2
-151 -312 7 1
-151 -311 5 1
-151 -311 6 1
-173 -307 15 0
-173 -301 14 0
-170 -304 13 0
-154 -308 13 0
-157 -305 11 0
-157 -304 12 0
-156 -303 13 0
-156 -302 13 0
-157 -309 12 0
-178 -310 9 0
-174 -305 8 2
-176 -304 11 0
-151 -311 9 0
-168 -305 12 0
-167 -306 12 0
-166 -306 12 0
-166 -307 12 0
-168 -302 12 0
-167 -302 12 0
-167 -301 12 0
-151 -312 9 0
-185 -306 16 0
-171 -306 8 1
-177 -310 8 1
-179 -304 12 1
-176 -304 13 0
-179 -308 10 0
-155 -303 8 0
-184 -301 12 0
-153 -310 8 1
-171 -305 14 0
-184 -306 14 0
-184 -306 15 0
-183 -306 16 0
-183 -306 17 0
-186 -307 16 0
-186 -307 17 0
-184 -304 14 0
-184 -303 16 0
-183 -307 15 0
-184 -302 12 0
-184 -303 12 0
-151 -307 12 0
-151 -306 14 0
-185 -302 13 0
-180 -309 14 0
-180 -309 13 0
-167 -304 16 0
-167 -304 17 0
-169 -305 16 0
-170 -305 17 0
-177 -304 10 1
-177 -303 8 2
-177 -303 9 2
-177 -303 10 1
-177 -302 8 1
-177 -302 9 2
-177 -302 10 1
-181 -304 11 1
-183 -302 8 0
-181 -305 11 1
-172 -302 7 1
-169 -301 9 0
-172 -309 12 0
-172 -306 11 0
-171 -301 11 0
-171 -305 12 0
-153 -311 11 0
-153 -312 12 0
-153 -307 11 0
-152 -307 11 0
-157 -310 11 0
-157 -311 11 0
-155 -304 10 0
-155 -303 10 0
-155 -302 10 0
-153 -308 10 0
-175 -307 14 0
-170 -305 14 0
-173 -307 12 0
-173 -308 13 0
-169 -304 10 0
-172 -304 16 0
-174 -305 16 0
-173 -303 14 0
-173 -301 15 0
-171 -306 15 0
-171 -306 16 0
-181 -305 14 0
-180 -305 15 0
-189 -308 8 1
-189 -307 8 1
-189 -306 8 1
-182 -306 16 0
-181 -304 13 1
-181 -303 16 0
-167 -302 13 0
-167 -301 13 0
-156 -306 14 0
-167 -306 13 0
-167 -307 13 0
-167 -307 14 0
-167 -308 14 0
-164 -303 13 0
-163 -303 13 0
-170 -307 13 0
-156 -306 13 0
-156 -306 12 0
-167 -304 12 0
-166 -305 12 0
-165 -304 7 1
-165 -304 8 1
-165 -304 9 1
-164 -306 7 1
-164 -306 8 2
-164 -306 9 1
-164 -305 7 1
-196 -311 18 0
-164 -305 9 1
-195 -311 19 0
-198 -312 17 0
-198 -312 18 0
-198 -311 9 1
-198 -311 8 1
-199 -311 10 1
-199 -311 9 1
-195 -305 17 0
-199 -312 10 1
-199 -312 9 1
-199 -312 8 1
-191 -311 18 0
-200 -313 11 0
-200 -310 9 0
-196 -311 10 1
-196 -312 11 1
-193 -308 15 0
-194 -309 17 0
-191 -309 19 0
-197 -317 11 0
-198 -309 11 0
-198 -310 11 0
-198 -310 12 0
-194 -314 12 0
-195 -313 12 0
-196 -313 12 0
-197 -313 13 0
-197 -310 14 0
-196 -309 15 0
-195 -307 15 1
-199 -317 12 0
-195 -310 13 0
-196 -310 13 0
-195 -316 13 0
-196 -316 13 0
-200 -308 13 0
-199 -309 13 0
-199 -310 13 0
-199 -311 13 0
-199 -312 13 0
-194 -312 14 0
-195 -312 14 0
-193 -308 9 2
-197 -314 9 2
-185 -307 10 1
-185 -307 9 1
-185 -307 8 1
-185 -308 10 1
-185 -308 9 1
-181 -309 9 1
-181 -309 8 1
-173 -306 12 0
-198 -313 16 0
-188 -304 14 0
-188 -305 14 0
-178 -301 8 1
-155 -313 6 1
-155 -313 7 1
-154 -313 5 1
-159 -306 13 0
-162 -307 7 1
-163 -307 9 1
-163 -307 8 1
-163 -307 7 1
-162 -306 8 2
-166 -301 9 0
-166 -307 9 0
-199 -313 16 0
-199 -314 15 0
-200 -318 17 0
-200 -317 16 0
-166 -306 10 0
-166 -306 11 0
-162 -303 9 1
-162 -303 10 0
-163 -303 10 0
-163 -303 11 0
-166 -307 11 0
-159 -305 11 0
-162 -305 12 0
-155 -312 10 0
-151 -309 10 0
-175 -305 13 0
-177 -309 9 0
-174 -302 9 2
-173 -308 9 1
-152 -310 9 0
-177 -305 8 2
-176 -307 6 1
-176 -307 7 1
-174 -305 13 0
-175 -305 12 0
-197 -306 12 1
-197 -306 11 1
-177 -305 13 0
-178 -308 8 1
-178 -308 7 1
-178 -308 6 1
-190 -308 16 0
-195 -313 9 2
-195 -314 10 1
-195 -314 9 1
-168 -304 14 0
-169 -304 13 0
-161 -307 8 1
-172 -301 14 0
-172 -307 15 0
-171 -307 15 0
-171 -306 14 0
-167 -302 16 0
-168 -302 15 0
-169 -302 14 0
-169 -303 14 0
-174 -303 16 0
-173 -303 15 0
-169 -306 16 0
-169 -306 15 0
-169 -305 15 0
-170 -301 16 0
-171 -303 14 0
-172 -305 17 0
-172 -305 16 0
-169 -304 17 0
-170 -304 16 0
-170 -304 15 0
-170 -304 14 0
-163 -307 10 0
-164 -306 11 0
-162 -307 11 0
-164 -301 11 0
-164 -302 11 0
-160 -305 11 0
-161 -305 11 0
-196 -301 17 1
-195 -302 15 1
-195 -302 16 1
-195 -302 17 1
-168 -301 17 0
-168 -302 16 0
-152 -309 13 0
-184 -308 8 1
-184 -308 9 1
-184 -307 7 1
-184 -307 9 1
-184 -306 7 1
-183 -308 7 1
-180 -306 10 1
-181 -306 11 1
-183 -306 12 0
-186 -308 11 1
-186 -307 12 0
-187 -307 12 0
-162 -307 15 0
-162 -307 16 0
-162 -304 14 0
-162 -303 14 0
-161 -303 15 0
-197 -314 8 1
-178 -306 13 0
-200 -315 12 0
-175 -307 12 0
-193 -306 11 0
-186 -302 7 1
-171 -308 10 0
-155 -309 11 0
-158 -305 11 0
-157 -304 11 0
-156 -303 11 0
-155 -302 11 0
-159 -308 11 0
-153 -307 10 0
-155 -312 9 0
-155 -311 9 0
-155 -310 10 0
-155 -309 10 0
-151 -309 11 0
-180 -309 7 1
-180 -309 8 1
-156 -309 11 0
-194 -308 8 1
-194 -308 9 1
-194 -308 10 1
-171 -301 9 1
-174 -309 9 0
-166 -302 11 0
-170 -306 11 0
-178 -306 7 1
-178 -306 8 1
-178 -306 9 1
-178 -305 7 1
-178 -305 8 1
-178 -305 9 2
-154 -311 12 0
-165 -302 14 0
-165 -308 15 0
-192 -312 14 0
-195 -308 14 0
-194 -305 15 1
-152 -309 11 0
-152 -307 12 0
-151 -308 15 0
-151 -308 14 0
-175 -302 13 0
-175 -302 14 0
-174 -307 13 0
-173 -307 14 0
-173 -303 12 0
-172 -303 13 0
-176 -307 12 0
-176 -308 13 0
-176 -303 11 0
-176 -302 11 0
-177 -302 12 0
-174 -305 10 1
-173 -305 11 1
-171 -306 12 0
-174 -303 10 1
-174 -302 11 0
-152 -306 7 2
-152 -306 6 1
-151 -307 7 2
-151 -307 6 1
-151 -308 8 1
-151 -308 7 2
-160 -309 11 0
-160 -308 11 0
-160 -307 11 0
-157 -302 11 0
-157 -303 11 0
-158 -303 11 0
-159 -304 11 0
-156 -309 12 0
-157 -308 12 0
-158 -307 12 0
-156 -312 9 0
-161 -301 12 0
-160 -303 12 0
-163 -309 12 0