DAV_OBMAP v3 cell_size=10
-188 261 32 0
-193 264 32 0
-189 263 31 0
-189 264 31 0
-194 262 30 0
-195 262 30 0
-188 260 30 0
-187 261 30 0
-186 261 30 0
-200 261 0 1
-200 261 1 1
-200 262 0 1
-200 262 1 1
-200 262 2 1
-200 263 0 1
-200 263 1 1
-200 263 2 1
-189 253 25 1
-188 251 23 0
-188 252 23 0
-187 253 24 0
-187 254 24 0
-192 252 24 1
-187 252 36 0
-197 254 2 1
-197 253 4 1
-197 253 3 1
-197 253 2 1
-198 254 0 1
-199 254 0 1
-198 257 1 1
-198 257 0 1
-198 256 1 1
-198 256 0 1
-198 255 1 1
-198 255 0 1
-199 257 0 1
-194 263 30 0
-193 263 30 0
-190 256 30 1
-190 256 29 1
-188 253 13 0
-189 255 36 0
-198 253 31 2
-199 252 32 1
-199 253 30 1
-199 253 31 2
-199 253 32 1
-199 254 30 1
-199 254 31 2
-199 254 32 1
-198 252 30 1
-198 252 31 2
-198 252 32 1
-198 253 30 1
-198 253 32 1
-198 254 30 2
-198 254 31 2
-198 254 32 1
-197 252 30 1
-197 252 31 1
-197 252 32 1
-197 253 30 2
-197 253 31 2
-197 253 32 1
-197 254 30 1
-197 254 31 1
-193 251 35 0
-193 252 36 0
-194 252 37 0
-189 250 31 0
-188 250 34 0
-188 253 37 0
-189 251 32 0
-189 252 33 0
-195 250 36 0
-190 253 35 0
-192 250 33 0
-187 251 31 0
-186 251 32 0
-192 253 34 0
-192 254 34 0
-191 253 32 1
-197 259 6 1
-197 260 6 1
-200 265 6 0
-188 251 30 0
-188 252 30 0
-187 254 31 0
-199 258 5 1
-199 258 6 1
-185 251 30 0
-184 251 30 0
-192 252 36 0
-190 254 29 1
-191 252 38 0
-191 252 39 0
-194 250 39 0
-193 250 29 1
-192 255 38 0
-187 252 29 0
-186 253 28 0
-196 252 38 0
-190 253 36 0
-192 253 29 1
-193 250 36 0
-199 265 12 0
-199 258 2 1
-188 253 27 0
-188 254 27 0
-198 258 36 0
-199 259 36 0
-194 254 35 0
-193 253 36 0
-196 256 34 0
-195 258 35 0
-195 259 35 0
-195 250 35 0
-193 256 34 0
-192 256 34 0
-197 257 34 0
-197 258 34 0
-197 259 34 0
-198 260 34 0
-195 253 33 0
-194 252 33 0
-193 252 33 0
-195 256 33 0
-193 258 33 0
-198 256 33 0
-199 257 33 0
-195 254 33 0
-193 254 32 1
-192 254 32 1
-195 251 31 2
-195 250 30 1
-195 250 31 1
-195 250 32 1
-195 251 30 1
-195 251 32 1
-194 250 30 1
-194 250 31 1
-194 250 32 1
-194 251 30 2
-194 251 31 1
-194 251 32 1
-194 252 30 1
-194 252 31 2
-192 255 29 1
-192 255 30 1
-192 255 31 1
-192 256 29 1
-192 256 30 1
-192 256 31 1
-192 257 29 1
-192 257 30 1
-192 257 31 2
-195 256 32 1
-194 253 29 1
-194 253 30 1
-194 253 31 2
-197 255 32 1
-189 258 34 0
-194 259 34 0
-195 262 34 0
-192 255 33 1
-191 254 33 0
-190 254 33 0
-200 250 33 0
-200 251 33 0
-199 251 34 0
-193 257 33 1
-192 257 33 1
-191 257 32 1
-194 259 33 0
-192 260 15 1
-192 260 14 1
-192 263 6 0
-194 264 6 0
-187 263 6 0
-191 267 5 0
-193 262 5 0
-194 262 5 0
-193 265 4 0
-195 259 3 1
-195 264 2 1
-195 264 3 1
-195 264 4 1
-194 264 2 1
-194 264 3 1
-193 264 3 1
-189 263 3 0
-188 262 1 1
-188 262 2 1
-189 264 0 1
-189 264 1 1
-189 264 2 1
-192 262 19 0
-193 263 19 0
-194 264 19 0
-188 260 19 0
-187 260 19 0
-186 259 18 0
-191 258 18 1
-191 259 18 2
-191 260 18 1
-190 262 19 0
-190 263 18 0
-200 250 20 2
-200 251 20 1
-189 257 18 0
-199 250 20 1
-199 251 20 1
-193 261 18 0
-194 261 17 0
-192 266 5 0
-192 265 5 0
-188 265 5 0
-188 263 2 1
-193 258 2 1
-193 258 3 1
-197 250 37 0
-198 254 35 0
-197 254 35 0
-197 255 36 0
-196 255 37 0
-200 255 35 0
-198 250 19 2
-198 251 19 1
-199 256 36 0
-200 256 37 0
-194 256 35 0
-194 257 36 0
-198 257 33 0
-199 259 32 1
-195 255 33 0
-190 260 13 1
-199 262 27 0
-198 261 30 1
-198 262 29 0
-197 263 28 0
-187 252 5 0
-185 253 5 0
-189 250 5 0
-199 259 28 1
-187 254 4 0
-199 260 27 2
-199 260 28 2
-199 261 26 1
-187 251 3 1
-199 261 28 1
-198 259 26 1
-189 250 4 1
-198 261 26 1
-197 259 26 1
-187 252 0 1
-187 253 0 1
-186 252 0 1
-186 252 1 1
-200 262 26 0
-200 264 35 0
-197 263 34 0
-198 265 32 0
-194 253 37 0
-195 254 36 0
-196 258 38 0
-196 257 37 0
-196 257 36 0
-198 254 38 0
-195 255 38 0
-195 259 7 1
-195 259 6 1
-193 265 8 0
-188 261 2 1
-191 265 2 1
-191 265 1 1
-191 265 0 1
-196 262 18 0
-197 262 18 0
-192 265 0 1
-193 265 2 1
-193 265 1 1
-199 265 19 0
-200 264 18 0
-192 263 3 1
-195 257 2 2
-196 260 19 1
-196 259 19 1
-196 257 2 1
-199 260 32 0
-193 264 4 1
-200 262 31 0
-196 261 31 1
-197 261 31 1
-198 264 32 0
-199 263 32 0
-199 262 33 0
-195 257 34 0
-194 260 35 0
-195 251 35 0
-196 263 33 0
-198 261 34 0
-197 260 34 0
-199 251 15 1
-198 263 35 0
-200 261 35 0
-197 258 37 0
-188 251 9 0
-187 251 10 0
-186 252 11 0
-197 261 36 0
-200 261 34 0
-198 261 32 0
-200 259 31 1
-188 252 9 0
-188 253 9 0
-187 250 8 0
-184 251 9 0
-191 255 9 1
-191 256 9 1
-191 257 8 1
-191 257 9 1
-190 255 9 1
-190 256 9 2
-189 255 9 1
-198 257 38 0
-198 257 39 0
-200 253 37 0
-186 253 7 0
-192 253 8 1
-200 262 34 0
-186 251 5 0
-200 259 32 0
-200 260 30 2
-189 251 11 1
-189 252 12 1
-189 253 13 1
-187 251 11 0
-186 252 12 0
-200 259 35 0
-191 252 11 2
-191 253 11 1
-190 252 11 2
-190 253 11 2
-196 256 35 0
-195 256 35 0
-194 256 36 0
-194 257 37 0
-198 257 35 0
-199 260 35 0
-198 252 23 1
-200 253 21 1
-199 254 29 1
-188 252 17 0
-187 253 17 0
-187 254 17 0
-193 253 39 0
-196 254 36 0
-194 254 38 0
-188 251 3 1
-187 250 16 0
-186 250 16 0
-185 250 16 0
-184 251 16 0
-195 255 36 0
-193 256 37 0
-188 250 10 0
-188 250 11 0
-190 254 16 1
-195 254 39 0
-192 252 9 1
-191 252 9 2
-190 252 9 2
-188 252 8 0
-187 252 9 0
-186 252 9 0
-199 250 16 1
-199 251 16 1
-191 253 8 1
-189 253 8 1
-188 250 7 0
-193 252 15 1
-193 253 13 1
-185 251 7 0
-193 253 15 1
-193 254 13 1
-193 254 14 1
-193 254 15 1
-192 254 13 1
-192 254 14 1
-200 252 14 1
-186 250 5 0
-191 254 14 1
-191 254 15 1
-198 261 17 1
-200 257 37 0
-200 257 38 0
-199 260 37 0
-186 250 0 1
-186 250 1 1
-186 250 2 1
-191 252 4 0
-188 251 4 0
-189 252 4 0
-186 255 5 0
-194 253 7 1
-192 255 37 0
-193 255 36 0
-198 264 28 0
-197 265 28 0
-200 260 26 2
-192 252 15 1
-187 250 14 0
-186 250 14 0
-185 250 14 0
-184 251 14 0
-198 250 27 1
-198 251 27 1
-200 261 26 1
-197 250 27 2
-197 251 27 1
-190 255 14 0
-196 250 27 1
-196 251 27 1
-199 262 26 0
-198 262 26 0
-197 259 17 1
-192 265 2 1
-189 251 35 0
-200 263 5 0
-200 250 6 2
-200 250 7 2
-200 251 6 2
-200 251 7 1
-187 251 35 0
-193 265 0 1
-192 263 4 1
-190 252 34 0
-191 253 35 0
-195 256 2 1
-196 258 2 1
-199 260 14 1
-197 259 31 1
-196 250 23 1
-187 253 34 0
-187 254 34 0
-200 250 38 0
-190 255 2 2
-200 254 29 1
-200 254 30 1
-200 254 31 2
-186 250 33 0
-185 251 33 0
-184 251 33 0
-196 250 9 1
-199 262 23 0
-198 263 22 0
-199 265 20 0
-200 264 19 0
-196 261 20 1
-187 252 32 0
-199 260 21 1
-196 260 20 1
-191 254 32 1
-196 259 20 1
-200 262 20 0
-198 263 16 0
-200 251 36 0
-198 262 17 0
-193 251 29 1
-189 254 29 1
-199 262 17 0
-200 266 17 0
-200 265 17 0
-200 258 17 1
-189 250 35 0
-188 250 38 0
-200 252 35 0
-200 253 35 0
-200 257 17 1
-198 265 18 0
-191 250 35 0
-186 252 36 0
-198 264 19 0
-199 263 19 0
-190 251 34 0
-199 250 34 0
-198 250 34 0
-197 250 34 0
-200 263 19 0
-188 252 34 0
-196 262 20 0
-197 262 20 0
-192 252 34 0
-193 252 34 0
-190 255 32 0
-199 252 33 0
-189 253 33 0
-188 253 30 0
-198 250 9 2
-198 251 9 1
-186 253 32 0
-197 250 9 2
-197 251 9 1
-196 260 21 1
-198 251 31 2
-196 251 9 1
-188 253 31 0
-196 259 21 1
-200 252 6 2
-200 252 7 1
-199 252 5 1
-199 252 6 2
-199 252 7 1
-198 252 5 1
-198 252 6 2
-200 250 36 0
-199 251 37 0
-189 251 36 0
-193 250 33 0
-192 250 37 0
-196 255 31 1
-195 253 29 1
-195 253 30 1
-195 253 31 2
-195 254 29 1
-195 254 30 2
-195 254 31 1
-195 255 29 1
-195 255 30 2
-195 255 31 1
-200 254 3 2
-200 254 4 1
-199 252 4 1
-199 253 4 2
-199 254 2 2
-199 254 3 2
-199 254 4 2
-189 263 33 0
-195 262 33 0
-191 264 32 0
-188 263 28 0
-187 263 27 0
-192 261 28 0
-199 251 23 1
-199 251 24 1
-194 264 27 0
-188 259 27 0
-187 259 27 0
-186 259 26 0
-190 262 27 0
-190 263 26 0
-190 264 26 0
-189 257 26 0
-189 256 26 0
-193 261 26 0
-194 261 26 0
-194 261 25 0
-200 252 22 1
-188 261 26 0
-187 261 25 0
-190 258 26 1
-190 259 26 1
-191 261 27 0
-191 262 26 0
-192 262 25 0
-198 250 22 1
-189 259 25 0
-188 259 24 0
-194 258 23 1
-197 251 22 1
-194 260 23 1
-193 258 23 1
-193 259 23 1
-193 260 23 1
-192 258 23 2
-192 259 23 2
-192 260 23 1
-196 251 21 1
-190 261 23 0
-189 258 8 1
-200 259 8 1
-200 260 8 2
-200 261 8 1
-199 259 8 1
-199 260 8 2
-189 257 31 0
-187 262 30 0
-192 263 29 0
-193 264 30 0
-186 258 30 0
-189 263 29 0
-189 264 29 0
-193 261 28 0
-194 262 28 0
-195 262 28 0
-186 261 28 0
-191 263 27 0
-191 264 27 0
-191 265 27 0
-188 257 27 0
-187 257 27 0
-194 260 27 0
-195 260 27 0
-196 260 27 1
-189 262 27 0
-188 263 27 0
-187 263 26 0
-192 261 27 0
-193 263 26 0
-194 264 26 0
-188 260 26 0
-187 259 26 0
-186 259 25 0
-190 262 26 0
-190 263 25 0
-190 264 25 0
-189 258 26 0
-189 257 25 0
-189 256 25 0
-193 261 25 0
-194 261 24 0
-189 261 25 0
-188 261 25 0
-187 261 24 0
-190 258 25 1
-190 259 25 1
-191 261 26 0
-191 262 25 0
-191 262 24 0
-200 250 25 2
-200 251 25 1
-188 259 23 0
-199 250 25 1
-199 251 25 1
-191 265 10 0
-191 264 10 0
-186 261 10 0
-198 262 27 0
-197 263 26 0
-199 264 12 0
-198 265 12 0
-188 264 11 0
-189 263 11 0
-192 264 12 0
-188 262 29 0
-193 264 29 0
-190 259 36 0
-189 263 28 0
-190 257 36 0
-188 261 36 0
-189 255 28 0
-194 262 27 0
-190 261 34 0
-200 252 24 1
-189 260 33 0
-186 261 34 0
-191 265 26 0
-188 258 26 0
-192 264 33 0
-189 258 33 0
-195 260 26 0
-188 263 32 0
-193 262 32 0
-188 263 26 0
-187 263 25 0
-192 261 26 0
-193 263 25 0
-188 261 31 0
-192 262 29 0
-188 260 25 0
-187 259 25 0
-193 260 30 1
-192 258 29 1
-190 264 24 0
-189 258 25 0
-189 257 24 0
-188 256 24 0
-193 261 24 0
-194 261 23 0
-189 261 24 0
-191 250 17 2
-191 251 16 2
-191 251 17 2
-199 259 24 1
-190 250 15 1
-190 250 16 1
-190 250 17 1
-190 251 16 1
-190 251 17 1
-187 251 15 0
-200 250 28 2
-200 251 28 1
-199 260 24 1
-199 250 28 1
-199 251 28 1
-191 253 16 1
-190 252 16 2
-190 253 16 2
-189 253 16 1
-199 261 24 1
-197 259 24 1
-197 260 24 1
-197 261 24 1
-199 263 28 0
-188 251 14 0
-188 252 14 0
-200 252 27 1
-187 254 15 0
-192 259 30 2
-192 259 31 1
-192 259 32 1
-189 250 39 0
-190 251 36 0
-190 252 36 0
-190 252 37 0
-190 253 38 0
-193 250 37 0
-192 258 38 0
-195 257 37 0
-193 259 35 0
-193 259 36 0
-193 260 37 0
-193 260 38 0
-200 250 34 0
-200 251 34 0
-199 251 35 0
-191 259 35 0
-190 260 37 0
-194 254 36 0
-195 261 36 0
-191 257 35 0
-189 256 36 0
-192 260 35 0
-191 262 35 0
-192 255 34 0
-192 254 35 0
-190 259 34 0
-189 259 34 0
-194 263 34 0
-191 256 33 0
-190 255 33 0
-192 251 35 0
-200 252 33 0
-200 253 33 0
-188 254 32 0
-190 251 37 0
-190 251 38 0
-189 251 39 0
-190 250 36 0
-189 250 38 0
-190 253 37 0
-199 250 32 1
-198 250 32 1
-197 250 33 0
-194 251 38 0
-188 252 37 0
-187 253 37 0
-187 250 36 0
-193 250 35 0
-189 254 35 0
-200 263 34 0
-200 260 32 0
-200 261 30 1
-199 259 29 1
-189 250 18 0
-188 250 21 0
-189 253 11 1
-192 258 21 1
-188 251 8 0
-187 251 8 0
-186 252 10 0
-189 251 19 1
-189 252 21 1
-189 260 19 1
-188 263 19 0
-188 262 20 0
-200 251 5 1
-196 251 7 1
-192 250 20 1
-192 251 20 1
-187 260 13 0
-191 250 20 2
-191 251 20 2
-190 250 20 1
-190 251 20 1
-187 251 19 0
-186 251 19 0
-186 252 20 0
-188 260 13 0
-193 264 13 0
-197 261 34 0
-190 252 19 2
-191 252 19 2
-191 252 20 2
-191 253 19 1
-191 253 20 1
-190 252 20 2
-190 253 19 2
-190 253 20 2
-189 251 20 1
-189 253 19 1
-189 253 20 1
-199 262 32 0
-198 263 32 0
-199 260 29 2
-199 262 38 0
-200 250 17 2
-200 251 17 1
-188 251 17 0
-199 250 17 1
-199 251 17 1
-187 254 19 0
-200 261 32 0
-200 250 15 2
-194 256 34 0
-187 262 14 0
-192 264 13 0
-187 259 12 0
-188 264 12 0
-190 257 11 0
-193 262 11 0
-194 262 11 0
-187 261 11 0
-186 261 11 0
-188 258 10 0
-187 258 10 0
-187 257 10 0
-194 260 10 1
-195 260 10 0
-188 262 10 0
-188 263 10 0
-189 258 9 1
-189 260 9 1
-193 263 9 0
-193 264 9 0
-188 260 9 0
-187 260 9 0
-186 259 9 0
-193 258 9 1
-193 259 9 2
-193 260 9 1
-190 263 9 0
-189 264 8 0
-189 257 8 1
-188 256 8 0
-192 261 9 0
-193 261 8 1
-189 261 9 0
-188 261 8 0
-187 262 7 0
-192 258 8 1
-192 259 8 2
-191 258 8 1
-191 259 8 2
-191 260 8 1
-190 258 8 1
-190 259 8 2
-190 260 8 1
-191 261 9 0
-191 262 7 0
-189 259 8 1
-188 259 6 0
-192 260 6 1
-192 254 36 0
-192 250 21 1
-192 251 21 1
-194 260 5 1
-191 250 21 2
-191 251 21 2
-190 250 21 1
-190 251 21 1
-187 251 20 0
-186 251 20 0
-186 252 21 0
-195 260 5 1
-196 256 2 1
-188 261 1 1
-191 252 21 1
-191 253 21 1
-190 252 21 2
-190 253 21 1
-189 251 21 1
-189 253 21 1
-191 259 21 2
-195 264 6 0
-197 262 37 0
-200 262 35 0
-199 262 35 0
-198 264 36 0
-188 251 19 0
-199 263 33 0
-199 264 32 0
-198 265 36 0
-196 264 33 0
-195 260 32 0
-200 262 33 0
-188 262 28 0
-187 262 29 0
-192 264 28 0
-189 252 11 1
-189 253 12 1
-192 250 11 1
-192 251 11 1
-191 250 11 2
-191 251 11 2
-190 250 11 1
-190 251 11 1
-190 259 17 1
-190 258 17 1
-187 262 16 0
-188 261 16 0
-189 261 18 0
-194 261 16 0
-193 261 17 0
-192 261 18 0
-188 256 16 0
-189 257 17 0
-189 258 17 1
-189 264 17 0
-190 263 17 0
-190 262 18 0
-197 251 18 1
-197 250 18 1
-191 258 17 1
-198 251 18 1
-198 250 18 2
-188 260 18 0
-194 264 18 0
-193 263 18 0
-192 262 18 0
-187 264 18 0
-188 263 18 0
-188 262 19 0
-200 252 18 1
-187 257 19 0
-188 258 19 0
-191 265 19 0
-191 264 19 0
-191 263 19 0
-186 261 20 0
-187 261 20 0
-195 262 20 0
-194 262 20 0
-193 262 20 0
-189 255 20 0
-189 256 20 0
-190 257 20 0
-188 264 21 0
-189 263 20 0
-187 259 21 0
-192 264 22 0
-196 262 15 0
-197 262 15 0
-198 262 15 0
-200 258 14 1
-199 265 16 0
-200 264 15 0
-196 261 16 1
-196 260 16 1
-196 259 16 1
-190 261 15 0
-192 259 16 2
-192 260 16 1
-188 259 16 0
-189 259 17 1
-189 260 18 1
-191 263 16 0
-199 260 1 2
-199 263 3 1
-199 262 4 1
-199 258 3 1
-200 258 4 1
-197 261 4 1
-198 265 5 0
-199 264 5 0
-198 251 21 1
-197 261 8 1
-197 250 21 2
-197 251 21 1
-200 258 8 1
-200 257 8 1
-200 263 11 0
-199 263 11 0
-198 265 10 0
-198 265 9 0
-199 264 9 0
-200 263 9 0
-196 262 10 0
-198 262 10 0
-200 257 9 1
-200 258 9 1
-199 265 11 0
-200 265 11 0
-196 261 11 1
-197 261 9 1
-197 260 11 2
-197 259 11 1
-198 263 7 0
-199 263 8 0
-199 262 8 0
-200 266 8 0
-200 266 9 0
-200 263 10 0
-197 262 11 0
-198 262 11 0
-200 265 12 0
-200 264 11 0
-196 261 12 1
-196 260 12 1
-196 259 12 1
-197 260 12 2
-197 259 12 1
-196 262 12 0
-199 265 13 0
-200 264 12 0
-188 255 6 0
-187 255 6 0
-192 253 5 1
-192 253 6 2
-191 253 4 1
-190 253 4 1
-194 252 5 1
-188 253 4 0
-192 251 3 1
-196 259 3 1
-196 260 3 1
-196 260 4 1
-188 259 3 2
-189 258 2 1
-189 258 3 2
-189 258 4 1
-189 259 2 1
-189 259 3 2
-189 259 4 1
-189 260 2 2
-189 260 3 2
-189 260 4 1
-188 258 2 1
-188 258 3 1
-188 258 4 1
-188 259 2 1
-188 260 2 1
-188 260 3 1
-188 260 4 1
-187 258 2 1
-187 258 3 1
-187 258 4 1
-187 259 2 1
-187 259 3 1
-187 259 4 1
-187 260 2 1
-199 251 32 1
-186 253 11 0
-185 251 35 0
-186 251 34 0
-187 254 36 0
-199 252 14 2
-200 253 13 1
-199 252 13 1
-199 252 15 1
-199 253 13 1
-199 253 14 1
-199 253 15 1
-198 252 13 1
-198 252 14 1
-198 252 15 1
-198 253 13 1
-198 253 14 1
-198 253 15 1
-198 250 30 1
-191 254 37 0
-197 258 22 1
-197 258 23 1
-197 258 24 1
-196 258 22 1
-196 258 23 1
-196 258 24 1
-195 258 22 1
-189 250 14 0
-188 250 17 0
-195 259 22 1
-195 259 23 1
-195 259 24 1
-189 251 15 1
-189 252 17 1
-200 264 21 0
-199 265 22 0
-192 252 35 0
-191 250 15 2
-192 250 15 1
-192 250 16 1
-198 262 12 0
-200 264 13 0
-199 258 16 1
-199 258 15 1
-199 258 14 1
-198 261 7 1
-198 260 7 1
-198 259 7 1
-199 261 7 1
-199 260 7 2
-199 259 7 1
-200 261 7 1
-200 260 7 2
-200 259 7 1
-198 263 9 0
-199 262 10 0
-200 262 11 0
-200 266 10 0
-197 261 11 1
-199 259 25 1
-199 260 25 2
-199 261 25 1
-198 259 25 1
-198 260 25 2
-198 261 25 1
-197 259 25 1
-197 260 25 2
-197 261 25 1
-200 258 11 1
-200 257 11 1
-189 256 11 0
-193 262 10 0
-199 263 12 0
-200 263 12 0
-197 262 13 0
-198 262 13 0
-199 265 14 0
-196 261 14 1
-196 260 14 1
-196 259 14 1
-199 264 30 0
-197 260 14 2
-197 259 14 1
-198 260 14 1
-198 259 14 1
-198 261 8 1
-198 260 8 1
-198 259 8 1
-199 261 8 1
-194 260 9 1
-195 260 9 0
-188 262 9 0
-188 263 9 0
-187 264 9 0
-198 263 10 0
-199 262 11 0
-200 262 12 0
-200 266 11 0
-200 258 13 1
-200 258 12 1
-200 257 12 1
-198 264 13 0
-199 263 13 0
-190 262 10 0
-190 263 10 0
-190 264 9 0
-189 264 9 0
-189 257 9 1
-192 261 10 0
-193 261 9 0
-194 261 8 1
-193 262 15 0
-194 262 15 0
-195 263 15 0
-188 260 15 0
-187 261 15 0
-186 261 15 0
-193 257 16 1
-192 257 16 1
-191 257 14 1
-191 257 15 1
-191 257 16 1
-191 264 14 0
-191 265 15 0
-188 258 14 0
-187 257 14 0
-194 260 14 1
-195 260 14 0
-188 262 14 0
-188 263 14 0
-188 254 6 0
-187 254 6 0
-187 256 5 0
-186 257 5 0
-194 251 4 1
-187 252 4 0
-191 253 3 1
-191 252 3 1
-191 251 3 1
-200 251 30 2
-190 262 13 0
-199 250 30 2
-199 251 30 2
-189 264 12 0
-189 257 12 0
-188 256 12 0
-192 261 13 0
-193 261 12 0
-194 261 11 0
-189 261 13 0
-188 261 12 0
-200 252 29 1
-192 258 12 1
-192 259 12 2
-191 258 12 1
-191 259 12 2
-191 260 12 1
-190 258 12 1
-198 250 29 1
-198 251 29 1
-191 261 13 0
-197 250 29 2
-197 251 29 1
-188 259 10 0
-196 250 29 1
-196 251 29 1
-187 252 15 0
-189 254 16 1
-192 252 17 1
-189 257 30 0
-188 261 29 0
-191 261 31 0
-192 261 30 0
-189 259 29 1
-189 261 34 0
-188 261 35 0
-188 262 35 0
-188 259 33 0
-187 258 34 0
-189 254 28 1
-191 254 28 1
-188 260 1 1
-200 253 34 0
-200 252 34 0
-200 265 15 0
-190 259 21 1
-191 254 30 1
-191 254 29 1
-193 252 29 1
-196 261 8 1
-196 261 7 1
-186 253 31 0
-187 252 31 0
-196 259 6 1
-196 259 18 1
-196 260 18 1
-199 251 36 0
-200 251 35 0
-200 250 35 0
-196 261 18 1
-200 264 17 0
-199 265 18 0
-197 262 17 0
-184 251 32 0
-185 251 32 0
-186 250 32 0
-187 250 32 0
-196 262 17 0
-200 263 16 0
-199 263 16 0
-187 254 33 0
-187 253 33 0
-188 252 33 0
-198 264 16 0
-198 265 16 0
-200 257 15 1
-200 258 15 1
-197 261 15 1
-200 253 30 1
-200 253 29 1
-191 253 34 0
-190 252 33 0
-190 251 33 0
-200 265 14 0
-200 266 14 0
-186 252 35 0
-187 251 34 0
-188 251 33 0
-192 250 35 0
-191 250 34 0
-190 250 33 0
-200 259 14 1
-200 260 14 2
-189 252 36 0
-189 251 34 0
-200 261 14 1
-197 254 32 1
-188 250 36 0
-199 259 14 1
-199 261 14 1
-200 262 15 0
-199 262 14 0
-198 263 13 0
-199 260 12 2
-200 259 11 1
-200 259 12 1
-200 259 13 1
-200 260 11 2
-200 260 12 2
-199 261 13 1
-198 259 11 1
-190 259 28 2
-191 262 28 0
-194 257 23 1
-194 258 21 1
-194 258 22 1
-192 257 22 1
-190 263 4 0
-192 259 21 2
-193 261 22 0
-194 261 20 0
-189 261 22 0
-188 261 21 0
-187 253 16 0
-187 254 16 0
-198 251 20 1
-198 250 20 2
-190 250 7 1
-188 252 6 0
-186 254 5 0
-195 258 2 1
-196 253 4 1
-194 257 2 1
-187 250 2 1
-187 250 1 1
-187 250 0 1
-193 260 16 1
-193 259 16 1
-193 258 16 1
-186 259 16 0
-187 260 16 0
-188 260 17 0
-193 264 16 0
-193 263 17 0
-192 262 17 0
-187 264 17 0
-188 263 17 0
-188 262 17 0
-193 250 4 1
-191 263 8 0
-191 262 9 0
-191 261 10 0
-188 261 9 0
-194 261 9 0
-188 256 9 0
-189 261 10 0
-187 262 8 0
-192 258 9 1
-192 259 9 2
-191 258 9 1
-191 259 9 2
-191 260 9 1
-200 253 36 0
-186 252 37 0
-199 253 35 0
-198 253 38 0
-185 252 5 0
-199 263 20 0
-200 250 37 0
-200 254 1 1
-189 251 4 0
-185 251 3 0
-200 263 20 0
-194 251 1 1
-194 252 1 1
-196 262 21 0
-197 262 21 0
-195 250 29 1
-195 251 29 1
-191 254 36 0
-188 253 35 0
-184 251 35 0
-198 250 12 2
-198 251 12 1
-191 253 9 1
-190 253 9 2
-197 251 12 1
-195 258 24 1
-195 258 23 1
-196 259 25 1
-188 254 8 0
-190 253 34 0
-189 250 37 0
-199 265 25 0
-186 254 6 0
-189 253 38 0
-193 251 37 0
-185 250 5 0
-188 251 36 0
-198 253 7 1
-191 252 35 0
-198 263 23 0
-200 262 16 0
-198 261 16 1
-198 261 15 1
-192 250 9 1
-189 250 10 0
-188 250 12 0
-198 260 16 1
-187 251 9 0
-191 251 9 2
-188 250 8 0
-198 260 15 1
-190 250 9 1
-188 253 8 0
-190 253 8 2
-184 251 7 0
-191 254 8 1
-191 255 8 1
-191 256 8 1
-190 255 8 1
-190 256 8 2
-189 254 8 1
-189 255 8 1
-185 250 3 0
-197 250 0 1
-197 251 0 1
-197 251 1 1
-200 251 15 1
-191 263 11 0
-186 261 12 0
-195 263 12 0
-194 262 12 0
-197 252 35 0
-196 252 35 0
-195 251 36 0
-197 257 35 0
-194 258 9 1
-194 258 10 1
-194 259 9 1
-194 259 10 1
-195 261 9 0
-189 262 8 0
-195 259 5 1
-190 256 7 1
-194 256 6 2
-195 255 5 1
-195 255 6 1
-195 255 7 1
-195 256 6 1
-195 256 7 1
-195 257 6 2
-195 257 7 1
-194 255 5 2
-194 255 6 2
-194 255 7 1
-194 256 7 1
-193 255 5 1
-193 255 6 1
-193 255 7 1
-193 256 5 2
-193 256 6 1
-193 256 7 1
-192 264 5 0
-196 260 5 0
-188 264 4 0
-197 253 38 0
-199 253 36 0
-200 252 38 0
-198 254 34 0
-198 255 36 0
-191 256 7 1
-189 256 5 1
-189 256 6 1
-195 262 6 0
-196 262 6 0
-195 255 4 1
-194 255 4 2
-193 255 4 1
-193 256 4 1
-193 257 4 1
-188 257 5 0
-188 263 4 0
-192 255 4 1
-191 256 2 2
-191 256 3 1
-190 256 2 2
-190 256 3 1
-189 256 2 2
-189 256 3 1
-189 256 4 1
-187 262 1 2
-188 261 0 1
-188 262 0 1
-188 263 0 1
-188 263 1 1
-187 261 0 1
-187 261 1 1
-187 261 2 1
-187 262 0 1
-187 263 0 1
-187 263 1 1
-186 261 0 1
-186 261 1 1
-186 261 2 1
-186 262 0 1
-186 262 1 1
-186 262 2 1
-186 263 0 1
-193 262 12 0
-189 256 12 0
-190 257 12 0
-188 264 13 0
-189 263 12 0
-187 259 13 0
-192 264 14 0
-192 263 13 0
-200 265 2 0
-198 255 34 0
-196 251 36 0
-196 251 35 0
-197 251 35 0
-198 262 6 0
-200 265 7 0
-200 254 34 0
-196 254 37 0
-197 254 36 0
-200 264 7 0
-197 259 7 1
-198 250 37 0
-199 255 38 0
-199 254 37 0
-200 254 36 0
-198 263 3 1
-199 263 4 0
-198 252 38 0
-199 252 37 0
-198 252 22 1
-192 252 16 1
-187 250 15 0
-186 250 15 0
-185 250 15 0
-184 251 15 0
-195 260 19 0
-187 260 18 0
-186 259 17 0
-191 259 17 2
-189 254 15 1
-190 255 15 0
-190 260 15 1
-190 260 16 1
-191 261 16 0
-189 257 29 0
-190 264 29 0
-187 252 14 0
-185 253 14 0
-190 261 30 0
-186 259 29 0
-187 259 30 0
-192 253 15 1
-189 259 30 1
-188 254 12 0
-191 255 30 1
-186 251 12 0
-191 254 11 1
-189 254 11 1
-190 262 32 0
-190 261 31 0
-187 258 33 0
-188 258 33 0
-189 250 17 0
-188 250 20 0
-191 262 34 0
-195 261 29 0
-189 256 29 0
-189 250 16 0
-189 251 18 1
-189 252 20 1
-188 259 31 0
-189 259 31 1
-193 263 31 0
-187 263 31 0
-188 262 31 0
-189 262 31 0
-192 250 19 1
-192 251 19 1
-188 260 32 0
-191 250 19 2
-191 251 19 1
-190 262 33 0
-190 250 19 1
-190 251 19 1
-187 251 18 0
-186 251 18 0
-186 252 19 0
-190 261 28 0
-191 259 29 2
-191 258 29 1
-189 258 28 1
-191 252 18 2
-191 253 18 1
-190 252 18 1
-190 253 18 2
-189 253 18 1
-190 264 30 0
-190 262 31 0
-186 259 31 0
-194 263 31 0
-194 262 31 0
-188 262 32 0
-189 262 32 0
-190 261 32 0
-187 256 32 0
-192 265 33 0
-191 263 33 0
-191 262 33 0
-189 258 16 1
-189 264 15 0
-190 263 16 0
-190 262 17 0
-191 260 16 1
-191 259 16 2
-191 258 16 1
-192 258 16 1
-189 261 17 0
-195 260 17 0
-187 257 18 0
-188 258 18 0
-191 265 18 0
-191 264 18 0
-191 263 18 0
-186 261 19 0
-187 261 18 0
-195 262 19 0
-194 262 19 0
-193 262 18 0
-189 255 19 0
-189 256 19 0
-190 257 19 0
-188 264 20 0
-189 263 19 0
-186 259 20 0
-187 259 20 0
-199 251 3 1
-199 251 2 1
-199 250 4 1
-193 257 37 0
-189 259 1 1
-188 259 1 1
-197 261 16 1
-198 260 38 0
-198 260 39 0
-199 261 36 0
-199 262 37 0
-198 261 36 0
-196 262 37 0
-200 266 15 0
-191 260 21 1
-197 264 36 0
-191 266 5 0
-189 262 6 0
-195 261 35 0
-200 265 34 0
-199 262 15 0
-198 263 14 0
-188 252 16 0
-188 251 15 0
-187 261 23 0
-195 262 23 0
-190 257 23 0
-186 258 25 0
-192 260 17 1
-192 258 17 1
-193 260 17 1
-193 259 17 1
-193 258 17 1
-194 259 17 1
-188 259 19 0
-189 259 20 1
-192 263 19 0
-191 262 20 0
-191 261 22 0
-188 261 37 0
-192 260 9 1
-190 261 9 0
-190 255 30 1
-188 259 30 0
-190 262 30 0
-190 263 29 0
-190 258 16 1
-191 260 17 1
-192 261 19 0
-188 256 17 0
-189 258 18 1
-189 264 18 0
-198 252 21 1
-191 263 22 0
-191 257 24 1
-191 257 23 1
-191 257 22 1
-190 253 17 2
-198 251 30 2
-190 252 17 2
-197 250 30 1
-197 251 30 1
-191 253 17 1
-196 250 30 1
-198 261 6 1
-192 264 9 0
-187 259 8 0
-188 264 8 0
-190 257 7 1
-193 262 7 0
-194 262 7 0
-187 261 7 0
-186 261 7 0
-188 258 6 0
-187 258 6 0
-187 257 6 0
-194 260 6 2
-195 260 6 1
-188 262 6 0
-190 258 5 1
-189 258 14 1
-189 260 14 1
-192 262 15 0
-193 263 14 0
-193 264 14 0
-188 260 14 0
-187 260 14 0
-186 259 14 0
-193 258 14 2
-194 257 13 1
-194 257 14 1
-194 257 15 1
-194 258 13 1
-194 258 14 1
-194 258 15 1
-194 259 13 1
-194 259 14 1
-194 259 15 1
-193 257 13 1
-193 257 14 1
-193 257 15 1
-193 258 13 1
-193 259 13 1
-193 259 14 1
-192 257 13 1
-192 257 14 1
-192 257 15 1
-192 258 13 1
-192 259 13 2
-190 262 15 0
-190 263 14 0
-190 264 14 0
-189 264 13 0
-189 257 13 0
-188 256 13 0
-196 262 14 0
-197 262 14 0
-198 262 14 0
-199 265 15 0
-200 264 14 0
-196 261 15 1
-196 260 15 1
-189 251 29 1
-188 250 31 0
-189 250 29 0
-188 254 23 0
-188 253 24 0
-192 253 26 1
-186 253 25 0
-187 252 25 0
-190 255 26 0
-190 254 26 1
-185 251 26 0
-186 250 26 0
-187 250 26 0
-192 252 27 1
-187 253 27 0
-188 252 27 0
-186 252 29 0
-186 251 28 0
-187 251 28 0
-190 251 29 1
-190 250 29 1
-191 251 29 2
-191 250 29 2
-192 251 29 1
-192 250 29 1
-189 252 30 1
-189 250 28 0
-188 253 23 0
-192 253 25 1
-186 253 24 0
-190 255 25 0
-190 254 25 1
-184 251 26 0
-187 250 25 0
-187 254 27 0
-188 252 26 0
-188 251 26 0
-189 253 28 1
-189 251 28 1
-190 253 28 2
-190 252 28 2
-191 253 28 1
-191 252 28 2
-186 252 28 0
-187 251 27 0
-190 251 28 1
-190 250 28 1
-191 251 28 2
-191 250 28 2
-192 251 28 1
-192 250 28 1
-200 256 30 1
-188 250 30 0
-192 257 36 0
-191 256 37 0
-195 259 36 0
-196 259 36 0
-192 259 34 0
-194 261 36 0
-189 257 35 0
-189 257 36 0
-191 254 35 0
-197 261 35 0
-191 259 34 0
-193 262 34 0
-193 263 34 0
-190 256 33 0
-189 262 33 0
-194 260 33 0
-189 258 32 0
-188 258 32 0
-192 262 32 0
-189 260 30 1
-193 260 31 1
-191 257 31 1
-190 257 29 1
-187 251 25 0
-186 251 26 0
-197 254 38 0
-191 258 38 0
-192 260 36 0
-192 261 37 0
-192 261 38 0
-191 257 36 0
-191 260 35 0
-189 261 6 1
-188 261 4 1
-187 262 4 0
-191 258 4 1
-192 257 4 1
-191 262 4 1
-191 263 3 0
-190 256 34 0
-200 266 16 0
-200 265 16 0
-200 252 4 1
-200 253 4 1
-200 254 2 2
-198 253 23 1
-200 252 21 1
-191 259 2 1
-189 260 5 1
-187 260 4 1
-187 260 3 1
-200 258 37 0
-198 259 39 0
-198 259 38 0
-197 250 8 2
-197 251 6 1
-197 251 7 1
-197 251 8 1
-196 250 6 1
-200 261 31 1
-199 261 33 0
-196 250 22 1
-196 251 20 1
-190 260 25 1
-196 251 22 1
-192 260 10 1
-191 263 10 0
-191 262 11 0
-190 260 12 1
-190 259 12 2
-187 262 11 0
-190 261 22 0
-190 264 12 0
-190 263 13 0
-193 260 13 1
-186 259 13 0
-188 259 11 0
-189 259 12 1
-191 263 12 0
-191 262 12 0
-191 262 13 0
-186 258 29 0
-189 264 28 0
-190 257 27 0
-195 262 27 0
-186 261 27 0
-191 263 26 0
-191 264 26 0
-188 257 26 0
-187 257 26 0
-196 260 26 1
-188 262 26 0
-194 264 25 0
-189 260 26 0
-190 262 25 0
-190 263 24 0
-188 261 24 0
-191 258 24 1
-191 259 24 2
-191 260 24 1
-190 259 24 1
-190 260 24 1
-191 261 25 0
-191 262 23 0
-192 263 22 0
-189 259 23 0
-188 259 22 0
-193 259 22 1
-190 261 21 0
-193 253 33 0
-192 252 33 0
-194 257 33 1
-193 259 33 0
-196 252 33 0
-190 258 6 1
-196 261 3 1
-196 261 4 1
-186 256 2 2
-188 252 12 0
-200 260 34 0
-196 261 33 0
-200 259 34 0
-199 260 33 0
-198 262 32 0
-200 260 31 1
-193 254 7 1
-192 252 5 1
-196 255 38 0
-198 254 36 0
-198 254 37 0
-197 256 35 0
-197 256 36 0
-197 257 37 0
-196 254 35 0
-196 253 36 0
-195 253 37 0
-195 252 37 0
-199 255 36 0
-200 255 37 0
-196 255 34 0
-186 253 2 1
-186 253 3 1
-185 254 2 1
-193 252 3 2
-192 252 4 1
-190 250 0 1
-190 250 1 1
-190 250 2 1
-189 250 0 1
-189 250 1 2
-189 250 2 1
-188 250 0 1
-188 250 1 2
-188 250 2 2
-190 253 3 1
-189 253 3 1
-193 251 5 1
-193 251 6 2
-193 251 7 1
-192 251 5 1
-192 251 6 1
-192 251 7 1
-191 251 5 1
-191 251 6 2
-191 251 7 2
-188 253 6 0
-187 253 6 0
-196 253 6 2
-197 252 6 1
-197 253 6 1
-197 254 5 1
-197 254 6 1
-196 252 5 1
-196 252 6 1
-196 252 7 1
-196 253 7 1
-196 254 5 1
-196 254 6 1
-195 252 6 2
-195 252 7 1
-195 253 7 1
-194 250 5 1
-187 251 4 0
-195 252 2 1
-194 250 6 2
-194 250 7 1
-193 250 6 2
-193 250 7 1
-188 250 4 1
-196 260 1 2
-189 254 2 1
-194 257 6 2
-194 257 7 1
-194 259 5 1
-189 262 0 1
-189 263 5 0
-194 252 3 2
-194 252 2 1
-185 254 3 1
-185 254 1 1
-185 253 3 1
-185 253 2 1
-185 253 1 1
-190 250 5 1
-191 252 7 2
-191 252 6 2
-191 252 5 1
-192 253 7 1
-192 252 6 2
-192 251 9 1
-192 261 24 0
-187 263 24 0
-188 263 24 0
-188 262 24 0
-195 260 24 1
-187 257 24 0
-188 258 24 0
-191 265 25 0
-191 264 25 0
-186 261 25 0
-194 262 25 0
-189 255 26 0
-190 257 25 0
-189 264 26 0
-189 263 25 0
-186 258 27 0
-192 264 27 0
-187 262 28 0
-188 262 27 0
-193 259 21 1
-192 260 22 1
-188 259 21 0
-189 259 22 0
-186 263 1 1
-186 263 2 1
-193 257 1 2
-194 256 0 1
-194 256 1 1
-194 257 0 1
-194 257 1 1
-194 258 0 1
-194 258 1 1
-193 256 0 1
-193 256 1 1
-193 256 2 2
-193 257 0 1
-193 257 2 2
-193 258 0 1
-193 258 1 2
-192 256 0 1
-192 256 1 1
-192 256 2 2
-192 257 0 1
-192 257 1 2
-191 251 13 2
-191 250 13 2
-192 251 13 1
-192 250 13 1
-193 251 10 1
-193 251 9 1
-193 251 8 1
-193 250 8 1
-194 251 10 1
-194 251 8 1
-194 250 10 1
-200 250 32 0
-200 251 32 1
-199 251 33 0
-194 250 9 1
-194 250 8 1
-192 252 11 1
-191 253 12 1
-191 252 12 2
-187 250 9 0
-192 252 10 1
-187 254 10 0
-188 253 10 0
-188 252 10 0
-200 252 31 2
-200 253 31 2
-199 253 22 1
-199 253 23 1
-199 257 30 2
-200 258 32 1
-200 258 31 1
-200 258 30 1
-200 257 32 1
-200 257 31 1
-200 257 30 1
-199 257 31 2
-195 252 32 1
-196 252 32 1
-189 252 7 1
-189 252 6 1
-189 252 5 1
-190 252 7 2
-190 252 6 2
-192 255 7 1
-192 263 10 0
-189 253 17 1
-188 255 0 1
-191 251 2 2
-191 251 1 1
-191 251 0 1
-192 251 2 2
-192 251 1 2
-192 251 0 1
-193 251 2 1
-193 251 1 1
-193 251 0 1
-190 252 3 1
-195 252 4 1
-195 252 3 1
-199 251 8 1
-199 250 10 1
-199 250 8 2
-200 251 10 1
-200 251 9 1
-200 251 8 1
-200 250 10 2
-200 250 8 2
-200 250 9 2
-190 261 4 1
-192 260 4 1
-189 259 6 1
-189 260 7 1
-191 263 5 0
-191 262 6 0
-199 255 37 0
-199 254 36 0
-186 253 13 0
-196 260 17 1
-196 261 17 1
-196 261 25 1
-192 253 14 2
-200 264 16 0
-199 265 17 0
-197 261 19 1
-197 260 21 2
-188 253 12 0
-188 254 11 0
-196 262 16 0
-197 259 21 1
-186 251 11 0
-191 254 10 1
-189 254 10 1
-197 259 20 1
-197 259 19 1
-198 260 19 2
-198 259 21 1
-200 252 37 0
-200 250 30 2
-199 260 36 0
-199 261 37 0
-196 261 37 0
-200 261 36 0
-192 262 14 0
-189 260 13 1
-197 263 36 0
-187 264 14 0
-199 251 10 1
-192 263 9 0
-192 264 10 0
-187 259 9 0
-189 263 8 0
-188 264 9 0
-190 257 8 1
-189 256 8 1
-193 262 8 0
-194 262 8 0
-195 263 8 0
-186 261 8 0
-191 264 7 0
-191 265 7 0
-188 258 7 0
-187 258 7 0
-187 257 7 0
-188 263 6 0
-187 264 6 0
-192 262 6 0
-193 263 6 0
-188 260 6 0
-186 259 5 0
-193 258 5 1
-193 259 5 1
-193 260 5 1
-192 258 5 1
-192 259 5 1
-191 258 5 1
-191 259 5 1
-191 260 5 1
-190 262 6 0
-190 264 5 0
-189 264 5 0
-189 257 5 1
-188 256 4 0
-192 261 6 0
-189 260 37 0
-194 261 35 0
-194 262 36 0
-197 255 37 0
-188 251 24 0
-188 252 24 0
-187 254 25 0
-197 251 34 0
-198 251 34 0
-192 252 25 1
-186 250 24 0
-185 250 24 0
-184 251 24 0
-193 254 30 1
-190 254 23 1
-198 252 37 0
-199 252 36 0
-193 257 32 1
-193 256 32 2
-187 252 23 0
-194 256 32 1
-194 255 32 1
-195 257 32 1
-195 255 32 1
-193 253 31 2
-188 253 21 0
-188 254 21 0
-193 252 31 1
-191 254 20 1
-189 254 20 1
-193 251 31 2
-193 251 30 2
-195 260 31 0
-188 258 35 0
-193 262 36 0
-189 261 36 0
-189 250 26 0
-194 259 32 1
-189 252 28 1
-196 251 23 1
-196 251 24 1
-198 253 21 1
-192 262 1 1
-192 250 27 1
-192 251 27 1
-189 264 35 0
-191 250 27 2
-191 251 27 2
-189 259 33 0
-190 250 27 1
-190 251 27 1
-187 251 26 0
-194 257 38 0
-195 255 35 0
-194 254 37 0
-192 259 29 2
-191 257 29 1
-187 250 18 0
-186 250 18 0
-185 250 18 0
-184 251 19 0
-187 250 6 0
-197 250 1 2
-198 250 0 1
-190 254 18 1
-198 251 0 1
-198 251 13 1
-190 260 30 1
-190 259 31 1
-191 255 31 1
-192 261 32 0
-193 260 33 0
-188 257 32 0
-190 258 32 0
-191 258 33 0
-196 262 32 0
-195 261 32 0
-189 255 33 0
-193 261 34 0
-193 260 34 0
-188 259 34 0
-197 260 35 0
-191 261 35 0
-192 260 34 0
-190 257 35 0
-195 262 36 0
-190 260 36 0
-199 251 13 1
-199 250 13 1
-193 261 38 0
-200 251 13 1
-200 250 13 2
-185 253 18 0
-187 252 19 0
-193 258 37 0
-195 259 8 1
-193 259 29 1
-191 257 30 1
-194 261 30 0
-194 260 30 1
-191 259 32 1
-191 254 31 1
-192 262 31 0
-191 257 33 0
-192 258 33 0
-196 261 32 0
-195 260 33 0
-192 252 20 1
-186 251 25 0
-187 251 24 0
-190 251 26 1
-187 254 21 0
-187 253 20 0
-188 252 20 0
-188 251 20 0
-191 251 26 2
-191 251 25 2
-191 250 26 2
-197 251 31 1
-197 252 29 1
-192 251 26 1
-189 253 22 1
-197 251 11 1
-197 250 11 1
-191 253 22 1
-198 251 11 1
-198 250 11 2
-198 252 36 0
-198 253 37 0
-186 252 22 0
-186 251 22 0
-187 251 21 0
-200 252 11 1
-190 250 22 1
-191 251 22 2
-191 250 22 2
-192 262 2 1
-192 251 22 1
-192 250 22 2
-187 259 5 0
-190 255 6 2
-190 255 5 2
-190 255 4 1
-191 255 6 2
-192 255 6 2
-192 255 5 2
-195 258 7 1
-195 258 6 1
-196 258 7 1
-196 258 6 1
-196 257 7 1
-196 257 6 1
-196 256 7 1
-196 256 6 1
-188 257 6 0
-192 256 7 1
-191 257 1 2
-191 256 1 2
-191 255 3 1
-191 255 2 2
-191 255 1 2
-192 256 3 1
-192 255 3 1
-192 255 2 2
-192 255 1 1
-193 255 3 2
-193 255 2 2
-193 255 1 1
-189 255 2 1
-193 257 3 1
-193 256 3 1
-191 263 9 0
-189 259 10 1
-188 259 8 0
-192 260 8 1
-200 254 32 1
-193 255 35 0
-192 255 35 0
-194 259 35 0
-194 251 35 0
-200 258 35 0
-192 257 34 0
-191 257 34 0
-196 258 34 0
-196 259 34 0
-196 260 34 0
-196 261 34 0
-194 254 33 0
-193 254 33 0
-192 253 33 0
-199 254 7 1
-192 259 33 0
-197 257 33 0
-198 258 33 0
-191 255 32 0
-195 258 32 1
-195 259 32 1
-194 258 30 2
-194 258 31 2
-194 258 32 1
-193 258 30 1
-193 258 31 2
-193 258 32 1
-192 256 32 1
-192 257 32 1
-192 258 30 2
-192 258 31 2
-192 258 32 1
-195 258 30 1
-195 258 31 1
-195 259 30 1
-195 259 31 1
-197 257 2 1
-197 256 2 1
-198 257 2 1
-196 252 34 0
-197 255 38 0
-195 257 35 0
-197 259 13 1
-197 260 13 2
-197 261 13 1
-196 259 13 1
-196 260 13 1
-198 250 26 1
-198 251 26 1
-200 255 32 1
-197 250 26 2
-197 251 26 1
-200 266 7 0
-196 250 26 1
-196 251 26 1
-197 262 12 0
-198 250 21 1
-192 254 4 1
-188 262 4 0
-199 257 35 0
-198 258 38 0
-197 255 39 0
-197 260 33 0
-197 263 33 0
-187 262 2 1
-188 262 3 1
-188 261 3 1
-189 265 3 0
-190 259 32 0
-190 260 31 1
-193 261 30 0
-195 258 29 1
-195 259 29 1
-200 265 27 0
-200 265 28 0
-192 251 17 1
-192 251 16 1
-198 262 33 0
-198 263 33 0
-197 264 33 0
-199 265 33 0
-198 265 33 0
-197 262 32 0
-199 263 31 0
-198 263 31 0
-197 264 31 0
-194 260 12 0
-191 265 13 0
-191 264 13 0
-186 261 13 0
-187 261 13 0
-195 263 14 0
-193 262 13 0
-189 255 14 0
-189 256 14 0
-191 262 36 0
-187 262 23 0
-197 251 36 0
-197 258 35 0
-198 259 36 0
-190 258 24 1
-193 264 5 0
-187 260 5 0
-190 263 5 0
-189 264 4 0
-189 257 4 1
-192 261 5 0
-189 261 5 1
-187 262 3 0
-192 257 3 1
-191 261 5 1
-190 258 2 1
-190 258 3 2
-190 258 4 1
-190 259 2 1
-190 259 3 2
-190 259 4 1
-190 260 4 2
-194 255 33 1
-193 255 32 1
-192 255 32 1
-196 257 33 0
-197 263 25 0
-194 261 13 0
-199 251 9 1
-192 253 31 2
-190 255 36 0
-192 261 35 0
-196 259 33 0
-199 259 23 1
-199 260 23 1
-199 261 23 1
-198 259 23 1
-198 260 23 1
-198 261 23 1
-197 259 23 1
-197 260 23 2
-197 261 23 1
-192 256 37 0
-193 254 35 0
-200 262 24 0
-200 262 23 0
-200 250 26 2
-200 251 26 1
-199 256 31 1
-199 250 26 1
-199 251 26 1
-199 256 30 1
-199 255 32 1
-200 256 32 1
-197 250 7 2
-200 256 31 1
-192 263 8 0
-189 263 7 0
-189 256 7 1
-195 263 7 0
-191 264 6 0
-191 265 6 0
-187 264 5 0
-191 257 5 2
-192 256 4 1
-192 256 5 2
-192 256 6 1
-192 257 5 1
-192 257 6 2
-192 258 4 1
-191 256 4 1
-191 256 5 2
-191 256 6 1
-191 257 4 1
-191 257 6 2
-190 256 4 1
-190 256 5 2
-190 256 6 1
-190 257 4 1
-188 264 14 0
-192 264 15 0
-192 263 15 0
-200 253 0 1
-199 253 0 1
-200 255 1 1
-198 255 6 1
-197 255 6 1
-197 256 6 1
-200 254 0 1
-200 255 0 1
-198 254 6 1
-189 261 7 0
-194 261 6 1
-193 261 6 1
-192 261 8 0
-188 256 6 0
-189 257 7 1
-186 259 4 0
-197 261 30 1
-200 262 18 0
-200 265 29 0
-199 265 29 0
-184 251 10 0
-185 251 10 0
-186 250 10 0
-187 250 10 0
-187 250 5 0
-188 250 5 0
-186 253 5 0
-188 251 6 0
-187 254 11 0
-188 253 11 0
-190 253 12 1
-198 260 11 1
-198 260 12 1
-198 260 13 1
-198 261 11 1
-198 261 12 1
-198 261 13 1
-198 250 35 0
-197 260 17 2
-196 259 17 1
-192 257 35 0
-199 256 32 1
-200 262 19 0
-197 261 20 1
-197 262 16 0
-197 260 20 2
-200 263 15 0
-199 261 21 1
-199 261 20 1
-199 261 19 1
-196 261 23 1
-198 265 24 0
-198 264 24 0
-199 263 24 0
-200 263 24 0
-196 262 25 0
-197 262 25 0
-199 265 26 0
-194 263 36 0
-189 258 35 0
-198 259 32 1
-198 259 31 1
-200 261 24 1
-200 260 24 2
-200 259 24 1
-199 263 26 0
-196 262 27 0
-197 262 27 0
-199 265 27 0
-200 262 22 0
-197 263 24 0
-198 262 25 0
-199 262 25 0
-200 261 25 1
-197 259 16 1
-197 260 16 2
-200 263 14 0
-199 263 14 0
-198 264 14 0
-198 265 13 0
-197 261 12 1
-200 266 12 0
-200 262 13 0
-199 262 12 0
-197 250 13 1
-186 252 6 0
-187 251 5 0
-198 250 13 2
-200 259 16 1
-187 252 8 0
-200 260 15 2
-200 260 16 2
-188 251 10 0
-200 261 15 1
-200 261 16 1
-199 259 15 1
-194 260 38 0
-193 256 35 0
-192 253 36 0
-187 252 37 0
-185 254 0 1
-185 253 0 1
-185 252 2 1
-185 252 1 1
-185 252 0 1
-199 261 16 1
-188 252 36 0
-196 251 2 1
-196 251 1 1
-196 251 0 1
-196 250 1 1
-196 250 0 1
-198 259 16 1
-187 253 13 0
-198 250 15 1
-198 250 17 2
-198 251 15 1
-198 251 16 1
-198 251 17 1
-187 250 12 0
-186 250 12 0
-185 251 12 0
-197 250 16 1
-197 250 17 1
-197 251 15 1
-197 251 16 1
-197 251 17 1
-190 254 11 1
-190 255 11 0
-193 251 38 0
-192 251 36 0
-193 250 11 0
-191 251 35 0
-199 250 5 1
-199 250 2 2
-199 250 3 2
-196 250 10 1
-196 251 10 1
-196 254 4 1
-196 250 5 1
-197 253 1 1
-196 252 1 1
-196 253 1 1
-187 256 31 0
-188 257 31 0
-189 258 31 1
-191 265 31 0
-191 264 31 0
-191 262 31 0
-186 261 32 0
-187 261 32 0
-189 255 32 0
-189 264 33 0
-192 262 4 1
-192 262 3 1
-189 264 3 0
-193 263 4 1
-187 257 5 0
-187 258 5 0
-186 261 6 0
-194 262 6 0
-193 262 6 0
-188 264 7 0
-187 259 7 0
-192 264 8 0
-190 261 27 0
-190 260 28 1
-191 259 28 2
-191 258 28 1
-192 260 28 1
-192 259 28 2
-192 258 28 1
-193 260 28 1
-193 259 28 1
-193 258 28 1
-190 259 29 1
-192 263 28 0
-191 261 30 0
-189 261 30 0
-186 252 3 0
-187 252 3 1
-187 256 4 0
-191 264 1 1
-190 252 4 0
-191 263 1 2
-191 263 0 1
-191 262 0 1
-193 258 4 1
-198 251 32 1
-197 251 32 1
-197 259 0 1
-189 252 23 1
-199 251 12 1
-199 250 12 1
-197 259 2 1
-200 251 12 1
-200 250 12 2
-197 260 0 1
-197 260 1 1
-197 260 2 1
-197 261 0 1
-192 255 36 0
-189 261 35 0
-200 254 37 0
-200 254 38 0
-199 250 36 0
-192 254 5 2
-192 254 6 2
-188 254 16 0
-188 253 16 0
-187 256 2 1
-198 251 14 1
-198 250 14 1
-200 251 16 1
-192 253 18 1
-194 254 3 2
-190 252 1 2
-190 252 2 1
-185 253 17 0
-187 252 17 0
-188 251 18 0
-198 256 35 0
-188 252 0 1
-192 252 19 1
-197 255 33 0
-195 254 35 0
-198 251 33 0
-187 254 20 0
-187 253 19 0
-188 252 19 0
-193 252 35 0
-200 252 12 1
-200 255 29 1
-199 254 1 1
-192 254 7 1
-199 250 14 2
-200 251 14 1
-200 250 14 2
-186 256 5 0
-193 252 4 1
-189 255 16 0
-189 256 15 0
-190 257 15 1
-188 264 16 0
-189 263 15 0
-193 260 14 1
-187 259 16 0
-192 264 17 0
-192 263 16 0
-185 253 15 0
-193 252 13 1
-193 252 14 1
-193 253 14 1
-192 254 15 1
-196 251 28 1
-196 250 28 1
-191 254 13 1
-197 251 28 1
-197 250 28 2
-188 253 14 0
-198 251 28 1
-198 250 28 1
-188 254 13 0
-186 251 13 0
-191 254 12 1
-188 250 22 0
-188 252 18 0
-187 253 18 0
-192 252 18 1
-187 250 17 0
-186 250 17 0
-200 252 28 1
-185 250 17 0
-184 251 18 0
-190 254 17 1
-187 252 16 0
-185 253 16 0
-192 253 16 1
-192 253 17 1
-188 252 15 0
-188 253 15 0
-188 254 14 0
-186 251 14 0
-189 250 19 0
-189 252 22 1
-193 261 35 0
-192 256 35 0
-196 251 32 1
-198 254 33 0
-193 258 35 0
-194 257 34 0
-198 257 37 0
-197 257 36 0
-199 252 34 0
-199 254 34 0
-190 253 1 2
-190 253 0 1
-190 261 11 0
-192 260 11 1
-197 251 4 1
-197 251 3 1
-197 251 2 1
-198 251 4 1
-198 251 3 1
-191 261 14 0
-199 251 4 1
-190 259 13 2
-190 258 13 1
-191 260 13 1
-191 259 13 2
-191 258 13 1
-187 262 12 0
-188 261 13 0
-191 259 0 1
-191 254 0 1
-191 253 2 1
-191 253 1 1
-191 253 0 1
-191 252 2 1
-191 252 1 1
-191 252 0 1
-192 252 2 1
-192 252 1 2
-192 252 0 1
-193 252 2 2
-193 252 1 1
-193 252 0 1
-188 258 1 1
-188 257 1 1
-195 256 0 1
-196 256 0 1
-186 254 3 1
-186 254 2 2
-186 254 1 1
-187 254 3 1
-187 254 2 1
-187 254 1 1
-188 256 2 2
-188 256 1 1
-188 255 3 1
-188 255 2 2
-188 255 1 2
-188 254 3 1
-194 261 1 1
-194 260 1 1
-194 252 4 1
-190 251 5 1
-190 252 5 1
-200 250 16 2
-187 255 7 0
-191 254 4 1
-189 250 20 0
-189 251 22 1
-197 259 1 1
-196 250 32 1
-197 250 32 1
-192 263 0 1
-192 263 2 1
-191 265 5 0
-190 251 22 1
-195 261 5 1
-192 256 36 0
-199 255 35 0
-191 252 22 2
-198 252 2 1
-198 252 3 2
-198 253 1 1
-198 253 2 1
-200 264 9 0
-197 260 9 1
-200 250 21 2
-200 251 21 1
-196 250 25 1
-199 250 21 1
-199 251 21 1
-196 251 25 1
-190 254 4 1
-196 259 5 0
-189 254 4 1
-192 252 3 1
-200 250 19 2
-200 251 19 1
-195 254 3 1
-199 250 19 1
-199 251 19 1
-189 253 1 2
-199 252 22 2
-200 252 20 1
-199 252 21 1
-199 252 23 1
-199 253 21 1
-190 253 2 1
-190 254 0 1
-189 252 0 1
-189 252 1 2
-189 252 2 1
-189 253 0 1
-198 253 22 1
-193 251 21 1
-193 251 22 1
-193 251 23 1
-189 250 27 0
-186 252 27 0
-191 256 30 2
-189 258 30 1
-196 256 32 1
-193 253 29 1
-192 262 9 0
-193 264 8 0
-187 260 8 0
-188 252 25 0
-187 253 25 0
-200 251 1 2
-200 251 2 2
-187 250 24 0
-200 252 1 2
-200 252 2 1
-190 254 24 1
-190 255 24 0
-200 253 2 2
-186 253 23 0
-199 251 1 1
-199 252 1 1
-199 252 3 2
-193 252 21 1
-193 252 22 1
-193 252 23 1
-193 253 21 1
-200 252 30 1
-192 253 30 2
-194 253 33 0
-198 253 36 0
-197 253 37 0
-199 262 16 0
-198 262 16 0
-198 263 15 0
-198 262 23 0
-199 262 24 0
-200 262 14 0
-199 262 13 0
-198 263 12 0
-200 266 24 0
-198 263 11 0
-200 259 9 1
-200 260 9 2
-200 261 9 1
-199 259 9 1
-199 260 9 2
-199 261 9 1
-198 259 9 1
-198 260 9 2
-198 261 9 1
-197 259 15 1
-197 260 15 2
-196 259 15 1
-198 252 4 1
-198 253 4 1
-198 254 2 1
-198 254 3 1
-198 254 4 1
-200 250 4 1
-200 251 4 1
-187 252 33 0
-200 266 18 0
-200 259 22 1
-200 260 22 2
-200 261 22 1
-199 259 22 1
-199 261 22 1
-200 251 37 0
-200 265 18 0
-199 262 22 0
-199 263 2 1
-192 253 38 0
-192 253 39 0
-195 251 39 0
-193 255 38 0
-188 252 31 0
-187 253 31 0
-187 254 32 0
-190 255 37 0
-194 250 36 0
-200 262 9 0
-193 250 30 1
-193 250 31 1
-193 250 32 1
-192 251 32 1
-191 251 32 1
-191 252 32 1
-187 250 30 0
-186 250 30 0
-184 251 31 0
-193 253 37 0
-193 253 38 0
-190 254 30 0
-196 252 39 0
-194 255 37 0
-192 251 38 0
-186 253 29 0
-189 250 3 1
-188 250 3 1
-188 253 28 0
-187 250 3 1
-189 254 27 1
-189 250 33 0
-194 254 39 0
-196 253 38 0
-197 252 39 0
-189 251 33 0
-189 252 35 0
-196 250 37 0
-189 251 7 1
-189 250 8 0
-188 254 7 0
-187 255 8 0
-186 251 7 0
-194 254 7 1
-188 253 5 0
-186 252 34 0
-189 251 5 1
-190 251 32 0
-190 252 32 0
-190 250 3 1
-190 251 4 1
-196 256 37 0
-196 257 38 0
-186 250 9 0
-185 251 9 0
-188 252 32 0
-191 255 10 1
-191 256 10 1
-191 257 10 1
-190 255 10 1
-190 256 10 1
-189 255 10 1
-186 253 8 0
-196 259 11 1
-196 260 11 1
-192 253 9 1
-189 250 9 0
-187 251 6 0
-187 253 5 0
-187 252 30 0
-188 251 5 0
-197 262 10 0
-196 252 4 1
-192 251 4 1
-189 250 11 0
-188 250 14 0
-188 253 29 0
-188 254 28 0
-189 251 12 1
-189 252 13 1
-189 252 14 1
-192 250 12 1
-192 251 12 1
-191 250 12 2
-191 251 12 2
-190 250 12 1
-190 251 12 1
-188 251 11 0
-187 251 12 0
-186 252 13 0
-189 251 6 1
-187 254 8 0
-190 252 12 2
-197 262 34 0
-196 260 8 1
-196 260 7 1
-196 260 6 1
-196 259 8 1
-196 259 7 1
-199 260 13 1
-189 263 2 1
-191 261 0 1
-187 263 2 1
-196 261 5 0
-198 256 34 0
-198 257 34 0
-198 258 34 0
-198 259 34 0
-196 253 33 0
-195 252 33 0
-194 251 33 0
-196 255 33 0
-194 258 33 0
-199 256 33 0
-194 256 2 1
-196 254 33 0
-195 254 32 1
-194 254 32 1
-193 253 32 1
-197 256 33 0
-196 251 31 1
-195 257 29 1
-195 257 30 1
-195 257 31 2
-194 257 29 1
-194 257 30 1
-194 257 31 2
-193 255 29 1
-193 255 30 2
-193 255 31 1
-193 256 29 1
-193 256 30 2
-193 256 31 2
-193 257 29 1
-193 257 30 1
-193 257 31 2
-196 255 32 1
-200 256 29 1
-200 257 29 1
-200 258 29 1
-199 256 29 1
-199 257 29 1
-199 258 29 1
-198 256 29 1
-198 257 29 1
-198 258 29 1
-196 252 29 1
-195 252 29 1
-195 252 30 1
-195 252 31 2
-197 256 29 1
-188 252 7 0
-190 251 9 1
-191 250 9 2
-200 252 9 1
-200 252 8 1
-197 250 12 1
-193 252 5 1
-193 252 6 2
-193 252 7 1
-193 253 7 1
-189 256 10 1
-193 262 9 0
-194 262 10 0
-195 263 10 0
-187 261 9 0
-191 264 9 0
-198 252 1 1
-198 251 1 2
-199 253 3 2
-189 252 31 1
-192 250 30 1
-192 251 30 2
-191 250 30 2
-199 256 34 0
-200 258 34 0
-197 251 33 0
-187 251 29 0
-196 250 33 0
-195 250 33 0
-197 256 30 2
-197 256 31 1
-197 256 32 1
-197 257 30 1
-197 257 31 2
-188 251 27 0
-188 252 28 0
-200 255 30 1
-199 255 34 0
-200 252 26 1
-199 260 5 1
-197 259 10 1
-197 260 10 1
-196 259 10 1
-199 251 22 1
-199 250 22 2
-196 260 10 1
-200 251 22 1
-200 250 22 2
-196 261 10 1
-200 264 10 0
-198 265 8 0
-200 257 7 1
-193 255 34 0
-187 256 7 0
-190 254 6 2
-191 253 5 1
-191 253 6 2
-191 253 7 1
-191 254 5 2
-199 255 33 0
-188 260 11 0
-193 263 11 0
-192 262 11 0
-188 258 12 0
-191 265 12 0
-191 264 12 0
-198 256 37 0
-198 256 38 0
-197 252 36 0
-197 251 37 0
-197 255 35 0
-196 255 36 0
-195 255 37 0
-200 256 35 0
-200 256 36 0
-200 257 36 0
-195 252 35 0
-194 252 36 0
-197 256 34 0
-196 258 35 0
-197 254 34 0
-199 257 34 0
-199 258 34 0
-197 252 33 0
-198 263 28 0
-195 257 33 0
-200 255 33 0
-200 256 33 0
-195 253 32 1
-194 253 32 1
-198 259 30 1
-197 262 26 0
-196 262 26 0
-197 259 30 1
-197 259 32 1
-196 257 30 1
-196 257 31 1
-196 257 32 1
-196 258 30 1
-196 258 31 2
-200 263 25 0
-199 263 25 0
-197 265 24 0
-196 259 32 1
-198 255 33 0
-196 250 31 1
-196 256 29 1
-196 256 30 2
-196 256 31 1
-195 256 29 1
-195 256 30 2
-200 264 24 0
-200 265 23 0
-200 266 23 0
-187 259 31 0
-194 260 29 1
-193 260 29 1
-200 259 23 2
-200 260 23 2
-200 261 23 1
-194 256 38 0
-196 258 37 0
-197 259 36 0
-191 261 34 0
-196 259 37 0
-193 260 36 0
-195 257 38 0
-191 255 37 0
-187 261 4 0
-186 261 4 0
-192 258 34 0
-198 260 35 0
-194 253 34 0
-191 253 33 0
-192 260 33 0
-196 258 33 0
-197 258 33 0
-198 260 32 0
-194 256 33 1
-193 256 33 1
-191 256 32 1
-195 258 33 0
-194 260 32 0
-194 260 31 1
-192 254 29 1
-192 254 30 1
-192 254 31 1
-189 253 2 1
-189 254 0 1
-191 260 28 1
-192 260 31 1
-192 260 30 1
-198 250 1 1
-196 256 36 0
-195 259 37 0
-193 255 37 0
-189 256 30 0
-190 257 31 1
-190 263 31 0
-197 250 23 1
-192 258 36 0
-192 259 37 0
-187 256 33 0
-196 259 35 0
-196 260 36 0
-192 263 33 0
-200 253 24 1
-200 253 23 1
-200 253 22 1
-192 252 7 1
-200 252 23 1
-187 258 35 0
-189 259 35 0
-191 262 37 0
-192 263 23 0
-189 259 24 0
-198 252 7 1
-192 252 30 1
-192 252 31 1
-189 262 7 0
-187 263 9 0
-194 263 6 0
-195 263 6 0
-186 262 6 0
-191 264 5 0
-191 266 6 0
-192 263 5 0
-194 264 4 1
-186 260 4 0
-189 257 2 2
-189 257 3 1
-188 257 2 1
-188 257 3 1
-188 257 4 1
-194 263 2 1
-194 263 3 2
-194 263 4 1
-193 263 3 1
-188 257 36 0
-191 263 35 0
-191 255 35 0
-189 256 33 0
-190 260 33 0
-194 261 33 0
-192 263 31 0
-190 255 31 1
-196 260 31 1
-196 263 30 0
-192 263 20 0
-192 264 20 0
-189 252 8 1
-189 251 8 1
-187 252 6 0
-187 252 7 0
-188 254 5 0
-187 254 5 0
-193 250 5 1
-187 250 4 1
-187 257 4 0
-191 250 4 1
-188 253 3 1
-195 250 2 1
-191 254 26 1
-189 254 26 1
-196 262 11 0
-193 253 34 0
-190 253 32 0
-189 250 32 0
-188 250 35 0
-189 252 34 0
-199 263 10 0
-199 264 10 0
-191 250 32 1
-187 251 32 0
-186 252 33 0
-199 262 1 2
-199 263 1 1
-200 255 2 1
-200 256 3 2
-200 255 3 1
-198 256 7 1
-198 256 6 1
-199 262 2 2
-200 262 3 1
-197 254 4 1
-197 254 3 1
-198 254 5 2
-199 254 5 2
-200 256 4 1
-200 255 4 1
-200 254 6 1
-200 254 5 2
-198 263 2 2
-199 262 3 1
-200 262 4 1
-200 258 3 2
-200 266 3 0
-194 255 3 2
-194 255 2 1
-195 255 3 1
-195 255 2 1
-192 253 4 1
-188 255 4 0
-193 253 6 1
-193 253 5 1
-193 253 4 1
-194 253 6 1
-194 253 5 1
-194 253 4 2
-195 253 6 1
-195 253 5 1
-195 253 4 1
-192 264 2 1
-192 264 1 2
-192 264 0 1
-195 250 7 1
-195 250 6 1
-195 250 5 1
-187 251 7 0
-192 262 0 1
-193 264 2 1
-193 264 1 1
-193 266 0 1
-186 263 6 0
-192 265 7 0
-189 262 10 0
-198 259 22 1
-198 260 22 1
-191 255 5 2
-188 263 5 0
-188 262 5 0
-200 263 22 0
-199 263 22 0
-198 264 22 0
-198 265 21 0
-191 256 34 0
-199 250 15 1
-200 258 21 1
-194 260 34 0
-199 260 30 2
-199 260 31 1
-196 261 21 1
-198 260 33 0
-197 262 33 0
-196 260 35 0
-199 261 35 0
-197 261 37 0
-200 265 20 0
-200 266 20 0
-200 262 30 0
-200 260 33 0
-197 260 31 1
-200 259 20 1
-200 260 20 2
-200 261 20 1
-200 264 34 0
-189 258 13 1
-193 263 13 0
-199 262 20 0
-198 262 20 0
-198 263 19 0
-190 261 6 1
-188 259 7 0
-191 263 7 0
-196 250 7 1
-196 250 8 1
-200 259 17 1
-200 259 18 1
-200 259 19 1
-200 260 17 2
-200 260 18 2
-188 262 30 0
-191 264 11 0
-191 265 11 0
-188 258 11 0
-187 258 11 0
-187 257 11 0
-194 260 11 0
-187 264 10 0
-192 262 10 0
-193 263 10 0
-193 264 10 0
-188 260 10 0
-187 260 10 0
-199 257 32 1
-199 258 30 2
-199 258 31 1
-199 258 32 1
-198 256 30 1
-198 256 31 1
-198 256 32 1
-198 257 30 1
-198 257 31 2
-198 257 32 1
-198 258 30 1
-198 258 31 2
-198 258 32 1
-200 263 3 1
-196 254 30 2
-197 253 29 1
-197 254 29 1
-197 255 29 1
-197 255 30 2
-197 255 31 1
-196 253 29 1
-196 253 30 2
-196 253 31 2
-196 254 29 1
-196 254 31 1
-196 255 29 1
-196 255 30 2
-198 263 1 1
-198 264 1 1
-198 264 2 1
-198 264 3 1
-188 250 32 0
-197 262 2 1
-197 262 3 1
-197 263 1 1
-189 251 30 1
-189 252 32 0
-197 264 1 1
-197 264 2 1
-197 264 3 1
-199 256 7 1
-192 250 31 1
-192 251 31 2
-199 256 6 1
-191 250 31 1
-191 251 31 1
-190 250 31 1
-190 251 31 1
-186 251 30 0
-186 252 31 0
-199 256 5 1
-200 256 7 1
-191 252 30 2
-191 253 30 1
-189 250 21 0
-188 250 23 0
-188 250 24 0
-188 250 25 0
-197 262 5 0
-200 256 5 1
-197 262 4 1
-189 251 23 1
-189 252 24 1
-188 252 29 0
-187 253 29 0
-187 254 29 0
-192 250 23 1
-192 250 24 1
-187 251 22 0
-186 251 23 0
-186 252 23 0
-186 250 28 0
-185 251 28 0
-184 251 28 0
-191 251 23 2
-191 252 23 2
-191 253 23 1
-190 251 23 1
-190 252 23 2
-190 253 23 1
-189 253 23 1
-193 250 27 0
-198 262 5 0
-187 252 27 0
-186 253 27 0
-200 266 2 0
-196 262 4 1
-188 251 21 0
-188 252 21 0
-187 253 22 0
-187 254 22 0
-188 253 26 0
-188 254 25 0
-197 260 4 1
-192 252 22 1
-187 250 21 0
-186 250 21 0
-185 250 21 0
-184 251 21 0
-188 250 33 0
-196 262 3 1
-196 262 2 1
-190 254 20 1
-189 251 31 1
-200 258 2 2
-197 260 3 1
-192 250 32 1
-187 252 20 0
-185 253 19 0
-186 252 32 0
-198 262 4 1
-200 263 4 1
-192 253 20 1
-191 253 31 1
-200 250 29 2
-200 251 29 1
-189 253 31 1
-199 250 29 1
-199 251 29 1
-200 256 6 2
-191 254 16 1
-191 254 17 1
-190 254 15 1
-189 254 17 1
-199 265 6 0
-198 258 4 1
-187 250 29 0
-186 250 29 0
-189 250 22 0
-188 250 26 0
-197 263 3 1
-197 263 2 1
-197 262 1 1
-198 262 3 1
-189 251 24 1
-189 252 25 1
-189 252 26 1
-198 262 2 1
-198 262 1 1
-199 251 27 1
-199 250 27 1
-200 258 7 1
-200 251 27 1
-200 250 27 2
-197 261 7 1
-199 262 7 0
-200 265 10 0
-199 265 10 0
-198 262 9 0
-197 262 9 0
-200 263 8 0
-199 264 8 0
-196 253 32 1
-200 262 7 0
-199 263 6 0
-198 263 5 0
-197 258 31 2
-197 259 9 1
-200 263 13 0
-190 258 0 1
-191 258 0 1
-189 257 0 1
-189 256 0 1
-189 255 0 1
-190 257 0 1
-190 256 0 1
-190 255 0 1
-191 257 0 1
-191 256 0 1
-191 255 0 1
-195 257 1 2
-195 257 0 1
-196 257 1 1
-196 257 0 1
-188 254 2 2
-188 254 1 1
-188 254 0 1
-188 253 2 2
-188 253 1 1
-188 253 0 1
-188 252 2 1
-188 252 1 1
-197 251 20 1
-197 250 20 1
-198 259 12 1
-198 259 13 1
-186 257 2 1
-186 257 3 1
-185 255 1 1
-185 255 2 1
-185 255 3 1
-185 256 1 1
-185 256 2 1
-185 256 3 1
-185 257 1 1
-185 257 2 1
-185 257 3 1
-195 253 2 1
-195 253 3 1
-194 253 2 1
-194 253 3 2
-193 253 2 1
-193 253 3 2
-190 251 0 1
-190 251 1 1
-190 251 2 1
-189 251 0 1
-189 251 1 2
-189 251 2 1
-188 251 0 1
-188 251 1 2
-188 251 2 1
-196 256 1 1
-195 256 1 1
-194 253 0 1
-194 253 1 1
-194 254 0 1
-194 254 1 1
-194 255 0 1
-194 255 1 1
-193 253 0 1
-193 253 1 1
-193 254 0 1
-193 255 0 1
-192 253 0 1
-192 253 1 2
-192 253 2 1
-192 254 0 1
-192 255 0 1
-196 261 13 1
-200 261 6 1
-197 261 10 1
-200 257 10 1
-196 262 13 0
-188 254 35 0
-189 253 35 0
-186 250 4 0
-186 254 4 0
-197 251 13 1
-194 262 18 0
-195 263 18 0
-187 261 17 0
-186 261 17 0
-191 263 17 0
-191 264 17 0
-191 265 17 0
-188 258 17 0
-187 257 17 0
-194 260 16 1
-195 260 16 0
-188 262 16 0
-188 263 16 0
-187 264 16 0
-189 258 15 1
-189 260 15 1
-192 262 16 0
-193 263 16 0
-193 264 15 0
-188 260 16 0
-187 260 15 0
-186 259 15 0
-193 258 15 1
-193 259 15 2
-193 260 15 1
-190 262 16 0
-190 263 15 0
-190 264 15 0
-189 264 14 0
-189 257 15 0
-193 262 17 0
-189 255 18 0
-189 256 18 0
-190 257 18 0
-188 264 18 0
-189 263 18 0
-187 259 19 0
-192 264 19 0
-193 261 20 0
-199 261 12 1
-199 261 11 1
-199 260 11 2
-199 259 13 1
-199 259 12 1
-199 259 11 1
-200 261 13 1
-200 261 12 1
-200 261 11 1
-200 260 13 2
-190 261 13 0
-192 260 13 1
-188 259 14 0
-189 259 14 1
-189 259 15 1
-189 260 16 1
-191 263 14 0
-191 262 15 0
-200 251 24 1
-200 251 23 1
-200 250 24 2
-190 259 16 2
-190 259 15 2
-200 250 23 2
-190 258 15 1
-191 260 15 1
-191 259 15 2
-191 258 15 2
-192 259 15 2
-192 258 15 2
-187 262 15 0
-188 261 15 0
-189 261 16 0
-194 261 15 0
-193 261 15 0
-193 261 16 0
-192 261 17 0
-188 256 15 0
-189 257 16 0
-187 256 0 1
-187 255 0 1
-187 254 0 1
-188 256 0 1
-190 251 3 1
-186 257 1 1
-186 256 3 1
-186 256 1 1
-186 255 3 1
-186 255 2 1
-186 255 1 1
-187 257 2 1
-187 257 1 1
-187 256 3 1
-187 256 1 1
-187 255 3 1
-187 255 2 2
-187 255 1 1
-188 255 36 0
-198 262 18 0
-199 262 19 0
-200 266 19 0
-200 265 19 0
-194 250 34 0
-189 254 32 0
-192 250 38 0
-193 251 36 0
-189 253 9 1
-189 253 10 1
-188 251 7 0
-186 253 9 0
-187 252 35 0
-191 252 34 0
-190 251 39 0
-193 250 38 0
-193 250 39 0
-195 260 2 2
-195 260 3 2
-195 260 4 1
-195 261 2 1
-195 261 3 1
-195 261 4 1
-195 262 2 1
-195 262 3 1
-195 262 4 1
-194 262 2 1
-194 262 3 2
-194 262 4 1
-193 262 2 1
-193 262 3 2
-193 262 4 1
-191 258 3 2
-191 263 2 1
-190 262 4 1
-189 261 4 1
-189 262 4 1
-189 252 29 1
-200 262 8 0
-199 263 7 0
-198 263 6 0
-188 262 36 0
-193 263 35 0
-188 258 34 0
-189 263 34 0
-189 264 34 0
-190 255 34 0
-194 262 33 0
-188 260 33 0
-187 260 33 0
-186 261 33 0
-187 261 6 0
-192 257 7 1
-191 257 7 1
-188 255 7 0
-188 255 8 0
-192 250 5 1
-192 250 6 2
-192 250 7 1
-191 250 5 1
-191 250 6 2
-191 250 7 2
-194 258 34 0
-191 255 36 0
-197 260 36 0
-196 252 36 0
-192 258 37 0
-193 258 36 0
-193 257 35 0
-199 257 37 0
-198 257 36 0
-193 254 37 0
-194 255 36 0
-194 255 35 0
-195 259 38 0
-195 258 37 0
-195 258 36 0
-200 256 1 1
-200 257 0 1
-199 255 0 1
-199 255 1 2
-199 256 0 1
-187 262 21 0
-188 261 22 0
-189 261 23 0
-194 261 21 0
-197 252 3 2
-197 252 2 2
-197 252 1 1
-189 258 23 0
-190 264 22 0
-190 263 23 0
-190 262 23 0
-190 258 34 0
-195 258 34 0
-195 259 34 0
-195 260 34 0
-195 261 34 0
-193 255 33 1
-191 260 33 0
-197 259 33 0
-190 256 32 0
-194 259 21 1
-194 259 22 1
-193 257 21 1
-193 257 22 1
-193 257 23 1
-193 258 21 1
-188 250 19 0
-199 263 15 0
-198 264 15 0
-198 265 14 0
-189 251 17 1
-189 252 19 1
-199 260 20 1
-199 260 19 1
-199 259 21 1
-199 259 20 1
-199 259 19 1
-192 250 18 1
-192 251 18 1
-198 260 20 2
-191 250 18 2
-191 251 18 2
-198 263 21 0
-200 266 22 0
-200 265 22 0
-200 264 23 0
-200 255 13 1
-200 255 14 1
-200 255 15 1
-200 256 13 1
-200 256 14 1
-200 256 15 1
-200 257 13 1
-200 257 14 1
-196 259 26 1
-198 263 27 0
-195 256 37 0
-198 261 14 1
-197 261 14 1
-192 262 33 0
-194 254 29 1
-195 256 31 2
-196 259 31 1
-196 259 30 1
-196 258 32 1
-200 265 13 0
-200 266 13 0
-196 251 33 0
-192 257 21 1
-192 253 32 1
-199 259 30 1
-199 259 31 1
-191 258 30 1
-190 262 22 0
-190 263 22 0
-190 263 21 0
-190 264 21 0
-189 258 22 0
-189 257 21 0
-188 256 21 0
-193 257 38 0
-196 256 38 0
-194 258 35 0
-194 259 36 0
-194 259 37 0
-193 250 0 1
-193 250 1 1
-193 250 2 1
-192 250 0 1
-192 250 1 1
-192 250 2 1
-191 250 0 1
-191 250 1 1
-191 250 2 2
-189 261 19 0
-188 261 18 0
-188 261 17 0
-187 262 17 0
-190 258 18 1
-190 259 18 2
-190 260 18 1
-191 261 19 0
-191 261 18 0
-191 262 17 0
-187 253 28 0
-187 254 28 0
-192 252 28 1
-187 250 27 0
-186 250 27 0
-185 251 27 0
-184 251 27 0
-190 254 27 1
-190 255 27 0
-187 252 26 0
-186 253 26 0
-192 253 27 1
-188 253 25 0
-188 254 24 0
-190 252 30 2
-190 253 30 1
-189 253 30 1
-188 251 28 0
-192 252 29 1
-187 250 28 0
-190 254 28 1
-190 255 28 0
-192 253 28 1
-189 250 30 0
-187 251 30 0
-186 251 31 0
-189 252 27 1
-189 251 25 1
-191 252 31 1
-190 252 31 1
-190 253 31 1
-188 251 29 0
-188 250 27 0
-189 250 23 0
-200 258 18 1
-200 257 18 1
-187 250 34 0
-191 250 36 0
-190 251 35 0
-189 253 15 1
-190 253 15 1
-190 252 15 2
-193 250 23 1
-193 250 22 1
-193 250 21 1
-188 254 22 0
-192 253 24 1
-186 252 24 0
-187 252 24 0
-184 251 25 0
-185 250 25 0
-186 250 25 0
-192 252 26 1
-187 254 26 0
-187 253 26 0
-188 251 25 0
-189 253 27 1
-190 253 27 2
-190 252 27 2
-191 253 27 1
-191 252 27 2
-186 251 27 0
-189 251 27 1
-188 250 29 0
-186 251 21 0
-188 253 22 0
-191 254 23 1
-191 254 22 1
-191 254 21 1
-192 254 23 1
-192 254 22 1
-198 253 3 2
-191 265 21 0
-188 258 21 0
-187 257 21 0
-194 260 21 0
-195 260 21 0
-188 262 21 0
-188 263 21 0
-187 264 20 0
-192 261 21 0
-192 262 20 0
-193 263 20 0
-194 264 20 0
-189 260 20 1
-188 260 20 0
-187 260 20 0
-186 259 19 0
-191 258 19 1
-191 259 19 2
-191 260 19 1
-190 262 20 0
-190 263 19 0
-189 264 19 0
-189 258 20 1
-189 257 19 0
-188 256 19 0
-192 261 20 0
-193 261 19 0
-194 261 18 0
-189 261 20 0
-188 261 19 0
-187 262 18 0
-190 258 19 1
-190 259 19 2
-190 260 19 1
-191 261 20 0
-191 262 18 0
-192 263 17 0
-189 259 18 1
-188 259 17 0
-190 261 16 0
-199 256 1 2
-200 256 0 1
-192 262 22 0
-192 264 23 0
-189 263 21 0
-188 264 22 0
-190 257 21 0
-189 256 21 0
-189 255 21 0
-193 262 21 0
-194 262 21 0
-195 262 21 0
-187 261 21 0
-186 261 21 0
-191 263 20 0
-191 264 20 0
-191 265 20 0
-188 258 20 0
-187 257 20 0
-198 262 19 0
-197 262 19 0
-196 262 19 0
-200 263 18 0
-199 263 18 0
-198 264 18 0
-200 259 29 1
-200 260 29 2
-197 261 17 1
-199 262 28 0
-200 264 36 0
-197 263 35 0
-199 264 33 0
-198 265 34 0
-198 254 1 1
-200 263 32 0
-200 264 32 0
-197 265 31 0
-198 261 31 1
-199 264 31 0
-199 265 30 0
-198 259 29 1
-198 262 30 0
-197 263 29 0
-198 253 6 1
-197 260 28 2
-198 259 27 1
-198 259 28 1
-198 260 27 2
-198 260 28 1
-198 260 29 1
-198 261 27 1
-198 261 28 1
-198 261 29 1
-197 259 27 1
-197 259 28 1
-197 259 29 1
-197 260 27 2
-197 261 27 1
-197 261 28 1
-197 261 29 1
-196 259 27 1
-196 259 28 1
-196 259 29 1
-196 261 27 1
-196 261 28 1
-196 261 29 1
-200 264 30 0
-200 262 29 0
-200 262 28 0
-187 259 14 0
-198 253 35 0
-190 257 13 0
-189 256 13 0
-189 255 13 0
-194 262 13 0
-195 263 13 0
-187 261 12 0
-198 251 35 0
-196 250 36 0
-199 253 34 0
-187 258 12 0
-187 257 12 0
-195 260 11 0
-188 262 11 0
-188 263 11 0
-187 264 11 0
-198 252 34 0
-197 252 34 0
-195 253 34 0
-186 259 10 0
-193 258 10 1
-193 259 10 1
-193 260 10 1
-190 262 11 0
-190 264 10 0
-189 258 10 1
-189 257 10 1
-197 262 36 0
-198 261 35 0
-200 260 36 0
-197 259 37 0
-199 260 38 0
-199 258 35 0
-200 252 15 1
-200 252 16 1
-200 253 14 1
-200 253 15 1
-200 253 16 1
-198 259 33 0
-199 259 38 0
-200 259 30 1
-199 261 34 0
-200 259 36 0
-200 258 33 0
-199 258 36 0
-197 250 15 1
-199 258 33 0
-199 250 35 0
-200 257 35 0
-194 252 38 0
-197 253 39 0
-198 263 24 0
-195 254 38 0
-195 254 37 0
-197 259 22 1
-197 260 22 2
-196 259 22 1
-196 259 23 2
-196 260 22 1
-196 260 23 1
-196 253 37 0
-191 250 38 0
-199 265 23 0
-193 251 33 0
-195 252 34 0
-194 252 34 0
-197 262 22 0
-196 262 22 0
-192 253 37 0
-191 252 37 0
-194 250 35 0
-193 254 36 0
-189 253 37 0
-195 252 38 0
-191 254 38 0
-191 253 37 0
-200 263 21 0
-199 263 21 0
-198 264 20 0
-198 265 20 0
-191 251 37 0
-191 251 36 0
-190 253 33 0
-188 254 33 0
-188 253 34 0
-196 251 34 0
-195 251 34 0
-194 251 34 0
-193 251 34 0
-200 257 19 1
-200 257 20 1
-200 257 21 1
-200 258 19 1
-198 265 7 0
-197 251 25 1
-197 251 24 1
-197 251 23 1
-197 250 25 2
-200 257 6 2
-200 258 6 2
-197 261 6 1
-198 251 25 1
-198 251 24 1
-198 251 23 1
-198 250 25 1
-198 250 24 1
-198 250 23 1
-199 262 6 0
-199 260 3 2
-200 259 2 1
-197 250 24 2
-200 259 3 2
-200 259 4 1
-200 260 2 2
-200 260 3 1
-200 260 4 1
-200 261 2 2
-200 261 3 2
-200 252 25 1
-200 261 4 1
-199 259 2 1
-199 259 3 2
-199 259 4 1
-199 260 2 1
-199 261 2 1
-199 261 3 1
-199 261 4 1
-198 259 2 1
-198 259 3 1
-198 259 4 1
-198 260 2 1
-198 260 3 1
-198 260 4 1
-198 261 2 1
-198 261 3 2
-198 261 4 1
-200 264 8 0
-200 265 9 0
-199 265 9 0
-198 262 8 0
-197 262 8 0
-200 263 7 0
-199 264 7 0
-200 266 5 0
-200 259 5 1
-200 260 5 1
-200 261 5 1
-199 259 5 1
-199 261 5 1
-200 262 6 0
-199 262 5 0
-199 263 5 0
-198 263 4 0
-197 259 8 1
-197 260 8 2
-200 265 8 0
-199 265 8 0
-198 262 7 0
-197 262 7 0
-200 263 6 0
-199 264 6 0
-198 265 6 0
-198 264 4 0
-200 258 5 1
-198 261 5 1
-197 261 5 1
-199 255 7 1
-199 255 6 1
-199 255 5 2
-200 255 7 1
-200 255 6 2
-200 255 5 1
-197 260 7 2
-196 259 9 1
-196 260 9 1
-196 261 9 1
-197 260 5 1
-197 259 5 1
-198 260 5 1
-198 258 6 2
-190 260 17 1
-191 261 17 0
-191 262 16 0
-191 263 15 0
-189 260 17 1
-189 259 16 1
-188 259 15 0
-193 251 4 1
-193 251 3 1
-194 251 3 2
-194 251 2 1
-195 251 4 1
-195 251 3 1
-195 251 2 1
-191 251 4 1
-197 265 30 0
-198 264 30 0
-200 258 20 1
-185 250 32 0
-200 250 31 1
-200 251 31 1
-196 261 19 1
-199 250 31 1
-199 251 31 1
-188 250 16 0
-193 250 34 0
-191 255 34 0
-200 250 18 2
-200 251 18 1
-189 252 16 1
-199 250 18 1
-199 251 18 1
-191 254 34 0
-186 251 35 0
-192 250 14 1
-192 251 14 1
-198 263 18 0
-191 250 14 2
-191 251 14 2
-190 250 14 1
-190 251 14 1
-187 251 14 0
-186 252 15 0
-199 260 16 2
-200 259 15 2
-200 252 17 1
-191 252 14 2
-191 253 14 1
-190 252 14 2
-190 253 14 1
-189 253 14 1
-199 259 16 1
-199 260 15 1
-199 261 15 1
-198 250 16 2
-198 259 15 1
-188 256 14 0
-192 261 15 0
-193 261 14 0
-194 261 14 0
-189 261 15 0
-188 261 14 0
-187 262 13 0
-192 258 14 1
-192 259 14 2
-191 258 14 1
-191 259 14 2
-191 260 14 1
-190 258 14 1
-190 259 14 2
-190 260 14 1
-191 261 15 0
-191 262 14 0
-191 263 13 0
-189 259 13 1
-188 259 12 0
-192 260 12 1
-190 261 12 0
-200 257 2 1
-200 257 3 1
-200 258 1 1
-199 257 1 1
-199 257 2 1
-199 257 3 1
-199 258 1 1
-188 262 18 0
-192 264 18 0
-187 259 17 0
-189 263 16 0
-189 263 17 0
-188 264 17 0
-190 257 16 1
-189 256 17 0
-189 255 17 0
-192 261 16 0
-193 262 16 0
-194 262 16 0
-195 263 17 0
-187 261 16 0
-186 261 16 0
-191 264 16 0
-198 258 7 1
-197 258 5 1
-197 258 6 1
-197 258 7 1
-198 256 3 2
-198 256 4 2
-198 256 5 2
-198 257 3 1
-198 257 4 1
-198 257 5 1
-198 258 3 1
-197 256 3 1
-197 256 4 1
-197 256 5 1
-197 257 3 1
-194 258 29 1
-194 259 29 1
-193 258 29 1
-191 259 38 0
-191 257 37 0
-190 256 37 0
-190 260 35 0
-189 261 37 0
-190 258 35 0
-190 263 35 0
-188 260 34 0
-190 257 33 0
-195 262 32 0
-190 258 33 0
-191 263 31 0
-191 256 31 1
-191 258 32 1
-190 258 30 1
-192 260 29 1
-200 262 17 0
-192 264 7 0
-191 258 35 0
-191 260 34 0
-196 261 35 0
-187 260 34 0
-192 261 34 0
-193 264 34 0
-188 255 33 0
-191 259 33 0
-189 261 33 0
-191 262 32 0
-190 256 31 1
-190 260 32 0
-189 260 31 1
-193 262 30 0
-188 264 5 0
-194 265 4 0
-190 264 3 0
-190 265 3 0
-190 257 37 0
-189 260 36 0
-190 261 0 1
-189 261 0 1
-190 262 35 0
-189 263 0 1
-189 263 1 1
-194 262 32 0
-190 259 33 0
-187 258 32 0
-192 261 33 0
-191 261 32 0
-192 260 32 0
-190 258 29 1
-191 260 30 1
-191 260 29 1
-186 260 8 0
-193 258 38 0
-192 261 36 0
-192 262 38 0
-195 260 37 0
-199 251 0 1
-199 252 0 1
-198 252 0 1
-197 252 0 1
-190 254 35 0
-189 260 34 0
-192 263 34 0
-192 264 34 0
-188 262 33 0
-195 263 32 0
-189 259 32 0
-191 261 33 0
-188 261 30 0
-192 261 31 0
-190 258 31 1
-189 258 29 1
-191 260 31 1
-188 263 3 0
-190 259 1 1
-190 259 38 0
-191 261 36 0
-191 261 37 0
-191 262 38 0
-190 258 36 0
-194 260 36 0
-198 253 5 1
-193 263 36 0
-187 258 36 0
-190 255 35 0
-196 262 35 0
-195 258 5 1
-194 256 3 2
-194 256 4 2
-194 256 5 2
-194 257 3 2
-194 257 4 2
-194 257 5 2
-194 258 3 1
-194 258 4 1
-194 258 5 1
-190 262 5 0
-190 264 4 0
-188 261 6 0
-192 258 6 2
-197 253 33 0
-199 260 22 2
-197 263 23 0
-190 260 34 0
-189 257 33 0
-196 261 24 1
-197 265 25 0
-198 264 25 0
-200 259 10 1
-200 260 10 2
-200 261 10 1
-199 259 10 1
-199 260 10 2
-199 261 10 1
-198 259 10 1
-198 260 10 2
-198 261 10 1
-200 260 25 2
-200 259 25 1
-200 266 25 0
-200 265 25 0
-200 264 26 0
-200 263 26 0
-196 261 26 1
-197 265 26 0
-198 264 27 0
-199 263 27 0
-196 262 28 0
-197 262 28 0
-198 262 24 0
-197 262 24 0
-196 262 24 0
-197 250 35 0
-200 252 0 1
-197 254 33 0
-197 258 36 0
-193 259 32 1
-193 259 31 1
-197 261 32 0
-197 260 32 0
-192 263 12 0
-200 263 23 0
-199 263 23 0
-198 264 23 0
-198 265 22 0
-200 259 26 1
-200 265 26 0
-200 264 27 0
-200 263 27 0
-198 261 22 1
-197 261 22 1
-196 261 22 1
-196 262 29 0
-197 262 29 0
-197 260 30 2
-200 262 25 0
-200 264 22 0
-200 265 21 0
-200 266 21 0
-198 261 24 1
-198 260 24 2
-198 259 24 1
-200 259 21 1
-200 260 21 2
-200 261 21 1
-195 263 11 0
-187 261 10 0
-200 261 27 1
-200 260 27 2
-199 262 21 0
-198 262 21 0
-198 263 20 0
-200 264 28 0
-200 263 28 0
-197 265 29 0
-198 264 29 0
-199 259 18 1
-198 263 30 0
-199 263 30 0
-196 258 29 1
-197 258 29 1
-192 254 37 0
-200 252 13 1
-193 260 32 0
-193 261 31 0
-191 258 31 1
-191 259 30 2
-195 260 30 0
-192 256 33 1
-194 259 30 1
-189 251 26 1
-188 250 28 0
-189 250 25 0
-189 250 24 0
-189 254 19 1
-191 254 19 1
-188 254 20 0
-188 253 20 0
-192 253 23 1
-192 253 22 2
-185 253 22 0
-187 252 22 0
-190 255 23 0
-189 254 22 0
-184 251 23 0
-185 250 23 0
-186 250 23 0
-187 250 23 0
-196 251 3 1
-196 251 4 1
-196 252 2 1
-196 252 3 1
-196 253 2 1
-196 253 3 1
-190 253 25 2
-190 252 25 2
-191 253 25 1
-191 252 25 2
-186 252 26 0
-195 261 7 1
-195 261 8 1
-189 265 7 0
-190 251 25 1
-190 250 26 1
-190 250 25 1
-195 263 2 1
-195 263 3 1
-195 263 4 1
-199 256 37 0
-192 251 25 1
-192 250 26 1
-192 250 25 1
-191 250 25 2
-186 252 25 0
-186 251 24 0
-192 251 24 1
-188 254 18 0
-188 253 18 0
-188 254 17 0
-188 253 17 0
-192 253 19 1
-194 257 35 0
-193 257 36 0
-190 254 19 1
-184 251 20 0
-185 250 20 0
-186 250 20 0
-187 250 19 0
-192 252 21 1
-195 261 6 1
-187 265 5 0
-199 255 30 1
-199 255 31 2
-190 266 3 0
-200 251 38 0
-190 253 22 1
-190 252 22 2
-199 252 35 0
-196 250 21 1
-196 250 20 1
-194 259 23 1
-197 250 22 1
-198 251 22 1
-192 263 24 0
-189 261 26 0
-193 263 27 0
-193 262 27 0
-199 250 24 1
-199 250 23 1
-190 261 10 0
-190 257 14 1
-192 264 16 0
-194 259 16 1
-188 256 33 0
-192 262 34 0
-190 261 8 0
-189 263 13 0
-196 254 38 0
-197 254 37 0
-198 255 29 1
-198 254 29 1
-198 253 29 1
-199 255 29 1
-196 254 32 1
-196 252 31 1
-196 252 30 1
-198 255 32 1
-198 255 31 1
-198 255 30 2
-194 256 31 2
-194 256 30 2
-194 256 29 1
-194 255 31 1
-194 255 30 2
-194 255 29 1
-194 254 31 1
-194 254 30 2
-187 259 10 0
-189 263 9 0
-188 264 10 0
-190 257 9 1
-189 256 9 1
-194 262 9 0
-195 263 9 0
-187 261 8 0
-186 261 9 0
-191 264 8 0
-191 265 8 0
-188 258 8 0
-187 258 8 0
-187 257 8 0
-194 260 7 2
-195 260 7 2
-188 262 7 0
-188 263 7 0
-187 264 7 0
-192 262 7 0
-193 263 7 0
-193 264 6 0
-188 260 7 0
-187 260 6 0
-186 259 6 0
-193 258 6 2
-193 259 6 2
-193 260 6 1
-190 262 7 0
-190 263 6 0
-190 264 6 0
-189 258 6 1
-189 257 6 1
-188 256 5 0
-192 261 7 0
-193 261 5 1
-194 261 5 1
-188 261 5 0
-187 262 5 0
-191 261 6 1
-191 262 5 0
-191 263 4 0
-189 260 6 1
-189 259 5 1
-188 259 4 1
-193 260 3 2
-194 259 2 1
-194 259 3 1
-194 259 4 1
-194 260 2 1
-194 260 3 2
-194 260 4 1
-194 261 2 1
-194 261 3 2
-194 261 4 1
-193 259 2 1
-193 259 3 2
-193 259 4 1
-193 260 2 1
-193 260 4 1
-193 261 2 1
-193 261 3 2
-193 261 4 1
-192 259 2 1
-192 259 3 2
-192 259 4 1
-192 260 2 1
-192 260 3 2
-192 261 2 1
-192 261 3 2
-192 261 4 1
-190 261 3 2
-199 254 33 0
-194 254 34 0
-195 254 34 0
-196 254 34 0
-197 251 19 1
-197 250 19 1
-200 252 19 1
-199 261 38 0
-197 256 38 0
-189 258 19 1
-187 264 19 0
-197 260 37 0
-200 260 35 0
-195 260 20 0
-190 261 14 0
-198 262 35 0
-200 250 5 1
-196 251 8 1
-196 262 33 0
-196 251 6 1
-190 263 1 2
-190 263 2 1
-190 264 0 1
-190 264 1 1
-190 264 2 1
-191 251 30 1
-190 250 30 1
-190 251 30 1
-189 262 5 0
-186 251 29 0
-186 252 30 0
-200 262 21 0
-200 266 6 0
-194 252 32 1
-191 252 29 2
-191 253 29 1
-190 252 29 2
-190 253 29 1
-189 253 29 1
-197 257 32 1
-197 258 30 2
-199 260 4 1
-197 258 32 1
-194 259 31 1
-193 259 30 2
-200 252 32 1
-200 253 32 1
-195 257 36 0
-195 256 38 0
-193 256 36 0
-196 258 36 0
-198 250 31 1
-197 250 31 1
-193 258 34 0
-192 259 35 0
-191 259 36 0
-195 260 35 0
-195 260 36 0
-190 256 35 0
-190 256 36 0
-192 262 35 0
-192 253 35 0
-199 252 29 1
-199 252 30 1
-199 252 31 2
-194 261 34 0
-194 262 34 0
-191 255 33 0
-190 261 33 0
-195 259 33 0
-196 260 33 0
-196 260 32 0
-190 257 32 0
-189 257 32 0
-193 261 32 0
-193 262 31 0
-191 259 31 1
-190 259 30 2
-191 256 29 1
-186 251 15 0
-186 252 16 0
-188 250 39 0
-189 250 36 0
-188 252 35 0
-191 251 15 2
-191 252 15 1
-191 253 15 1
-190 251 15 1
-193 260 35 0
-199 251 38 0
-194 252 35 0
-199 259 35 0
-193 257 34 0
-190 257 34 0
-192 254 33 0
-188 258 16 0
-192 263 14 0
-188 259 13 0
-189 260 10 1
-189 259 9 1
-192 260 7 1
-190 261 7 0
-199 258 0 1
-200 258 0 1
-200 257 4 1
-198 258 2 1
-200 257 1 1
-200 257 5 1
-200 266 4 0
-199 258 4 1
-200 262 5 0
-200 264 6 0
-199 265 7 0
-198 265 17 0
-198 264 17 0
-199 250 33 0
-198 250 33 0
-198 258 5 1
-200 263 17 0
-194 258 2 1
-189 251 3 1
-192 250 3 1
-188 256 3 1
-192 257 2 1
-192 263 1 2
-193 262 0 1
-193 262 1 1
-193 263 0 1
-193 263 1 1
-193 263 2 1
-193 264 0 1
-200 256 2 1
-200 250 3 1
-191 260 23 1
-190 258 23 1
-190 259 23 1
-190 260 23 1
-191 261 24 0
-191 262 22 0
-192 263 21 0
-193 250 3 1
-194 250 4 1
-194 250 3 2
-194 250 2 1
-195 250 4 1
-195 250 3 1
-197 262 30 0
-198 262 31 0
-196 265 32 0
-197 264 32 0
-200 266 33 0
-200 265 33 0
-200 264 33 0
-200 263 33 0
-198 264 34 0
-199 264 34 0
-200 264 37 0
-200 263 35 0
-199 262 30 0
-199 262 31 0
-197 260 29 1
-198 260 30 1
-196 262 30 0
-199 265 31 0
-197 261 33 0
-193 263 5 0
-189 258 5 1
-190 260 5 2
-190 259 5 2
-187 264 15 0
-188 263 15 0
-188 262 15 0
-195 260 15 0
-194 260 15 1
-187 257 15 0
-188 258 15 0
-191 265 16 0
-191 262 8 0
-190 260 9 1
-190 259 9 2
-190 258 9 1
-195 253 36 0
-191 259 37 0
-192 259 36 0
-192 258 35 0
-198 260 6 2
-198 259 6 2
-199 261 6 1
-199 260 6 1
-199 259 6 1
-199 262 29 0
-200 260 6 2
-200 259 6 2
-198 260 31 1
-199 263 9 0
-198 263 34 0
-200 266 34 0
-195 262 35 0
-199 263 35 0
-199 262 34 0
-200 258 10 1
-197 263 37 0
-200 263 37 0
-200 262 37 0
-200 262 36 0
-198 261 39 0
-198 265 11 0
-199 264 11 0
-189 262 3 1
-189 262 2 1
-189 262 1 1
-189 261 3 1
-189 261 2 2
-189 261 1 1
-189 260 1 1
-190 262 3 1
-190 262 2 1
-190 262 1 2
-190 261 1 1
-190 260 3 2
-190 260 2 1
-190 260 1 1
-191 262 3 1
-191 262 2 1
-191 262 1 1
-191 261 1 1
-191 260 1 1
-190 261 2 2
-191 261 4 1
-191 261 3 2
-191 261 2 1
-191 260 4 1
-191 260 3 2
-191 260 2 1
-191 259 4 1
-191 259 3 2
-198 262 36 0
-199 263 37 0
-191 259 1 1
-189 258 1 1
-189 257 1 1
-190 258 1 1
-190 257 1 1
-191 258 1 1
-192 254 3 1
-192 254 2 1
-192 254 1 2
-193 254 3 2
-193 254 2 1
-193 254 1 2
-195 258 1 2
-195 258 0 1
-196 258 1 1
-196 258 0 1
-197 258 2 1
-197 258 1 1
-197 258 0 1
-189 256 1 1
-189 255 3 1
-189 255 1 1
-189 254 3 1
-189 254 1 2
-190 256 1 2
-190 255 3 1
-190 255 1 1
-190 254 3 1
-190 254 2 2
-190 254 1 2
-191 254 3 1
-191 254 2 1
-191 254 1 2
-187 257 3 1
-192 253 3 1
-197 257 4 2
-188 254 4 0
-189 255 4 1
-189 255 7 1
-189 255 6 1
-189 255 5 1
-189 254 7 1
-189 254 6 1
-189 254 5 1
-189 253 7 1
-189 253 6 1
-189 253 5 1
-190 255 7 2
-190 254 7 1
-190 254 5 2
-190 253 7 2
-190 253 6 2
-190 253 5 1
-191 255 7 1
-191 254 7 1
-191 254 6 2
-194 255 34 0
-195 255 34 0
-196 257 35 0
-196 257 34 0
-197 255 34 0
-194 253 36 0
-194 253 35 0
-195 253 35 0
-200 258 36 0
-199 257 36 0
-199 256 35 0
-194 256 37 0
-195 256 36 0
-196 255 35 0
-200 255 36 0
-196 252 37 0
-197 253 36 0
-197 253 35 0
-197 257 38 0
-197 256 37 0
-198 256 36 0
-198 255 35 0
-199 253 38 0
-199 253 37 0
-192 259 1 1
-192 259 0 1
-193 259 1 1
-193 259 0 1
-194 259 1 1
-194 259 0 1
-195 261 1 1
-195 261 0 1
-195 260 1 1
-195 260 0 1
-195 259 2 1
-195 259 1 1
-195 259 0 1
-196 261 2 1
-196 261 1 1
-196 261 0 1
-196 260 2 1
-196 260 0 1
-196 259 2 1
-196 259 1 2
-196 259 0 1
-197 261 2 1
-197 261 1 1
-192 258 0 1
-199 253 2 2
-199 253 1 1
-200 253 3 2
-200 253 1 2
-200 252 3 1
-200 251 3 1
-199 252 2 2
-186 259 8 0
-189 261 31 0
-195 261 30 0
-189 256 31 0
-190 264 31 0
-194 263 32 0
-193 262 33 0
-190 262 34 0
-193 262 35 0
-196 250 24 1
-194 261 31 0
-193 251 32 1
-193 252 30 1
-193 252 32 1
-193 253 30 1
-194 257 32 1
-193 254 29 1
-193 254 31 2
-197 257 29 1
-196 257 29 1
-199 254 35 0
-195 256 34 0
-199 253 33 0
-198 253 33 0
-189 253 26 1
-190 253 26 2
-190 252 26 2
-191 253 26 1
-191 252 26 2
-200 255 31 2
-195 258 38 0
-189 258 12 1
-187 264 13 0
-188 263 13 0
-188 262 13 0
-195 260 13 0
-194 260 13 0
-187 257 13 0
-188 258 13 0
-191 265 14 0
-186 261 14 0
-187 261 14 0
-194 262 14 0
-193 262 14 0
-189 255 15 0
-188 264 15 0
-189 263 14 0
-190 262 14 0
-197 250 6 1
-194 258 16 1
-187 259 15 0
-198 251 8 1
-198 251 7 1
-198 251 6 1
-198 250 8 2
-198 250 7 2
-198 250 6 2
-190 255 29 1
-191 255 29 1
-187 263 30 0
-189 263 32 0
-188 262 34 0
-188 261 34 0
-194 251 7 1
-194 252 6 2
-194 252 7 1
-200 263 29 0
-200 264 29 0
-199 265 28 0
-200 259 28 1
-200 260 28 2
-200 261 28 1
-198 262 28 0
-197 263 27 0
-195 255 39 0
-198 253 39 0
-200 255 38 0
-198 259 37 0
-199 259 33 0
-196 255 39 0
-198 254 39 0
-197 258 38 0
-195 253 38 0
-200 256 38 0
-199 259 37 0
-196 250 35 0
-200 259 33 0
-200 261 33 0
-200 263 30 0
-199 261 29 1
-199 254 38 0
-199 254 39 0
-192 263 7 0
-194 258 6 1
-194 258 7 1
-194 258 8 1
-194 259 6 1
-194 259 7 1
-194 259 8 1
-188 265 7 0
-194 260 18 1
-194 260 19 1
-194 260 20 1
-193 258 18 1
-193 258 19 1
-193 258 20 1
-193 259 18 2
-193 259 20 1
-193 260 18 1
-193 260 19 1
-193 260 20 1
-192 258 18 1
-192 258 19 1
-192 258 20 1
-192 259 18 2
-192 259 19 2
-192 259 20 2
-192 260 18 1
-200 250 0 1
-200 250 1 2
-200 250 2 1
-199 250 0 1
-199 250 1 1
-187 262 27 0
-196 261 36 0
-192 264 26 0
-191 256 35 0
-194 258 17 1
-193 259 34 0
-194 260 17 1
-193 254 34 0
-193 253 35 0
-198 259 35 0
-191 258 34 0
-192 259 17 2
-197 252 5 1
-190 261 19 0
-197 252 7 1
-197 253 5 2
-192 258 1 2
-197 253 7 1
-187 262 26 0
-192 264 25 0
-197 254 7 1
-193 260 22 1
-189 263 23 0
-188 264 24 0
-196 253 5 1
-189 256 23 0
-189 255 24 0
-194 262 23 0
-196 254 7 1
-195 252 5 1
-186 261 23 0
-193 257 24 1
-192 257 24 1
-195 254 7 1
-190 250 6 1
-188 255 5 0
-187 255 5 0
-191 264 22 0
-191 265 22 0
-188 258 22 0
-187 257 22 0
-194 260 22 0
-195 260 22 1
-188 262 22 0
-188 263 22 0
-187 263 22 0
-192 261 22 0
-192 262 21 0
-193 263 21 0
-194 264 21 0
-189 260 22 0
-188 260 21 0
-187 260 21 0
-186 259 21 0
-193 260 21 1
-190 262 21 0
-190 263 20 0
-190 264 20 0
-189 258 21 1
-189 257 20 0
-188 256 20 0
-193 261 21 0
-194 261 19 0
-189 261 21 0
-188 261 20 0
-187 262 19 0
-191 258 20 1
-191 259 20 2
-191 260 20 1
-190 258 20 1
-190 259 20 2
-190 260 20 1
-191 261 21 0
-191 262 19 0
-192 263 18 0
-189 259 19 1
-188 259 18 0
-190 261 18 0
-190 261 17 0
-187 262 24 0
-192 264 24 0
-189 263 22 0
-188 264 23 0
-190 257 22 0
-189 256 22 0
-189 255 23 0
-194 262 22 0
-195 262 22 0
-189 260 21 1
-187 261 22 0
-186 261 22 0
-191 263 21 0
-192 258 22 1
-192 259 22 2
-191 258 22 1
-191 259 22 2
-191 260 22 1
-190 258 22 1
-190 259 22 1
-190 260 22 1
-191 261 23 0
-191 262 21 0
-189 259 21 1
-188 259 20 0
-193 259 19 2
-194 258 18 1
-194 258 19 1
-194 258 20 1
-194 259 18 1
-194 259 19 1
-194 259 20 1
-186 258 26 0
-189 263 24 0
-189 264 25 0
-190 257 24 0
-189 256 24 0
-189 255 25 0
-194 262 24 0
-195 262 24 0
-186 261 24 0
-191 263 23 0
-191 264 23 0
-191 265 24 0
-188 258 23 0
-187 257 23 0
-195 260 23 1
-188 262 23 0
-191 264 21 0
-189 253 4 1
-188 252 4 0
-191 250 3 2
-186 253 1 2
-192 252 32 1
-194 264 23 0
-189 260 24 0
-188 256 22 0
-193 261 23 0
-190 261 20 0
-194 257 21 1
-192 257 23 1
-198 253 34 0
-197 253 34 0
-196 253 34 0
-200 254 33 0
-200 255 34 0
-200 256 34 0
-200 257 34 0
-196 256 33 0
-198 252 33 0
-190 250 13 1
-190 251 13 1
-188 251 12 0
-187 251 13 0
-186 252 14 0
-189 250 13 0
-189 251 14 1
-187 254 13 0
-192 252 13 1
-184 251 12 0
-187 252 11 0
-192 253 11 1
-192 253 12 1
-188 254 9 0
-186 251 9 0
-186 251 16 0
-186 252 17 0
-191 252 16 2
-187 253 15 0
-190 254 14 0
-190 250 18 1
-190 251 18 1
-187 251 16 0
-186 251 17 0
-186 252 18 0
-191 252 17 2
-196 251 30 1
-198 258 37 0
-190 259 37 0
-187 253 3 1
-187 253 2 1
-187 253 1 2
-191 266 2 1
-191 266 1 1
-191 266 0 1
-192 266 2 1
-192 266 1 1
-192 266 0 1
-193 266 2 1
-193 266 1 1
-191 260 32 0
-192 262 30 0
-189 260 32 0
-189 255 31 0
-191 263 32 0
-187 259 32 0
-187 262 20 0
-191 258 21 1
-198 251 2 2
-190 258 21 1
-189 257 37 0
-188 259 9 0
-189 259 11 1
-191 262 10 0
-191 261 12 0
-190 260 11 1
-190 259 11 2
-190 258 11 1
-191 260 11 1
-191 259 11 2
-191 258 11 1
-192 259 11 2
-192 258 11 1
-187 262 10 0
-188 261 11 0
-189 261 12 0
-194 261 10 0
-193 261 11 0
-192 261 12 0
-188 256 11 0
-189 257 11 0
-189 264 11 0
-190 263 12 0
-193 260 12 1
-193 259 12 1
-193 258 12 1
-186 259 12 0
-187 260 12 0
-188 260 12 0
-193 264 12 0
-193 263 12 0
-192 262 13 0
-189 260 12 1
-191 261 11 0
-190 260 10 1
-190 259 10 2
-190 258 10 1
-191 260 10 1
-191 259 10 2
-191 258 10 1
-192 259 10 2
-192 258 10 1
-187 262 9 0
-188 261 10 0
-189 261 11 0
-193 261 10 0
-192 261 11 0
-188 256 10 0
-189 264 10 0
-190 264 11 0
-190 263 11 0
-190 262 12 0
-193 260 11 1
-193 259 11 1
-193 258 11 1
-186 259 11 0
-187 260 11 0
-193 264 11 0
-192 262 12 0
-189 260 11 1
-189 258 11 1
-187 264 12 0
-188 263 12 0
-188 262 12 0
-195 260 12 0
-190 257 30 1
-190 263 30 0
-186 259 30 0
-192 265 32 0
-189 262 28 0
-189 254 12 1
-197 251 14 1
-197 250 14 1
-196 260 37 0
-186 251 6 0
-191 252 36 0
-191 250 37 0
-189 254 37 0
-192 251 37 0
-195 250 34 0
-185 250 4 0
-188 251 16 0
-199 253 7 1
-199 253 6 1
-199 253 5 2
-200 253 7 1
-200 253 6 2
-200 253 5 1
-192 262 24 0
-197 257 5 1
-197 258 3 1
-197 258 4 1
-199 262 0 1
-199 263 0 1
-198 262 0 1
-198 263 0 1
-199 255 2 2
-199 256 2 1
-198 255 2 1
-198 256 2 1
-198 250 2 1
-197 255 2 1
-198 250 3 2
-198 250 4 1
-197 250 2 1
-197 250 3 1
-197 250 4 1
-196 250 2 1
-196 250 3 1
-196 250 4 2
-198 257 6 1
-198 257 7 1
-197 257 6 1
-197 257 7 1
-199 255 3 2
-199 255 4 2
-199 256 3 2
-199 256 4 1
-199 257 4 1
-198 255 3 1
-198 255 4 2
-198 255 5 2
-197 255 3 1
-197 255 4 1
-197 255 5 1
-200 250 11 2
-200 251 11 1
-199 250 11 2
-199 251 11 1
-200 252 10 1
-200 254 7 1
-199 254 6 1
-198 250 10 2
-198 251 10 1
-197 250 10 1
-197 251 10 1
-189 256 28 0
-194 261 29 0
-195 261 28 0
-189 261 29 0
-188 261 28 0
-187 261 28 0
-190 260 29 1
-191 261 29 0
-192 262 28 0
-192 263 27 0
-189 259 28 1
-188 258 27 0
-193 258 27 1
-193 259 27 1
-193 260 27 1
-192 258 27 1
-192 259 27 2
-192 260 27 1
-191 258 27 1
-191 259 27 2
-191 260 27 1
-190 261 26 0
-200 262 10 0
-199 262 9 0
-198 263 8 0
-189 257 34 0
-189 261 32 0
-188 261 33 0
-192 263 32 0
-193 264 33 0
-189 264 32 0
-195 262 31 0
-188 260 31 0
-187 261 31 0
-186 261 31 0
-191 262 30 0
-191 263 30 0
-191 264 30 0
-191 265 30 0
-188 258 30 0
-188 257 30 0
-187 257 30 0
-196 260 30 1
-189 262 30 0
-188 263 30 0
-187 263 29 0
-193 262 29 0
-193 263 29 0
-194 263 29 0
-188 259 29 0
-187 259 29 0
-186 259 28 0
-190 261 29 0
-190 262 29 0
-190 263 28 0
-190 264 28 0
-189 257 28 0
-194 261 28 0
-195 261 27 0
-189 260 29 1
-189 261 28 0
-187 261 27 0
-190 258 28 1
-191 264 2 1
-191 264 0 1
-192 262 27 0
-192 263 26 0
-189 259 27 1
-188 259 26 0
-192 259 26 2
-193 258 25 1
-193 258 26 1
-193 259 25 2
-193 259 26 1
-193 260 25 1
-193 260 26 1
-192 258 25 1
-192 258 26 1
-192 259 25 2
-192 260 25 1
-192 260 26 1
-191 258 25 1
-191 258 26 1
-191 259 25 2
-191 259 26 2
-191 260 25 1
-191 260 26 1
-190 260 27 1
-190 261 25 0
-196 260 28 1
-195 260 28 0
-194 260 28 0
-187 257 28 0
-188 257 28 0
-188 258 28 0
-191 265 28 0
-191 264 28 0
-191 263 28 0
-186 261 29 0
-187 261 29 0
-188 260 29 0
-195 262 29 0
-194 262 29 0
-193 261 29 0
-189 260 27 1
-189 258 27 1
-189 264 30 0
-189 263 30 0
-187 258 31 0
-193 264 31 0
-192 263 30 0
-187 262 31 0
-190 263 32 0
-189 260 8 1
-200 251 0 1
-189 261 14 0
-194 261 12 0
-193 261 13 0
-192 261 14 0
-200 261 29 1
-199 259 26 1
-197 261 18 1
-197 260 18 2
-197 259 18 1
-198 261 18 1
-198 260 18 1
-198 259 18 1
-199 261 18 1
-199 260 18 2
-200 264 25 0
-200 265 24 0
-188 259 32 0
-193 261 33 0
-188 263 33 0
-188 257 33 0
-192 263 25 0
-192 262 26 0
-191 262 27 0
-191 261 28 0
-190 259 27 1
-190 258 27 1
-187 261 26 0
-188 261 27 0
-189 261 27 0
-189 260 28 1
-195 261 26 0
-194 261 27 0
-193 261 27 0
-189 256 27 0
-189 257 27 0
-190 264 27 0
-190 263 27 0
-190 262 28 0
-186 259 27 0
-187 259 28 0
-188 259 28 0
-194 264 28 0
-193 263 28 0
-193 262 28 0
-192 261 29 0
-187 263 28 0
-188 263 29 0
-189 262 29 0
-196 260 29 1
-199 264 3 1
-191 250 23 2
-199 264 2 1
-199 264 1 1
-197 261 3 2
-198 265 4 0
-199 264 4 0
-199 258 7 1
-199 257 7 1
-199 257 6 2
-199 257 5 1
-192 265 1 2
-199 263 17 0
-198 259 5 1
-197 262 6 0
-200 257 16 1
-200 258 16 1
-198 261 1 1
-198 261 0 1
-198 260 1 1
-198 260 0 1
-198 259 1 1
-198 259 0 1
-199 261 1 1
-199 261 0 1
-199 260 0 1
-199 259 1 1
-199 259 0 1
-200 260 1 1
-200 260 0 1
-200 259 1 2
-200 259 0 1
-196 253 35 0
-195 251 33 0
-193 263 23 0
-199 253 29 1
-188 260 23 0
-187 259 23 0
-188 251 13 0
-188 252 13 0
-187 253 14 0
-187 254 14 0
-188 251 35 0
-194 252 29 1
-194 251 29 1
-192 252 14 1
-187 250 13 0
-186 250 13 0
-185 250 13 0
-184 251 13 0
-194 250 29 1
-188 254 31 0
-199 262 18 0
-198 263 17 0
-190 254 12 1
-190 255 13 0
-184 251 34 0
-185 251 34 0
-186 250 34 0
-192 251 34 0
-187 254 35 0
-187 252 12 0
-186 253 12 0
-191 253 36 0
-190 252 35 0
-186 258 28 0
-189 263 26 0
-189 263 27 0
-189 264 27 0
-190 257 26 0
-189 255 27 0
-194 262 26 0
-195 262 26 0
-186 261 26 0
-191 263 25 0
-188 258 25 0
-187 257 25 0
-195 260 25 0
-196 260 25 1
-188 262 25 0
-188 263 25 0
-192 261 25 0
-193 263 24 0
-194 264 24 0
-189 260 25 0
-188 260 24 0
-187 259 24 0
-186 259 24 0
-190 262 24 0
-190 264 23 0
-189 258 24 0
-189 257 23 0
-188 256 23 0
-194 261 22 0
-188 261 23 0
-187 262 22 0
-191 258 23 1
-191 259 23 2
-193 258 8 1
-193 259 8 1
-193 260 8 1
-190 262 9 0
-190 263 8 0
-190 264 8 0
-189 264 7 0
-188 256 7 0
-193 261 7 1
-194 261 7 1
-189 261 8 0
-188 261 7 0
-187 262 6 0
-192 258 7 1
-192 259 7 2
-191 258 7 1
-191 259 7 2
-191 260 7 1
-190 258 7 1
-190 259 7 2
-190 260 7 1
-191 261 8 0
-191 263 6 0
-189 259 7 1
-188 259 5 0
-192 260 5 1
-190 261 5 1
-196 261 30 1
-199 259 27 1
-199 260 26 2
-189 251 16 1
-189 252 18 1
-199 261 27 1
-198 260 26 2
-197 260 26 2
-197 261 26 1
-191 250 16 2
-200 262 27 0
-199 263 29 0
-198 263 29 0
-192 250 17 1
-192 251 15 1
-190 257 5 1
-190 257 6 2
-192 262 5 0
-188 260 5 0
-200 259 27 1
-195 257 4 2
-196 256 3 1
-196 256 4 1
-196 256 5 1
-196 257 3 1
-196 257 4 1
-196 257 5 1
-196 258 3 1
-196 258 4 1
-196 258 5 1
-195 256 3 1
-195 256 4 1
-195 256 5 1
-195 257 3 2
-195 257 5 1
-195 258 3 1
-195 258 4 1
-185 252 6 0
-186 255 4 0
-190 252 0 1
-194 254 2 1
-195 254 2 1
-193 253 22 1
-193 253 23 1
-193 254 21 1
-193 254 22 1
-193 254 23 1
-192 254 21 1
-191 262 29 0
-191 263 29 0
-191 264 29 0
-191 265 29 0
-188 258 29 0
-188 257 29 0
-187 257 29 0
-195 260 29 0
-196 262 34 0
-198 265 35 0
-199 263 34 0
-200 264 38 0
-200 263 36 0
-199 261 32 0
-200 263 31 0
-198 263 26 0
-197 262 31 0
-199 265 32 0
-196 259 24 1
-196 260 24 1
-198 262 34 0
-199 265 24 0
-198 264 35 0
-196 262 31 0
-198 261 33 0
-200 258 22 1
-200 258 23 1
-200 258 24 1
-199 258 22 1
-199 258 23 1
-199 258 24 1
-199 263 38 0
-196 261 6 1
-189 266 7 0
-197 262 23 0
-196 262 23 0
-190 260 21 1
-189 259 26 0
-188 259 25 0
-194 258 24 1
-194 258 25 1
-194 258 26 1
-194 259 24 1
-194 259 25 1
-194 259 26 1
-194 260 24 1
-194 260 25 1
-194 260 26 1
-193 258 24 1
-193 259 24 2
-193 260 24 1
-192 258 24 1
-192 259 24 2
-192 260 24 1
-190 260 26 1
-190 261 24 0
-193 250 9 2
-190 252 8 2
-189 252 9 1
-189 252 10 1
-188 250 9 0
-188 253 7 0
-194 251 9 1
-186 250 7 0
-188 252 5 0
-193 250 10 1
-187 255 4 0
-190 250 4 1
-186 251 3 0
-192 253 10 1
-189 252 3 1
-188 252 3 1
-187 252 1 1
-187 252 2 1
-189 250 12 0
-188 250 15 0
-189 251 13 1
-189 252 15 1
-192 250 8 1
-192 251 8 1
-192 252 8 1
-191 250 8 2
-191 251 8 2
-191 252 8 2
-190 250 8 1
-190 251 8 1
-190 254 8 1
-190 254 9 1
-189 250 7 0
-187 250 7 0
-191 252 13 2
-191 253 13 1
-190 252 13 2
-190 253 13 1
-188 252 11 0
-187 253 12 0
-187 254 12 0
-192 252 12 1
-187 250 11 0
-186 250 11 0
-185 251 11 0
-184 251 11 0
-190 254 10 1
-186 253 10 0
-195 254 4 1
-195 254 5 1
-195 254 6 1
-194 254 4 2
-194 254 5 2
-194 254 6 2
-193 254 4 1
-193 254 5 2
-193 254 6 1
-195 259 4 1
-196 259 4 1
-200 259 37 0
-200 262 32 0
-200 257 33 0
-199 261 31 1
-199 261 30 1
-200 254 39 0
-197 259 35 0
-199 259 34 0
-199 260 34 0
-198 255 37 0
-192 250 10 1
-192 251 10 1
-191 250 10 2
-191 251 10 2
-190 250 10 1
-190 251 10 1
-187 252 10 0
-191 252 10 1
-191 253 10 1
-190 252 10 2
-190 253 10 2
-197 256 39 0
-187 254 9 0
-186 251 8 0
-185 251 8 0
-184 251 8 0
-186 253 6 0
-186 250 6 0
-198 256 39 0
-200 255 39 0
-199 258 37 0
-186 252 4 0
-198 258 35 0
-188 250 13 0
-187 252 13 0
-190 251 7 1
-190 251 6 1
-190 250 34 0
-192 250 36 0
-188 250 18 0
-189 250 15 0
-187 251 23 0
-190 251 24 1
-190 250 24 1
-190 250 23 1
-191 251 24 2
-191 250 24 2
-189 254 9 1
-191 254 9 1
-186 251 10 0
-192 251 23 1
-188 251 34 0
-188 254 10 0
-191 251 33 0
-192 251 33 0
-187 250 33 0
-188 254 30 0
-192 253 13 1
-189 252 37 0
-187 251 36 0
-190 263 0 1
-190 262 0 1
-190 257 3 2
-190 257 2 2
-191 258 2 2
-191 257 3 1
-191 257 2 1
-192 258 3 2
-192 258 2 2
-191 255 4 1
-188 258 5 0
-193 257 7 1
-193 257 6 1
-193 257 5 1
-189 263 6 0
-190 257 10 1
-189 263 10 0
-187 259 11 0
-192 264 11 0
-192 263 11 0
-200 252 5 1
-197 251 5 1
-197 250 5 1
-198 251 5 1
-198 250 5 1
-199 251 7 1
-199 251 6 2
-199 251 5 1
-199 250 7 2
-199 250 6 2
-194 257 22 1
-199 250 9 1
-193 258 22 2
-186 259 22 0
-187 259 22 0
-188 260 22 0
-189 260 23 0
-194 264 22 0
-193 263 22 0
-192 262 23 0
-192 261 23 0
-187 263 23 0
-188 263 23 0
-188 250 37 0
-191 252 24 2
-191 253 24 1
-190 252 24 2
-190 253 24 2
-189 253 24 1
-189 250 34 0
-188 254 29 0
-200 264 20 0
-199 265 21 0
-190 254 32 0
-189 253 32 0
-188 251 22 0
-188 252 22 0
-187 253 23 0
-187 254 23 0
-186 253 30 0
-190 254 31 0
-185 251 31 0
-186 250 31 0
-192 252 23 1
-187 250 22 0
-186 250 22 0
-185 250 22 0
-184 251 22 0
-187 250 31 0
-187 253 32 0
-188 251 31 0
-189 254 21 1
-190 254 21 1
-187 251 33 0
-188 251 32 0
-192 250 34 0
-191 250 33 0
-187 252 21 0
-185 253 21 0
-190 250 32 0
-191 254 27 1
-189 254 25 1
-192 253 21 1
-189 254 24 1
-189 254 23 1
-191 254 25 1
-191 254 24 1
-188 253 19 0
-188 254 19 0
-188 254 26 0
-187 252 28 0
-193 250 28 0
-191 254 18 1
-189 254 18 1
-184 251 29 0
-185 251 29 0
-187 254 30 0
-187 253 30 0
-191 265 9 0
-188 258 9 0
-187 258 9 0
-187 257 9 0
-194 260 8 1
-195 260 8 1
-188 262 8 0
-188 263 8 0
-187 264 8 0
-192 262 8 0
-193 263 8 0
-193 264 7 0
-188 260 8 0
-187 260 7 0
-186 259 7 0
-193 258 7 1
-193 259 7 2
-193 260 7 1
-190 262 8 0
-190 263 7 0
-190 264 7 0
-189 264 6 0
-189 258 7 1
-194 251 6 2
-194 251 5 1
-195 251 7 1
-195 251 6 1
-195 251 5 1
-196 251 5 1
-187 253 7 0
-186 252 5 0
-188 250 6 0
-198 252 29 1
-199 251 14 1
-187 253 8 0
-197 252 4 1
-189 250 6 0
-189 251 10 1
-189 251 9 1
-198 265 19 0
-200 254 35 0
-191 251 34 0
-188 253 32 0
-191 252 33 0
-187 253 35 0
-190 254 34 0
-189 253 34 0
-197 261 21 1
-187 251 2 1
-187 251 1 1
-187 251 0 1
-192 250 4 1
-197 260 19 2
-186 254 0 1
-186 253 0 1
-186 252 2 1
-198 261 21 1
-198 261 20 1
-198 261 19 1
-198 260 21 1
-186 253 33 0
-194 250 33 0
-198 259 20 1
-198 259 19 1
-198 251 37 0
-198 251 36 0
-198 252 35 0
-199 256 38 0
-191 261 7 0
-190 260 6 1
-190 259 6 2
-200 252 36 0
-191 260 6 1
-191 259 6 2
-191 258 6 2
-192 259 6 2
-190 250 35 0
-189 252 38 0
-198 262 22 0
-186 259 23 0
-189 257 22 0
-192 260 19 1
-192 260 20 1
-192 260 21 1
-200 260 19 2
-200 261 17 1
-200 261 18 1
-200 261 19 1
-199 259 17 1
-199 260 17 1
-199 261 17 1
-198 259 17 1
-198 260 17 1
-198 258 39 0