DAV_OBMAP v3 cell_size=10
-93 -130 5 0
-94 -129 7 0
-94 -129 8 0
-94 -129 5 0
-94 -129 4 0
-94 -129 6 0
-94 -115 4 0
-95 -118 0 1
-96 -117 1 1
-99 -124 4 0
-99 -124 3 0
-96 -117 6 0
-95 -118 5 0
-98 -118 3 0
-98 -115 3 0
-61 -144 2 0
-60 -144 2 0
-59 -144 1 1
-59 -145 0 1
-59 -144 0 1
-59 -143 0 1
-58 -145 0 1
-58 -145 1 1
-58 -145 2 1
-58 -144 0 1
-88 -148 4 1
-58 -144 2 1
-96 -115 5 0
-96 -115 4 0
-95 -115 3 0
-94 -117 4 0
-96 -116 0 1
-97 -116 0 1
-98 -116 0 1
-97 -117 1 1
-97 -125 5 0
-96 -125 5 0
-97 -125 6 0
-96 -125 4 0
-98 -122 4 0
-100 -123 4 0
-98 -122 3 0
-100 -121 3 0
-99 -120 3 0
-100 -120 3 0
-97 -117 6 0
-100 -122 2 1
-96 -117 0 1
-96 -118 0 1
-96 -119 0 1
-63 -135 0 1
-98 -125 5 0
-51 -120 4 1
-98 -126 4 0
-56 -117 2 0
-56 -117 3 0
-55 -117 2 0
-55 -117 3 0
-54 -119 3 0
-53 -148 -1 1
-99 -119 5 0
-100 -120 4 0
-100 -119 4 1
-62 -113 -1 1
-61 -112 4 0
-60 -113 3 0
-60 -113 2 0
-61 -114 1 0
-52 -121 2 0
-52 -120 3 0
-51 -120 2 0
-51 -120 3 0
-52 -119 0 2
-53 -120 -1 1
-64 -107 2 1
-68 -107 1 0
-51 -119 -1 1
-51 -118 -1 1
-59 -109 3 1
-59 -109 2 1
-98 -121 3 0
-98 -120 3 0
-100 -119 3 0
-96 -118 5 0
-100 -121 2 1
-96 -118 4 0
-54 -149 0 1
-52 -115 4 1
-99 -130 6 1
-94 -127 6 1
-94 -126 4 1
-94 -126 5 2
-71 -103 3 1
-98 -118 0 1
-94 -133 5 1
-98 -119 6 0
-97 -130 7 0
-97 -130 2 1
-51 -120 0 1
-70 -109 4 1
-58 -122 7 0
-68 -104 0 1
-97 -130 5 1
-60 -131 1 1
-64 -108 0 1
-62 -118 5 0
-62 -116 8 0
-62 -116 4 1
-97 -121 3 0
-64 -108 1 1
-98 -119 4 0
-98 -119 5 0
-98 -119 3 0
-99 -119 3 0
-52 -117 4 1
-94 -127 5 1
-92 -142 6 0
-96 -130 6 0
-91 -143 1 1
-91 -142 1 1
-97 -129 5 0
-97 -130 6 1
-99 -120 5 0
-99 -119 4 0
-63 -112 3 0
-61 -147 3 0
-60 -148 3 0
-60 -148 1 0
-58 -147 2 0
-58 -147 3 0
-58 -147 1 0
-67 -108 6 0
-67 -107 5 1
-70 -110 5 0
-70 -110 6 0
-56 -122 6 0
-55 -121 6 0
-56 -122 5 0
-56 -121 5 0
-57 -122 6 0
-67 -105 6 0
-58 -122 6 0
-60 -124 7 1
-60 -123 5 1
-60 -123 6 1
-65 -127 6 0
-97 -122 5 0
-63 -117 6 0
-64 -116 7 0
-61 -118 4 0
-61 -118 8 0
-63 -119 6 0
-97 -139 5 2
-97 -139 6 1
-97 -139 7 1
-97 -138 5 1
-97 -138 6 1
-97 -138 7 1
-79 -101 3 1
-99 -137 4 1
-100 -136 4 1
-71 -110 0 1
-70 -109 1 1
-70 -109 2 1
-69 -106 0 1
-62 -111 6 0
-63 -127 4 0
-63 -127 5 0
-66 -125 3 1
-65 -125 3 1
-64 -125 3 1
-67 -127 4 1
-67 -127 5 1
-67 -128 5 1
-67 -127 3 1
-67 -126 3 1
-67 -129 3 3
-67 -129 4 2
-66 -129 4 1
-66 -129 5 1
-65 -129 3 1
-65 -129 4 0
-93 -138 4 1
-93 -139 4 1
-94 -138 5 1
-54 -150 5 1
-54 -149 5 1
-51 -149 0 2
-94 -140 7 0
-94 -139 7 0
-94 -140 6 0
-96 -139 7 0
-92 -135 9 1
-92 -135 8 1
-92 -135 7 1
-92 -136 9 1
-92 -137 9 1
-93 -135 8 1
-95 -137 3 1
-69 -125 3 1
-66 -126 5 1
-66 -125 4 1
-66 -134 1 6
-67 -134 3 1
-67 -134 2 1
-64 -129 4 0
-63 -130 4 0
-63 -145 1 3
-63 -130 3 0
-65 -128 6 0
-65 -128 2 1
-66 -129 1 1
-66 -128 1 1
-66 -127 1 1
-65 -129 1 1
-88 -110 3 1
-88 -111 2 1
-88 -111 3 1
-100 -122 3 0
-88 -111 4 1
-67 -133 3 1
-67 -133 2 2
-67 -133 1 1
-66 -132 2 4
-66 -132 4 0
-66 -132 3 1
-57 -125 6 1
-69 -130 4 1
-64 -129 0 1
-64 -130 0 1
-64 -131 0 1
-65 -129 0 1
-65 -130 0 1
-65 -131 0 1
-66 -129 0 1
-66 -130 0 1
-66 -131 0 1
-61 -145 1 0
-95 -131 7 0
-97 -128 5 1
-55 -150 5 1
-56 -150 6 0
-56 -150 7 0
-56 -150 5 1
-57 -150 6 0
-57 -150 7 0
-57 -150 5 1
-98 -130 3 1
-98 -131 5 2
-57 -145 3 0
-57 -145 1 0
-59 -145 3 0
-59 -148 2 0
-59 -148 3 0
-59 -148 1 0
-57 -148 2 1
-57 -148 3 1
-57 -148 1 0
-59 -146 4 0
-59 -146 0 1
-58 -147 -1 1
-58 -146 -1 1
-58 -145 -1 1
-90 -143 5 0
-90 -143 6 0
-94 -144 5 0
-69 -103 4 1
-67 -103 3 9
-67 -103 2 1
-86 -106 3 1
-84 -105 4 1
-84 -105 3 1
-84 -105 2 1
-84 -106 4 1
-84 -106 3 1
-84 -106 2 1
-84 -107 4 1
-84 -107 3 1
-73 -106 -1 1
-72 -106 -1 1
-71 -106 -1 1
-71 -105 -1 1
-71 -104 -1 1
-67 -105 4 1
-100 -121 5 0
-57 -119 1 1
-65 -109 2 1
-65 -109 1 1
-98 -120 5 0
-61 -129 3 1
-61 -129 4 1
-64 -129 3 0
-64 -107 0 1
-64 -107 1 2
-71 -109 3 1
-64 -126 2 1
-70 -108 4 1
-69 -109 4 1
-97 -114 5 0
-97 -114 3 0
-94 -117 3 0
-95 -115 6 0
-95 -115 1 1
-96 -114 0 1
-95 -114 0 1
-94 -116 0 1
-94 -115 0 1
-94 -114 0 1
-62 -129 4 1
-62 -130 3 2
-89 -149 2 1
-96 -133 7 0
-97 -134 6 0
-69 -124 3 1
-53 -115 1 2
-65 -123 3 0
-55 -116 4 1
-51 -146 6 0
-52 -147 7 0
-53 -147 7 0
-53 -147 8 0
-53 -148 7 0
-53 -148 6 0
-51 -149 7 0
-51 -150 8 0
-51 -149 6 0
-51 -147 3 1
-51 -148 3 1
-52 -147 3 1
-52 -148 3 1
-92 -110 7 0
-94 -111 7 0
-94 -111 8 0
-94 -112 7 0
-94 -112 8 0
-93 -113 7 0
-94 -114 7 0
-93 -113 8 0
-94 -114 8 0
-92 -113 8 0
-57 -115 1 0
-54 -113 4 1
-54 -113 3 1
-54 -114 3 1
-52 -113 0 1
-65 -108 3 2
-72 -105 1 1
-73 -104 4 1
-73 -104 0 1
-74 -105 -1 1
-68 -120 7 1
-71 -103 2 1
-58 -104 7 0
-75 -116 8 1
-58 -103 8 0
-58 -104 8 0
-58 -102 7 0
-58 -102 8 0
-81 -111 7 0
-81 -111 8 0
-81 -112 7 0
-82 -112 7 0
-81 -112 8 0
-81 -114 7 0
-81 -113 8 0
-81 -113 7 0
-80 -115 7 1
-81 -116 6 1
-81 -116 7 1
-81 -116 8 1
-81 -115 6 1
-81 -115 7 1
-81 -115 8 1
-80 -116 6 1
-80 -116 7 1
-80 -116 8 1
-79 -116 6 1
-79 -116 7 1
-79 -116 8 1
-80 -114 8 0
-77 -114 8 1
-77 -113 6 1
-77 -113 10 1
-80 -112 5 0
-65 -115 5 0
-53 -114 3 1
-64 -112 4 0
-70 -108 2 1
-67 -103 0 2
-99 -130 5 1
-99 -129 6 0
-59 -112 2 1
-60 -146 4 0
-60 -146 3 0
-68 -110 5 0
-68 -110 6 0
-67 -110 5 0
-69 -110 6 0
-95 -113 5 0
-95 -113 3 0
-97 -114 4 0
-91 -103 2 1
-54 -147 5 1
-54 -146 5 1
-90 -104 3 1
-88 -104 4 0
-88 -104 3 0
-87 -104 3 1
-88 -105 3 0
-85 -105 2 1
-85 -106 2 1
-85 -107 2 1
-86 -105 2 1
-86 -106 2 2
-84 -107 2 1
-88 -102 3 1
-63 -145 2 1
-62 -144 0 2
-88 -102 2 1
-62 -144 2 1
-62 -143 0 1
-88 -103 3 1
-88 -103 2 1
-51 -147 4 1
-89 -102 4 1
-51 -147 -1 1
-89 -102 3 1
-89 -102 2 2
-89 -103 2 2
-90 -102 4 1
-90 -102 3 1
-90 -102 2 1
-90 -103 2 2
-89 -103 3 2
-89 -104 4 0
-87 -105 3 1000
-60 -124 8 1
-87 -105 4 1
-87 -106 3 0
-87 -106 4 0
-85 -105 5 1
-60 -122 5 1
-60 -123 7 1
-100 -119 5 0
-100 -139 8 1
-100 -137 4 1
-100 -137 5 1
-53 -127 4 0
-53 -126 5 0
-52 -127 5 0
-53 -126 4 0
-51 -125 5 0
-51 -126 5 0
-51 -125 4 1
-51 -126 4 0
-99 -140 6 1
-99 -140 7 1
-64 -133 3 1
-63 -131 2 0
-63 -130 0 1
-62 -131 0 1
-62 -130 0 1
-61 -132 0 1
-61 -131 0 1
-61 -130 0 1
-66 -129 2 1
-68 -134 1 1
-68 -134 2 1
-68 -134 3 1
-68 -133 1 1
-68 -133 2 1
-68 -133 3 1
-68 -132 2 1
-68 -132 3 1
-67 -135 1 4
-67 -135 2 5
-67 -135 3 1
-66 -135 1 1
-66 -135 2 1
-66 -135 3 1
-67 -135 0 1
-67 -134 0 1
-67 -133 0 1
-66 -135 0 1
-66 -134 0 1
-65 -135 0 1
-65 -135 2 1000
-65 -134 0 1
-90 -148 5 0
-89 -149 4 0
-73 -102 1 3
-73 -102 2 1
-73 -101 0 1
-73 -101 1 6
-73 -101 2 1
-88 -101 1 1
-88 -101 2 1
-87 -101 0 1
-90 -101 3 1
-76 -101 1 1
-86 -104 4 1
-85 -104 4 1
-85 -105 0 1
-85 -104 2 1
-84 -104 1 1
-85 -103 1 4
-84 -104 0 1
-86 -102 3 1
-86 -102 4 1
-86 -102 1 2
-61 -113 2 0
-61 -112 3 0
-60 -113 1 1
-67 -109 -1 1
-68 -109 -1 1
-66 -107 5 1
-61 -113 -1 1
-52 -149 4 1
-60 -113 -1 1
-60 -112 -1 1
-60 -111 -1 1
-93 -136 5 1
-93 -136 6 1
-93 -135 4 1
-96 -134 8 0
-96 -134 4 0
-98 -134 1 1
-97 -134 1 1
-63 -112 -1 1
-59 -112 0 1
-57 -117 0 1
-94 -127 4 1
-56 -118 2 1
-68 -119 7 1
-52 -115 3 1
-51 -113 3 1
-51 -113 2 1
-51 -113 1 1
-51 -114 3 1
-51 -114 2 1
-51 -114 1 1
-97 -129 6 0
-52 -116 4 1
-52 -116 3 1
-96 -130 5 0
-52 -117 3 5
-52 -117 2 1
-52 -118 4 1
-52 -118 3 2
-52 -118 2 1
-97 -130 1 1
-97 -129 1 1
-96 -128 1 1
-99 -121 6 0
-99 -121 7 0
-99 -121 2 2
-100 -122 1 1
-99 -122 1 1
-98 -122 1 1
-98 -121 1 1
-98 -120 1 1
-83 -101 0 2
-70 -105 0 1
-66 -136 0 1
-65 -135 4 0
-64 -136 2 0
-66 -106 3 1
-64 -135 3 1
-81 -101 1 5
-78 -103 2 0
-78 -103 1 7
-77 -104 2 1000
-78 -105 3 1
-78 -104 2 1
-78 -104 3 1
-77 -105 3 4
-76 -105 3 2
-66 -137 1 0
-66 -137 3 0
-66 -137 2 0
-64 -133 1 1
-51 -127 0 1
-51 -128 0 1
-52 -126 0 1
-52 -127 0 1
-52 -128 0 1
-58 -146 3 0
-59 -146 1 0
-78 -102 3 1
-60 -144 3 0
-100 -128 2 1
-60 -148 2 0
-100 -128 3 1
-100 -128 4 1
-100 -127 2 1
-100 -127 3 1
-100 -127 4 1
-100 -126 2 2
-100 -126 3 1
-60 -146 0 1
-61 -147 -1 1
-60 -147 -1 1
-59 -147 -1 1
-57 -146 2 0
-57 -146 3 0
-100 -130 1 1
-100 -130 2 1
-100 -130 3 1
-100 -129 1 1
-55 -123 6 0
-100 -129 3 1
-100 -128 1 1
-95 -111 4 0
-92 -114 4 0
-92 -114 5 0
-93 -112 6 0
-93 -112 3 0
-93 -112 2 0
-59 -119 7 0
-59 -118 6 0
-59 -119 6 0
-58 -119 5 0
-79 -107 -1 1
-80 -107 -1 1
-81 -107 -1 1
-79 -107 2 1
-79 -107 1 1
-79 -107 0 1
-80 -107 2 1
-80 -107 1 1
-80 -107 0 1
-81 -106 2 1
-81 -107 2 1
-81 -107 1 1
-81 -107 0 1
-80 -105 3 1
-81 -104 3 1
-81 -105 3 2
-82 -103 3 1
-81 -105 2 1
-81 -105 1 1
-81 -102 2 1
-81 -103 -1 1
-81 -105 0 2
-81 -106 1 1
-81 -106 0 3
-81 -106 -1 1
-81 -105 -1 1
-82 -104 -1 1
-82 -105 1 1
-82 -105 0 1
-82 -105 -1 1
-83 -104 -1 1
-83 -105 1 1
-83 -105 0 1
-83 -105 -1 1
-81 -105 4 1
-82 -104 4 1
-82 -105 4 1
-82 -105 3 1
-82 -105 2 1
-83 -105 4 1
-83 -105 3 1
-83 -105 2 1
-82 -104 3 2
-78 -103 -1 1
-79 -103 -1 1
-80 -103 -1 1
-77 -102 0 5
-82 -103 4 1
-78 -105 -1 1
-78 -106 -1 1
-79 -105 -1 1
-79 -106 -1 1
-80 -105 -1 1
-80 -106 1 2
-80 -106 0 2
-80 -106 -1 1
-80 -101 5 1
-80 -102 5 1
-80 -105 2 1
-80 -105 1 1
-80 -105 0 4
-80 -103 2 1
-80 -103 0 1
-80 -104 2 1
-80 -104 1 3
-80 -104 0 1
-81 -103 2 1
-81 -103 1 2
-81 -103 0 1
-81 -104 2 4
-81 -104 1 5
-81 -104 0 5
-80 -103 1 1000
-80 -102 2 0
-79 -102 -1 1
-72 -101 3 0
-86 -104 3 2
-91 -144 1 1
-99 -127 3 1
-99 -126 2 1
-66 -102 2 1
-66 -102 1 1
-68 -102 -1 1
-69 -102 -1 1
-70 -102 -1 1
-66 -102 4 1
-66 -103 4 1
-66 -103 3 1
-66 -104 4 1
-66 -104 3 1
-67 -102 2 1
-67 -102 1 2
-67 -102 0 1
-66 -102 0 1
-66 -103 2 1
-66 -103 1 1
-66 -103 0 1
-66 -104 2 1
-66 -104 1 1
-98 -134 7 0
-98 -134 5 0
-54 -115 3 1
-54 -116 4 1
-61 -123 4 1
-90 -134 8 0
-90 -134 6 1
-91 -133 7 0
-90 -133 7 0
-91 -133 8 0
-91 -133 6 0
-92 -132 7 0
-92 -132 8 0
-92 -132 6 0
-93 -133 8 0
-100 -143 14 1
-100 -143 15 5
-100 -143 16 1
-100 -150 14 1
-100 -150 15 1
-100 -150 16 1
-100 -149 14 1
-100 -148 16 1
-99 -143 14 1
-99 -143 15 1
-99 -143 16 1
-98 -144 14 1
-98 -144 15 1
-98 -144 16 1
-98 -143 14 1
-98 -143 15 1
-98 -143 16 1
-100 -149 15 1
-100 -149 16 1
-99 -144 17 2
-100 -143 18 1
-99 -144 18 1
-99 -143 17 1
-99 -143 18 1
-98 -145 18 1
-98 -144 17 1
-61 -147 1 0
-69 -108 6 0
-61 -147 2 0
-65 -118 5 0
-63 -146 0 1
-66 -118 6 0
-66 -118 5 0
-60 -143 1 0
-60 -144 1 0
-60 -143 2 0
-64 -142 0 1
-58 -113 1 0
-61 -142 1 0
-59 -111 3 1
-59 -111 1 2
-61 -112 1 1
-62 -114 2 0
-62 -114 1 0
-60 -115 2 0
-58 -120 5 0
-60 -114 -1 1
-59 -114 -1 1
-59 -112 -1 1
-53 -121 5 1
-53 -121 4 1
-58 -116 3 1
-74 -101 3 1
-75 -101 3 1
-74 -102 4 5
-56 -114 0 1
-55 -121 5 1
-56 -114 1 1
-52 -123 4 1
-57 -118 0 1
-99 -123 3 0
-88 -110 2 1
-98 -122 6 0
-93 -150 3 1
-60 -120 6 0
-60 -119 6 0
-60 -119 7 0
-74 -102 8 0
-66 -115 7 0
-66 -108 8 0
-55 -147 4 1
-55 -148 4 1
-79 -101 -1 1
-80 -102 1 1
-67 -116 1 1
-66 -118 1 1
-66 -117 1 1
-66 -116 1 1
-65 -118 1 1
-79 -102 5 1
-51 -148 2 1
-73 -103 4 2
-74 -107 6 0
-74 -107 7 0
-53 -150 4 2
-51 -101 3 0
-51 -101 2 0
-56 -146 4 1
-98 -140 4 1
-98 -140 5 1
-98 -140 6 1
-98 -139 4 1
-98 -139 5 1
-98 -139 6 1
-98 -138 4 1
-98 -138 5 1
-98 -138 6 1
-97 -140 4 1
-70 -108 6 0
-56 -149 6 0
-66 -119 6 0
-52 -145 8 0
-52 -145 7 0
-97 -131 4 1
-55 -148 5 1
-62 -143 3 0
-67 -117 4 0
-64 -118 4 0
-51 -145 2 1
-51 -145 1 1
-58 -110 1 1
-68 -120 6 1
-89 -149 1 1
-90 -149 1 1
-91 -149 1 1
-90 -148 2 1
-90 -148 6 0
-62 -128 2 1
-51 -145 7 0
-51 -145 8 0
-53 -149 7 0
-52 -146 7 0
-52 -146 6 0
-62 -124 5 1
-77 -101 1 1
-77 -101 0 6
-58 -148 1 0
-70 -109 3 1
-64 -127 1 1
-64 -128 1 1
-64 -129 1 1
-65 -127 1 1
-65 -128 1 1
-68 -131 3 2
-68 -131 4 1
-66 -131 3 1
-65 -132 3 0
-65 -132 4 0
-64 -131 3 0
-63 -131 3 0
-56 -120 5 0
-57 -121 5 0
-56 -120 7 0
-56 -120 6 0
-57 -121 6 0
-56 -122 7 0
-56 -123 4 0
-58 -125 7 1
-58 -125 6 1
-58 -125 5 1
-58 -124 6 2
-59 -122 4 1
-60 -122 4 1
-67 -109 7 0
-65 -124 7 0
-66 -107 7 0
-66 -108 7 0
-66 -107 6 0
-66 -108 6 0
-64 -108 7 0
-65 -124 1 1
-65 -123 1 1
-64 -125 1 1
-64 -124 1 1
-64 -123 1 1
-65 -110 8 0
-67 -110 7 0
-66 -110 7 0
-55 -117 -1 1
-56 -117 -1 1
-55 -116 0 1
-67 -104 0 1
-68 -103 0 1
-93 -141 5 0
-91 -140 5 0
-67 -103 4 1
-67 -104 4 1
-70 -103 7 0
-53 -149 0 2
-65 -146 1 1
-65 -146 0 1
-61 -118 3 1
-67 -140 1 0
-67 -140 3 0
-67 -140 2 0
-60 -124 6 1
-60 -124 5 1
-58 -121 5 0
-57 -122 5 0
-52 -116 0 1
-58 -121 6 0
-56 -121 6 0
-63 -128 2 1
-60 -115 -1 1
-52 -122 5 1
-68 -112 5 0
-67 -115 6 0
-69 -108 0 1
-69 -120 7 1
-69 -120 6 1
-69 -120 5 1
-69 -121 6 1
-51 -148 7 0
-71 -105 4 1
-63 -120 5 0
-65 -116 1 1
-65 -117 1 1
-65 -110 5 0
-61 -146 2 0
-58 -118 1 1
-60 -119 4 1
-95 -141 6 0
-97 -138 4 1
-97 -139 4 1
-57 -117 4 1
-58 -150 2 1
-67 -117 5 0
-75 -102 4 1
-54 -112 1 1
-61 -116 7 0
-61 -116 6 0
-62 -123 3 1
-60 -116 5 0
-60 -116 7 0
-60 -116 6 0
-65 -106 6 0
-51 -150 2 1
-53 -148 5 1
-52 -149 5 1
-70 -108 -1 1
-69 -109 5 0
-66 -107 3 2
-51 -144 6 0
-52 -147 8 0
-59 -113 2 1
-74 -103 5 1
-74 -103 4 3
-75 -104 5 1
-75 -104 4 2
-75 -105 4 1
-71 -104 5 1
-71 -104 7 0
-71 -104 6 0
-71 -105 7 0
-70 -105 6 0
-73 -103 3 1
-73 -104 3 1
-73 -105 3 1
-74 -105 3 2
-65 -127 2 1
-66 -127 2 1
-65 -117 5 0
-65 -118 6 0
-51 -149 5 1
-63 -110 1 1
-76 -103 8 0
-93 -142 6 0
-78 -103 8 0
-78 -103 7 0
-80 -103 7 0
-74 -101 -1 1
-64 -110 -1 1
-76 -101 7 1
-68 -127 3 1
-78 -101 3 1
-59 -122 7 1
-59 -122 6 1
-59 -122 5 1
-60 -122 7 1
-79 -101 9 0
-78 -102 8 0
-79 -102 8 0
-91 -146 2 2
-92 -145 2 1
-93 -144 2 1
-91 -135 4 1
-91 -135 5 1
-91 -135 6 1
-91 -134 4 1
-91 -134 5 1
-91 -134 6 1
-97 -136 6 0
-96 -136 7 0
-97 -136 7 0
-95 -136 6 1
-95 -137 6 0
-88 -107 4 0
-87 -107 4 0
-54 -149 1 0
-52 -147 1 1
-70 -103 3 1
-69 -105 0 1
-69 -104 0 1
-69 -104 1 1
-69 -104 2 1
-51 -148 1 0
-92 -105 2 1
-92 -105 3 1
-92 -105 4 1
-92 -104 2 1
-92 -104 3 1
-92 -104 4 1
-91 -105 2 2
-91 -104 2 1
-55 -125 5 0
-56 -125 5 0
-55 -125 6 0
-56 -125 6 0
-55 -126 5 0
-55 -126 6 0
-54 -127 5 0
-53 -126 6 0
-54 -125 7 0
-54 -125 3 0
-55 -123 5 0
-63 -137 3 0
-63 -137 1 0
-55 -122 6 0
-56 -123 5 0
-58 -124 5 4
-59 -125 4 1
-59 -125 5 1
-59 -125 6 1
-59 -124 4 1
-59 -124 5 1
-59 -124 6 1
-59 -123 4 1
-59 -123 5 4
-59 -123 6 4
-58 -123 4 1
-58 -123 5 1
-58 -123 6 1
-58 -124 7 3
-78 -107 0 1
-80 -106 2 1
-82 -106 1 1
-82 -106 0 1
-82 -106 -1 1
-80 -106 4 1
-81 -106 4 1
-81 -106 3 1
-82 -106 4 1
-82 -106 3 1
-82 -106 2 1
-82 -103 -1 1
-80 -103 3 0
-68 -113 1 1
-68 -113 3 1
-67 -113 1 1
-67 -113 3 1
-64 -112 2 0
-64 -112 3 0
-64 -112 1 0
-63 -111 2 0
-64 -110 2 0
-63 -111 3 0
-63 -111 1 0
-64 -110 4 0
-64 -110 0 1
-52 -150 2 1
-52 -145 2 1
-51 -149 1 0
-52 -148 -1 1
-52 -149 -1 1
-52 -150 -1 1
-58 -146 2 0
-53 -112 1 1
-53 -112 2 1
-53 -112 3 1
-57 -113 1 1
-51 -103 3 0
-51 -103 2 0
-57 -113 4 1
-57 -114 1 1
-58 -114 1 0
-58 -115 3 1
-59 -118 2 1
-59 -118 4 1
-58 -118 2 1
-58 -118 3 1
-98 -116 4 0
-98 -116 5 0
-98 -116 3 0
-96 -120 5 0
-98 -118 1 1
-99 -117 0 1
-98 -117 0 1
-97 -117 0 1
-55 -117 1 0
-57 -116 -1 1
-56 -116 -1 1
-56 -115 -1 1
-56 -114 -1 1
-55 -116 -1 1
-73 -103 8 0
-73 -103 9 0
-73 -102 3 1
-72 -102 3 1
-51 -102 3 0
-51 -102 2 0
-93 -140 5 0
-93 -139 5 0
-95 -118 4 0
-94 -141 5 0
-95 -118 3 0
-96 -116 4 0
-97 -116 4 0
-97 -116 5 0
-97 -116 3 0
-99 -116 4 0
-97 -118 6 0
-97 -118 1 1
-93 -143 7 0
-54 -121 3 1
-52 -124 6 0
-52 -124 5 0
-93 -141 6 0
-92 -142 7 0
-92 -142 5 0
-93 -141 7 0
-93 -141 8 0
-93 -141 2 1
-94 -142 1 1
-94 -141 1 1
-94 -140 1 1
-93 -142 1 1
-93 -141 1 1
-93 -140 1 1
-92 -142 1 1
-92 -141 1 1
-92 -140 1 1
-57 -150 0 1
-57 -150 -1 1
-99 -134 5 0
-58 -150 1 1
-58 -150 0 1
-100 -133 1 1
-99 -133 1 1
-90 -131 5 1
-90 -132 4 1
-90 -131 4 1
-90 -130 4 1
-89 -132 4 1
-89 -132 5 1
-89 -132 6 1
-89 -131 4 1
-89 -131 5 1
-89 -131 6 1
-89 -130 4 1
-89 -130 5 1
-89 -130 6 1
-92 -130 6 0
-93 -130 7 0
-92 -130 7 0
-93 -130 6 0
-93 -129 6 0
-93 -129 7 0
-94 -130 6 0
-94 -130 7 0
-94 -132 7 0
-91 -133 5 1
-90 -134 4 1
-90 -134 5 1
-90 -133 4 1
-90 -133 5 1
-90 -133 6 1
-93 -131 7 0
-93 -131 8 0
-93 -131 5 0
-93 -131 4 0
-93 -131 6 0
-100 -102 8 0
-98 -102 7 0
-98 -102 8 0
-98 -102 6 0
-97 -102 7 0
-97 -102 8 0
-97 -102 6 0
-97 -101 7 0
-97 -101 8 0
-95 -101 7 0
-95 -101 8 0
-95 -101 6 0
-100 -137 7 1
-99 -141 3 1
-100 -141 3 1
-98 -137 2 1
-99 -135 2 1
-99 -136 2 1
-99 -137 2 1
-100 -135 2 1
-100 -136 2 1
-100 -137 2 1
-99 -136 3 1
-99 -136 7 0
-98 -137 6 1
-98 -137 5 1
-98 -139 3 1
-98 -140 3 1
-99 -139 3 1
-99 -140 5 1
-99 -140 4 1
-99 -140 3 1
-100 -139 3 1
-100 -140 5 3
-100 -140 4 3
-99 -139 7 1
-99 -138 6 1
-99 -138 4 1
-100 -137 6 1
-88 -149 4 0
-89 -149 5 0
-88 -149 5 0
-92 -149 5 0
-91 -150 4 0
-99 -135 3 0
-88 -112 6 0
-88 -112 9 0
-89 -113 8 0
-88 -113 8 0
-89 -114 7 0
-90 -112 7 0
-89 -112 7 0
-86 -112 5 0
-86 -112 6 0
-86 -112 9 0
-86 -114 8 0
-87 -113 8 0
-88 -114 7 0
-87 -113 7 0
-54 -150 -1 1
-54 -149 -1 1
-54 -148 -1 1
-51 -146 2 0
-52 -147 0 1
-75 -102 8 0
-75 -102 7 0
-77 -103 3 1
-78 -103 3 1
-79 -103 3 1
-78 -102 4 1
-78 -102 9 0
-76 -103 6 0
-94 -136 3 1
-76 -103 7 0
-78 -104 6 0
-78 -104 8 0
-78 -104 7 0
-79 -103 6 0
-79 -103 8 0
-79 -102 6 0
-76 -102 6 1
-76 -102 8 0
-76 -102 7 0
-77 -102 7 0
-77 -101 3 1
-77 -102 3 1
-78 -101 4 6
-78 -101 9 0
-97 -130 4 1
-98 -136 5 0
-97 -135 5 0
-98 -134 2 1
-99 -135 1 1
-98 -135 1 1
-97 -135 1 1
-67 -103 1 11
-66 -142 0 1
-66 -142 1 0
-63 -139 0 1
-63 -140 0 1
-64 -139 0 1
-64 -140 0 1
-62 -142 1 0
-62 -142 3 0
-62 -142 2 0
-92 -136 8 1
-92 -136 7 2
-63 -140 1 1
-63 -140 2 1
-64 -137 -1 1
-64 -138 -1 1
-63 -109 1 1
-63 -109 2 2
-63 -109 3 2
-89 -148 1 1
-89 -147 1 1
-56 -146 3 1
-56 -146 2 1
-56 -147 1 0
-54 -146 4 1
-54 -146 3 3
-54 -146 2 1
-54 -147 4 1
-54 -147 3 2
-74 -104 4 1
-74 -104 8 0
-98 -132 4 1
-99 -135 5 0
-100 -136 5 1
-99 -135 6 0
-99 -136 5 0
-99 -136 6 0
-97 -136 5 0
-99 -134 7 0
-99 -134 4 1
-99 -134 3 1
-100 -114 6 0
-100 -114 4 0
-100 -113 6 0
-100 -125 4 0
-100 -126 5 0
-100 -126 6 0
-100 -126 4 1
-98 -126 5 0
-98 -127 5 0
-61 -145 0 1
-61 -145 4 0
-58 -144 1 1
-51 -147 6 0
-53 -147 6 0
-52 -147 6 0
-52 -150 7 0
-53 -150 7 0
-52 -150 8 0
-53 -150 6 0
-52 -150 6 0
-54 -150 7 0
-63 -128 5 0
-63 -128 3 1
-63 -127 3 0
-68 -129 3 1
-68 -129 4 1
-68 -129 5 1
-68 -128 3 1
-68 -128 4 1
-63 -122 5 0
-63 -122 6 0
-68 -127 4 1
-61 -117 6 0
-66 -130 4 0
-66 -130 3 0
-65 -130 4 0
-65 -130 5 0
-65 -130 3 0
-86 -106 4 2
-85 -107 3 1
-85 -107 4 1
-64 -144 2 1
-64 -144 1 3
-64 -144 0 1
-65 -143 0 1
-65 -144 2 1
-65 -144 1 1
-65 -144 0 1
-66 -143 1 3
-66 -144 2 1
-66 -144 1 1
-88 -105 4 0
-66 -144 0 1
-65 -143 1 4
-65 -142 3 0
-65 -142 2 1
-66 -143 0 1
-67 -142 0 1
-67 -143 2 1
-67 -143 1 1
-67 -143 0 1
-68 -141 0 1
-68 -142 2 1
-68 -142 1 1
-68 -142 0 1
-68 -143 2 1
-68 -143 1 1
-88 -102 4 1
-90 -105 4 0
-89 -106 3 0
-90 -105 3 1
-90 -106 3 0
-91 -109 2 1
-89 -107 3 0
-87 -109 4 1
-87 -109 5 1
-88 -109 2 1
-87 -109 2 1
-87 -108 2 2
-86 -109 2 1
-86 -108 2 1
-86 -107 2 1
-89 -106 5 0
-89 -106 6 0
-89 -106 1 1
-90 -105 0 1
-89 -105 0 1
-88 -105 0 1
-100 -125 6 0
-98 -122 5 0
-97 -123 4 0
-97 -123 6 0
-97 -123 5 0
-68 -114 5 0
-68 -113 5 0
-65 -112 5 0
-67 -112 6 0
-67 -113 5 0
-67 -112 5 0
-69 -112 6 0
-69 -112 5 0
-66 -111 6 0
-65 -111 5 0
-67 -111 3 1
-68 -111 3 1
-69 -111 3 1
-68 -110 4 1
-67 -111 6 0
-66 -111 5 0
-55 -150 0 1
-54 -150 0 1
-52 -150 1 0
-52 -119 -1 1
-53 -119 -1 1
-54 -119 -1 1
-53 -118 0 1
-52 -119 3 0
-60 -142 1 1
-97 -121 4 0
-67 -108 0 2
-75 -103 8 0
-74 -105 5 1
-74 -105 7 0
-66 -106 2 1
-75 -103 6 1
-70 -111 8 0
-70 -111 7 0
-71 -112 8 0
-71 -112 7 0
-70 -113 8 0
-70 -113 7 0
-69 -114 8 0
-69 -114 7 0
-69 -112 9 0
-69 -112 10 0
-71 -111 8 0
-71 -111 7 0
-71 -114 8 0
-71 -113 8 0
-71 -113 7 0
-70 -110 8 0
-70 -110 7 0
-72 -111 8 0
-72 -111 7 0
-72 -112 8 0
-72 -112 7 0
-72 -114 8 0
-72 -113 8 0
-72 -114 7 0
-70 -114 8 0
-89 -150 5 0
-89 -150 4 0
-90 -150 5 0
-90 -149 5 0
-56 -123 6 0
-65 -120 4 0
-64 -120 6 0
-65 -115 6 0
-93 -142 7 0
-91 -143 6 0
-92 -143 6 0
-91 -143 5 0
-54 -101 3 1
-54 -101 2 1
-89 -104 0 1
-88 -104 0 1
-87 -104 0 1
-77 -104 3 1
-76 -103 4 2
-76 -105 7 0
-76 -104 7 0
-64 -140 1 2
-64 -140 3 1
-63 -141 3 1
-63 -141 2 1
-63 -141 1 1
-64 -141 3 1
-64 -141 2 1000
-64 -141 1 1
-66 -141 1 0
-66 -141 3 0
-66 -141 2 0
-64 -138 3 0
-64 -139 3 0
-76 -105 6 0
-52 -148 4 1
-57 -147 2 0
-56 -147 2 1
-52 -120 1 0
-51 -119 1 0
-62 -126 5 1
-62 -125 3 1
-73 -106 2 4
-57 -149 1 0
-68 -131 2 2
-66 -117 6 0
-65 -116 5 0
-64 -122 5 0
-65 -134 3 1
-65 -134 2 1000
-65 -112 1 0
-55 -124 7 0
-56 -124 2 1
-56 -123 2 1
-64 -109 -1 1
-69 -111 6 0
-98 -126 6 0
-69 -111 5 0
-66 -110 6 0
-66 -110 5 0
-68 -107 6 0
-95 -147 4 1
-52 -120 2 0
-86 -103 3 1
-86 -103 2 1000
-87 -103 3 0
-87 -103 2 1
-90 -104 1 1
-89 -103 1 1
-88 -102 1 1
-90 -105 2 1
-90 -106 1 1
-90 -105 1 1
-68 -135 1 1
-68 -135 2 1
-68 -135 3 1
-68 -136 0 1
-68 -135 0 1
-68 -134 0 1
-67 -136 0 1
-65 -137 2 0
-86 -105 0 1
-65 -137 3 0
-65 -137 1 1
-68 -130 4 1
-68 -130 5 1
-64 -120 4 0
-63 -143 2 0
-53 -149 8 0
-77 -102 6 0
-61 -121 3 1
-61 -122 5 1
-66 -119 3 0
-65 -111 4 1
-65 -111 8 0
-62 -141 1 0
-62 -141 2 0
-63 -128 4 0
-65 -129 5 0
-53 -122 3 1
-95 -148 5 1
-78 -103 0 1
-67 -112 7 0
-66 -114 6 0
-66 -113 6 0
-61 -119 6 0
-51 -101 -1 1
-61 -118 7 0
-61 -118 6 0
-60 -117 5 0
-60 -117 7 0
-62 -145 -1 1
-61 -145 -1 1
-61 -143 -1 1
-57 -125 5 1
-71 -106 0 2
-71 -107 0 1
-95 -147 5 1
-72 -107 0 1
-73 -107 0 1
-95 -146 3 1
-75 -103 1 1
-69 -124 4 1
-68 -123 5 2
-68 -119 6 1
-64 -110 1 0
-79 -101 7 1
-79 -101 8 0
-55 -125 2 1
-70 -105 2 1
-80 -101 -1 1
-80 -101 0 1
-80 -101 1 1
-56 -125 2 1
-68 -127 2 1
-67 -128 1 1
-63 -112 2 0
-55 -149 7 0
-83 -101 3 2
-82 -102 3 5
-64 -121 6 0
-64 -121 5 0
-65 -120 5 0
-66 -121 4 0
-66 -121 6 0
-66 -121 5 0
-55 -121 4 1
-55 -121 3 1
-100 -111 5 0
-54 -122 4 1
-54 -123 6 0
-54 -124 6 0
-54 -123 5 0
-54 -124 5 0
-65 -107 4 1
-53 -124 5 0
-52 -125 6 0
-55 -122 3 1
-71 -107 1 1
-66 -126 2 1
-59 -114 2 1
-51 -146 3 1
-61 -115 7 0
-69 -121 5 1
-74 -103 6 1
-52 -147 5 1
-79 -101 6 1
-78 -101 5 1
-78 -103 6 0
-76 -104 6 0
-51 -150 5 1
-52 -150 5 1
-53 -150 5 1
-54 -148 5 1
-60 -144 -1 1
-58 -145 3 0
-59 -144 2 0
-59 -144 3 0
-60 -143 3 0
-62 -145 3 0
-62 -147 2 0
-59 -147 2 0
-59 -146 3 0
-59 -147 1 0
-60 -145 3 0
-60 -145 4 0
-60 -145 0 1
-59 -146 -1 1
-59 -145 -1 1
-59 -144 -1 1
-54 -101 4 1
-77 -105 5 0
-64 -131 4 0
-98 -133 5 0
-75 -105 5 1
-74 -105 6 0
-53 -101 5 1
-100 -119 0 1
-99 -121 0 1
-99 -120 0 1
-99 -119 0 1
-98 -121 0 1
-98 -120 0 1
-98 -119 0 1
-97 -119 4 0
-96 -119 4 0
-97 -119 5 0
-96 -119 3 0
-98 -117 4 0
-98 -117 5 0
-98 -117 3 0
-64 -122 6 0
-62 -111 1 1
-62 -111 2 1000
-62 -111 3 1
-62 -110 1 3
-62 -110 2 4
-62 -110 3 1
-62 -109 2 1
-62 -109 3 2
-62 -111 0 2
-61 -111 0 1
-61 -111 1 2
-61 -111 2 3
-63 -109 4 1
-63 -108 4 1
-62 -110 4 1
-62 -109 4 1
-62 -108 2 1
-62 -108 3 1
-62 -108 4 1
-64 -106 1 1
-64 -106 2 1
-67 -109 1 1
-88 -110 7 0
-88 -111 8 0
-88 -110 8 0
-89 -111 7 0
-89 -111 8 0
-56 -101 7 0
-56 -101 8 0
-89 -112 8 0
-90 -112 8 0
-88 -113 7 0
-59 -101 7 0
-59 -101 8 0
-59 -102 7 0
-88 -114 8 0
-59 -102 8 0
-57 -102 7 0
-86 -146 8 0
-86 -144 7 0
-86 -144 8 0
-86 -144 6 0
-87 -144 7 0
-87 -144 8 0
-87 -144 6 0
-88 -145 7 0
-89 -144 7 0
-89 -144 8 0
-89 -144 6 0
-89 -146 7 0
-89 -146 8 0
-89 -146 6 0
-87 -148 6 0
-87 -146 8 0
-87 -146 9 0
-87 -146 6 0
-100 -148 14 1
-100 -147 14 1
-100 -147 15 1
-64 -124 5 1
-100 -146 14 1
-77 -103 0 2
-77 -103 4 2
-78 -102 0 1
-64 -123 4 1
-79 -102 0 2
-64 -123 5 0
-79 -103 1 1000
-76 -101 0 4
-73 -103 0 1
-73 -103 1 1
-74 -103 1 1
-73 -103 2 1
-74 -103 2 1
-67 -123 4 1
-51 -148 9 0
-54 -150 8 0
-55 -150 7 0
-53 -149 6 0
-67 -122 5 0
-66 -122 5 0
-61 -121 5 1
-61 -121 4 1
-67 -136 2 0
-67 -136 1 0
-65 -138 2 0
-65 -138 3 0
-65 -138 1 0
-64 -137 2 0
-65 -136 4 0
-66 -137 0 1
-65 -137 0 1
-75 -101 6 1
-75 -101 8 0
-75 -101 7 1
-75 -102 6 3
-95 -139 7 0
-100 -135 3 1
-59 -120 5 0
-59 -120 7 0
-59 -120 6 0
-74 -105 1 4
-75 -104 2 2
-58 -120 6 0
-67 -129 5 1
-66 -129 3 3
-75 -101 1 6
-75 -102 0 2
-75 -101 0 1
-74 -102 0 1
-74 -102 1 2
-62 -146 2 0
-62 -146 1 0
-60 -145 2 0
-60 -145 1 0
-62 -144 4 0
-63 -145 -1 1
-96 -133 6 0
-96 -134 6 0
-61 -144 -1 1
-96 -134 5 0
-71 -103 4 1
-71 -102 4 1
-74 -107 1 1
-72 -102 6 0
-51 -122 2 0
-51 -121 2 0
-52 -121 1 0
-53 -120 1 0
-52 -118 1 0
-51 -118 1 0
-52 -146 3 1
-53 -145 5 1
-53 -146 5 1
-97 -126 5 0
-99 -128 6 0
-98 -129 5 0
-98 -129 6 0
-98 -130 4 1
-55 -115 3 2
-55 -114 1 4
-55 -114 2 1
-55 -114 3 2
-55 -113 1 1
-55 -113 2 1
-55 -113 3 1
-56 -114 3 2
-56 -115 4 1
-56 -114 4 1
-56 -115 0 2
-61 -115 3 1
-58 -112 1 0
-68 -127 1 1
-68 -128 1 1
-58 -111 3 1
-61 -130 1 1
-61 -131 1 1
-61 -132 3 1
-64 -134 3 1
-66 -136 3 0
-74 -101 8 0
-77 -103 8 0
-51 -118 4 1
-51 -118 3 3
-51 -118 2 1
-65 -134 4 0
-64 -135 2 0
-65 -136 1 1
-65 -136 3 0
-65 -136 2 0
-64 -132 1 1
-62 -135 0 1
-80 -112 6 1
-78 -110 9 1
-79 -110 9 1
-79 -111 9 1
-80 -110 9 1
-80 -111 9 1
-80 -112 9 1
-79 -111 8 2
-79 -110 8 1
-79 -110 7 1
-79 -110 6 1
-80 -110 8 1
-80 -110 7 1
-80 -110 6 1
-80 -111 8 1
-80 -111 7 1
-80 -111 6 1
-79 -111 7 5
-78 -110 8 1
-78 -110 7 1
-77 -112 5 0
-77 -112 6 0
-76 -114 6 1
-76 -114 10 1
-78 -113 8 0
-78 -113 7 1
-79 -112 8 0
-79 -112 7 0
-77 -110 8 1
-77 -110 7 1
-67 -112 3 1
-94 -126 6 1
-54 -119 2 1
-98 -133 4 1
-97 -132 5 0
-97 -131 6 0
-97 -132 6 0
-60 -112 2 2
-60 -124 4 1
-59 -122 8 1
-60 -122 8 1
-60 -123 8 1
-68 -113 6 0
-68 -114 6 0
-67 -114 5 0
-100 -129 4 1
-58 -112 3 0
-99 -125 3 1
-99 -125 2 1
-99 -126 3 1
-71 -101 3 0
-72 -102 -1 1
-72 -101 -1 1
-99 -127 2 1
-100 -125 1 1
-100 -126 1 1
-100 -127 1 1
-55 -115 -1 1
-55 -114 -1 1
-65 -130 1 3
-93 -138 7 0
-95 -138 6 1
-95 -138 7 0
-54 -149 2 1
-53 -149 1 1
-54 -145 5 1
-58 -119 2 1
-58 -119 1 1
-58 -119 0 1
-59 -118 1 1
-59 -118 0 1
-59 -119 2 1
-59 -119 1 1
-59 -119 0 1
-94 -150 4 1
-94 -150 3 1
-92 -148 5 0
-92 -149 4 0
-92 -148 4 0
-93 -146 4 1
-93 -146 3 1
-94 -146 5 1
-93 -147 4 1
-91 -146 4 0
-65 -123 7 0
-62 -125 5 1
-62 -125 4 1
-91 -146 6 0
-91 -147 1 1
-91 -146 1 1
-57 -120 7 0
-57 -120 6 0
-92 -150 4 0
-92 -150 5 0
-93 -136 4 1
-100 -138 3 1
-69 -122 5 1
-62 -131 2 2
-61 -131 2 2
-61 -131 3 1
-61 -131 4 1
-61 -130 2 1
-61 -130 3 1
-61 -130 4 1
-61 -129 2 1
-67 -141 2 0
-68 -118 6 0
-67 -144 1 1
-67 -144 2 1
-65 -143 2 1
-65 -143 3 0
-65 -141 4 0
-65 -141 0 1
-66 -142 -1 1
-65 -142 -1 1
-64 -142 -1 1
-67 -117 6 0
-64 -116 6 0
-64 -116 5 0
-63 -118 5 0
-63 -118 7 0
-63 -118 6 0
-62 -118 6 0
-62 -116 5 0
-62 -116 7 0
-63 -116 6 0
-60 -119 8 0
-60 -121 5 0
-67 -114 7 0
-74 -106 0 1
-63 -124 5 1
-63 -124 4 3
-74 -106 1 1
-75 -106 1 1
-92 -112 9 0
-92 -112 6 0
-64 -112 8 0
-59 -109 1 1
-59 -110 3 1
-59 -110 2 1
-59 -110 1 1
-60 -109 1 1
-58 -110 2 1
-64 -130 1 1
-59 -111 0 1
-59 -110 0 1
-58 -111 0 1
-66 -109 4 1
-60 -112 3 0
-63 -131 4 0
-64 -130 4 0
-65 -122 4 0
-59 -115 3 0
-59 -116 1 0
-58 -114 2 0
-57 -115 2 1
-57 -115 3 1
-58 -116 4 1
-57 -116 2 1
-57 -116 3 2
-57 -116 4 1
-57 -115 4 1
-56 -116 2 1
-56 -116 3 1
-56 -116 4 1
-56 -115 2 1000
-56 -115 3 3
-58 -115 1 0
-59 -114 4 0
-89 -150 2 1
-59 -115 -1 1
-58 -115 -1 1
-58 -114 -1 1
-58 -113 -1 1
-53 -149 2 1
-93 -111 7 0
-93 -111 8 0
-94 -110 7 0
-68 -124 3 1
-68 -123 3 1
-68 -109 7 0
-65 -111 6 0
-58 -114 0 1
-53 -122 4 1
-64 -108 2 1
-63 -115 3 1
-63 -116 3 1
-63 -117 3 1
-74 -107 0 1
-68 -106 2 6
-67 -107 1 2
-67 -107 2 2
-67 -106 1 3
-67 -106 2 5
-67 -105 1 1
-67 -105 2 1
-68 -106 1 4
-68 -107 0 2
-68 -106 0 1
-68 -105 0 1
-67 -107 0 1
-67 -106 0 1
-67 -105 0 1
-69 -102 1 4
-69 -102 2 6
-69 -102 3 1
-68 -103 1 4
-68 -103 2 1
-68 -103 3 1
-68 -102 1 7
-68 -102 2 1
-68 -102 3 1
-75 -107 1 1
-74 -108 1 1
-74 -108 2 1
-74 -108 3 1
-73 -108 1 1
-73 -108 2 1
-73 -108 3 1
-73 -108 0 1
-72 -108 0 1
-72 -108 1 1
-72 -108 2 1
-71 -108 0 1
-71 -108 2 1
-69 -107 2 0
-70 -107 2 1
-70 -107 1 1
-72 -107 -1 1
-71 -107 -1 1
-70 -107 -1 1
-70 -106 -1 1
-70 -105 -1 1
-62 -118 7 0
-87 -147 3 1
-96 -120 3 0
-96 -118 3 0
-57 -118 4 1
-63 -110 0 1
-68 -130 1 1
-93 -143 6 0
-95 -141 5 0
-96 -140 4 1
-71 -102 7 0
-99 -118 0 1
-72 -102 8 0
-97 -120 0 1
-97 -119 0 1
-97 -118 0 1
-96 -119 5 0
-97 -117 4 0
-97 -117 3 0
-99 -117 3 0
-96 -117 4 0
-97 -117 5 0
-96 -117 3 0
-96 -120 4 0
-73 -102 7 0
-53 -150 -1 1
-53 -149 -1 1
-73 -101 7 0
-96 -117 5 0
-52 -148 2 0
-52 -148 1 1
-52 -147 4 1
-52 -146 2 1
-58 -117 1 0
-73 -101 8 0
-58 -118 4 1
-67 -109 8 0
-67 -111 8 0
-68 -111 8 0
-68 -111 7 0
-67 -112 8 0
-66 -112 8 0
-66 -113 8 0
-66 -111 9 0
-66 -111 10 0
-81 -110 7 0
-81 -110 8 0
-82 -111 7 0
-82 -111 8 0
-83 -112 7 0
-82 -112 8 0
-82 -114 7 0
-82 -113 8 0
-82 -113 7 0
-81 -114 8 0
-80 -115 10 1
-80 -115 6 1
-81 -112 9 0
-81 -112 6 0
-81 -112 5 0
-61 -104 7 0
-62 -104 8 0
-62 -104 7 0
-61 -105 8 0
-61 -106 8 0
-68 -110 8 0
-69 -111 8 0
-69 -111 7 0
-68 -113 8 0
-68 -112 8 0
-68 -113 7 0
-67 -113 8 0
-67 -113 7 0
-65 -113 8 0
-67 -111 9 0
-67 -111 10 0
-82 -110 7 0
-82 -110 8 0
-83 -111 7 0
-83 -111 8 0
-84 -112 7 0
-83 -112 8 0
-83 -114 7 0
-83 -113 8 0
-83 -113 7 0
-82 -114 8 0
-82 -112 9 0
-82 -112 6 0
-82 -112 5 0
-70 -112 8 0
-69 -112 7 0
-70 -112 7 0
-69 -113 8 0
-68 -112 7 0
-69 -113 7 0
-68 -114 8 0
-68 -114 7 0
-68 -112 9 0
-68 -112 10 0
-52 -149 6 0
-51 -148 8 0
-71 -105 8 0
-52 -149 7 0
-51 -150 6 0
-51 -150 7 0
-52 -150 3 3
-53 -150 3 1
-54 -150 3 1
-55 -150 6 0
-63 -132 4 0
-63 -132 2 0
-98 -137 4 1
-100 -137 1 1
-100 -138 1 1
-100 -139 1 1
-70 -102 6 0
-61 -110 1 1
-61 -110 0 1
-62 -108 0 1
-73 -102 6 0
-72 -104 8 0
-72 -104 4 1
-93 -114 5 0
-93 -114 3 0
-93 -113 4 0
-93 -113 5 0
-93 -113 3 0
-95 -112 4 0
-95 -112 5 0
-95 -112 3 0
-96 -113 4 0
-96 -113 5 0
-96 -113 3 0
-95 -116 5 0
-95 -116 3 0
-93 -116 4 0
-93 -116 5 0
-93 -116 3 0
-95 -114 5 0
-83 -110 7 0
-95 -133 7 0
-57 -112 2 0
-55 -113 0 1
-55 -114 0 1
-55 -115 0 1
-56 -113 0 1
-94 -137 8 1
-93 -136 7 1
-61 -134 1 1
-61 -134 2 1
-61 -134 3 1
-61 -133 1 1
-61 -133 2 1
-61 -133 3 1
-63 -134 0 1
-63 -133 0 1
-63 -132 0 1
-62 -134 0 1
-95 -144 5 1
-94 -145 3 1
-94 -144 3 1
-93 -146 5 0
-61 -116 5 0
-62 -117 6 0
-62 -132 2 1
-64 -131 1 1
-64 -130 2 1
-67 -132 0 1
-67 -131 0 1
-65 -135 3 0
-65 -135 1 2
-64 -134 2 1
-55 -148 3 3
-55 -145 3 1
-55 -145 2 1
-53 -148 1 1
-52 -149 1 0
-51 -149 4 1
-51 -150 4 1
-52 -149 2 1
-68 -110 7 0
-67 -113 6 0
-66 -112 5 1
-66 -112 6 0
-67 -111 7 0
-67 -111 4 1
-60 -119 5 0
-61 -120 6 0
-61 -120 7 0
-61 -120 5 0
-60 -121 6 0
-67 -114 6 0
-85 -104 3 1
-65 -112 6 0
-75 -113 7 0
-75 -114 7 0
-74 -112 9 0
-74 -112 6 0
-74 -112 5 0
-95 -139 4 1
-96 -138 5 1
-96 -138 4 1
-96 -139 6 2
-96 -139 5 1
-92 -146 2 1
-96 -139 4 1
-93 -145 2 1
-95 -138 5 1
-95 -137 7 0
-87 -101 2 1
-66 -115 3 0
-66 -115 4 0
-66 -115 6 0
-65 -116 6 0
-70 -107 4 2
-69 -108 3 2
-69 -107 3 1
-69 -106 3 1
-66 -116 6 0
-66 -117 5 0
-87 -102 2 1
-68 -116 6 0
-67 -116 6 0
-68 -116 5 0
-64 -115 5 0
-89 -104 1 1
-88 -106 2 1
-84 -106 5 1
-84 -105 5 1
-84 -104 5 1
-88 -103 0 1
-51 -122 3 1
-53 -120 3 0
-53 -120 2 0
-53 -119 2 0
-54 -121 0 1
-55 -121 2 1
-55 -121 1 1
-55 -121 0 1
-56 -121 2 1
-56 -121 1 1
-56 -121 0 1
-75 -105 3 4
-51 -119 4 1
-51 -119 3 2
-51 -119 2 1
-52 -119 4 1
-61 -123 3 1
-62 -121 3 1
-62 -122 3 1
-62 -112 6 0
-63 -110 6 0
-63 -111 7 0
-64 -110 6 0
-64 -141 4 0
-64 -141 0 1
-63 -142 -1 1
-63 -141 -1 1
-63 -140 -1 1
-68 -131 1 1
-57 -147 3 0
-57 -147 1 0
-53 -117 -1 1
-56 -149 2 1
-54 -123 2 1
-54 -124 2 1
-54 -125 2 1
-59 -150 3 1
-59 -150 4 1
-59 -150 5 1
-59 -149 5 1
-67 -110 -1 1
-58 -150 5 1
-56 -150 1 0
-54 -150 2 1
-54 -149 3 1
-54 -150 1 1
-56 -148 3 1
-95 -135 5 0
-95 -135 8 0
-94 -136 7 0
-94 -136 6 1
-69 -132 3 1
-69 -132 2 1
-67 -127 1 1
-61 -132 2 1
-61 -132 1 1
-62 -130 1 1
-62 -131 1 3
-62 -132 1 1
-94 -135 9 1
-72 -102 4 1
-72 -103 4 1
-73 -102 4 1
-71 -102 3 1
-72 -102 2 1
-69 -103 2 2
-69 -103 1 1
-69 -103 0 1
-75 -115 9 1
-76 -116 9 1
-76 -116 10 1
-76 -115 9 3
-75 -116 9 1
-86 -110 8 0
-87 -111 7 0
-88 -111 7 0
-87 -111 8 0
-88 -112 7 0
-88 -112 8 0
-89 -102 1 2
-92 -104 1 1
-89 -107 2 1
-88 -107 2 1
-91 -142 3 1
-88 -144 5 1
-88 -144 4 1
-88 -144 3 1
-54 -101 1 1
-75 -104 3 2
-66 -116 7 0
-66 -116 4 0
-66 -116 3 0
-64 -117 5 0
-65 -117 6 0
-64 -117 6 0
-64 -117 4 0
-65 -116 4 0
-67 -116 4 0
-68 -117 5 0
-68 -117 6 0
-68 -117 4 0
-67 -118 5 0
-67 -119 5 0
-67 -119 6 0
-67 -119 4 0
-52 -126 3 0
-52 -126 4 0
-52 -126 7 0
-52 -126 6 0
-52 -128 6 0
-54 -128 4 0
-54 -127 6 0
-54 -128 5 0
-54 -126 4 0
-54 -126 6 0
-54 -126 5 0
-54 -125 4 0
-54 -125 6 0
-54 -125 5 0
-53 -125 5 0
-51 -122 5 1
-51 -122 4 1
-95 -129 5 0
-51 -123 4 1
-51 -123 3 1
-53 -149 4 1
-64 -145 0 1
-52 -122 3 1
-52 -123 3 1
-68 -108 3 1
-68 -109 3 1
-69 -109 3 1
-90 -102 1 1
-90 -103 1 1
-91 -102 1 1
-91 -103 1 1
-91 -104 1 1
-91 -102 4 1
-91 -102 3 1
-84 -104 4 1
-84 -104 2 1
-86 -108 1 1
-86 -109 1 1
-87 -108 1 1
-87 -109 1 1
-88 -108 1 1
-91 -106 1 1
-91 -107 1 1
-92 -105 1 1
-92 -106 1 1
-92 -107 1 1
-90 -103 4 1
-90 -103 3 2
-91 -103 4 1
-91 -103 3 1
-88 -105 1 1
-88 -105 5 0
-96 -127 5 2
-96 -127 6 0
-93 -127 6 1
-93 -127 7 0
-93 -127 5 1
-93 -126 6 1
-93 -126 7 0
-93 -126 5 1
-95 -125 6 0
-95 -126 7 0
-95 -125 5 0
-96 -126 7 0
-96 -127 7 0
-95 -129 7 0
-94 -128 5 0
-93 -129 5 0
-95 -127 7 0
-95 -127 8 0
-94 -125 6 0
-94 -124 6 0
-94 -124 7 0
-93 -124 5 2
-94 -123 4 1
-93 -124 4 1
-93 -123 4 1
-93 -123 5 1
-93 -123 6 1
-92 -125 4 1
-92 -124 4 1
-92 -124 5 1
-92 -124 6 1
-92 -123 4 1
-92 -123 5 1
-92 -123 6 1
-95 -124 6 0
-95 -124 7 0
-95 -124 5 0
-96 -125 6 0
-97 -124 6 0
-96 -124 7 0
-97 -126 7 0
-95 -126 8 0
-93 -125 4 1
-92 -125 5 1
-92 -125 6 1
-95 -123 6 0
-94 -123 6 0
-95 -123 5 0
-94 -123 5 0
-96 -123 6 0
-96 -122 6 0
-96 -123 5 0
-96 -122 5 0
-97 -128 4 1
-97 -127 4 1
-96 -128 5 1
-93 -127 4 1
-93 -126 4 1
-96 -124 8 0
-96 -124 5 0
-96 -124 4 0
-96 -124 6 0
-100 -109 6 0
-100 -107 6 0
-100 -107 5 0
-100 -108 6 0
-100 -108 5 0
-100 -109 5 0
-100 -110 6 0
-100 -110 5 0
-99 -110 4 0
-99 -110 6 0
-99 -110 5 0
-89 -105 3 0
-89 -105 5 0
-89 -105 4 0
-62 -136 0 1
-61 -136 0 1
-61 -136 1 1
-99 -114 3 0
-99 -114 4 0
-100 -113 5 0
-99 -112 4 0
-90 -150 2 1
-64 -123 3 1
-64 -124 4 1
-64 -124 3 1
-65 -124 3 1
-64 -123 6 0
-65 -124 4 0
-65 -123 4 0
-65 -123 6 0
-65 -124 5 0
-65 -123 5 0
-60 -146 1 0
-60 -146 2 0
-98 -114 4 0
-99 -116 3 0
-99 -116 7 0
-98 -114 5 0
-90 -111 7 0
-90 -111 8 0
-61 -109 8 0
-62 -110 7 0
-62 -110 8 0
-98 -118 7 0
-98 -117 6 0
-96 -118 6 0
-97 -120 7 0
-99 -119 6 0
-96 -119 6 0
-97 -121 8 0
-97 -121 7 0
-97 -119 6 0
-97 -120 6 0
-95 -120 5 0
-96 -120 6 0
-95 -120 6 0
-96 -123 4 0
-96 -123 8 0
-96 -123 7 0
-93 -125 6 1
-93 -125 5 1
-94 -125 4 1
-94 -125 5 1
-97 -122 6 0
-96 -121 5 0
-96 -121 6 0
-95 -121 5 0
-95 -122 6 0
-95 -121 6 0
-93 -115 4 0
-94 -115 5 0
-93 -115 3 0
-99 -121 3 0
-99 -122 3 0
-95 -114 4 0
-94 -114 4 0
-94 -114 5 0
-94 -114 3 0
-95 -113 4 0
-93 -133 5 1
-55 -150 1 1
-75 -106 7 0
-91 -132 3 1
-91 -133 3 1
-91 -134 3 1
-92 -132 3 1
-92 -133 3 1
-92 -134 3 1
-93 -132 3 1
-93 -133 3 1
-93 -134 3 1
-92 -133 9 0
-92 -133 8 0
-94 -133 6 0
-94 -133 8 0
-94 -133 7 0
-94 -131 6 0
-93 -132 6 0
-94 -131 8 0
-94 -131 7 0
-93 -132 7 0
-92 -131 6 0
-92 -131 8 0
-92 -131 7 0
-91 -131 6 0
-91 -131 8 0
-91 -131 7 0
-91 -133 4 1
-92 -133 4 2
-91 -139 8 0
-91 -138 8 0
-92 -139 8 0
-90 -139 8 0
-90 -139 9 0
-90 -139 6 0
-90 -139 5 0
-90 -139 7 0
-93 -133 4 1
-93 -134 4 1
-92 -134 9 0
-92 -134 8 0
-94 -134 8 0
-91 -136 9 0
-92 -137 7 0
-92 -135 6 1
-92 -136 6 1
-92 -137 6 1
-93 -134 7 0
-91 -134 8 0
-91 -134 7 0
-90 -135 7 0
-90 -135 8 0
-91 -135 8 0
-90 -134 7 0
-91 -135 7 0
-90 -136 8 0
-90 -136 7 0
-75 -105 7 0
-75 -105 6 0
-54 -101 5 1
-77 -105 7 0
-67 -109 3 1
-67 -110 3 1
-68 -110 3 1
-69 -110 3 1
-68 -109 4 1
-92 -144 4 0
-89 -142 5 1
-91 -138 7 0
-90 -138 8 0
-90 -137 7 0
-90 -138 7 0
-89 -138 7 0
-89 -138 8 0
-88 -138 7 0
-88 -139 8 0
-89 -141 5 0
-89 -141 6 0
-89 -141 9 0
-91 -142 8 0
-91 -141 8 0
-91 -140 7 0
-91 -140 8 0
-90 -140 8 0
-91 -139 7 0
-90 -140 7 0
-89 -139 8 0
-89 -139 7 0
-88 -140 7 0
-88 -140 8 0
-89 -140 8 0
-88 -139 7 0
-88 -141 8 0
-88 -141 7 0
-89 -142 6 0
-89 -142 9 0
-90 -142 8 0
-91 -142 7 0
-90 -142 7 0
-90 -141 8 0
-89 -142 8 0
-90 -141 7 0
-89 -142 7 0
-89 -141 8 0
-89 -140 7 0
-89 -141 7 0
-87 -141 8 0
-87 -141 7 0
-87 -142 8 0
-87 -142 7 0
-88 -144 7 0
-88 -144 6 0
-88 -144 9 0
-88 -144 8 0
-88 -145 8 0
-89 -145 8 0
-89 -145 7 0
-90 -144 8 0
-90 -144 7 0
-89 -143 8 0
-89 -143 7 0
-88 -142 8 0
-88 -143 8 0
-88 -142 7 0
-88 -143 7 0
-87 -143 8 0
-87 -143 7 0
-87 -147 9 0
-88 -148 6 0
-88 -148 8 0
-88 -148 7 0
-89 -147 6 0
-89 -147 8 0
-89 -147 7 0
-88 -147 7 0
-88 -146 6 0
-88 -146 8 0
-88 -146 7 0
-87 -145 6 0
-87 -145 8 0
-87 -145 7 0
-87 -146 7 0
-85 -146 6 0
-85 -146 8 0
-85 -146 7 0
-86 -146 7 0
-62 -141 3 0
-65 -144 3 0
-63 -144 3 0
-62 -145 0 1
-62 -145 1 1
-62 -145 2 1
-62 -144 3 0
-63 -143 4 0
-64 -144 -1 1
-64 -143 -1 1
-69 -122 4 1
-61 -124 5 1
-61 -124 4 1
-61 -124 3 1
-62 -124 3 1
-62 -123 4 1
-65 -122 3 0
-65 -122 7 0
-83 -150 6 0
-63 -139 1 1
-65 -138 4 0
-66 -139 -1 1
-85 -150 6 0
-64 -139 -1 1
-85 -150 7 0
-86 -150 6 0
-63 -129 2 2
-59 -148 -1 1
-57 -148 -1 1
-91 -150 2 1
-57 -113 2 1
-90 -150 3 1
-53 -148 2 1
-53 -147 1 1
-99 -118 4 0
-85 -148 8 0
-85 -148 7 0
-84 -149 6 0
-85 -149 6 0
-84 -149 8 0
-84 -149 7 0
-85 -149 7 0
-84 -150 6 0
-84 -150 8 0
-83 -150 7 0
-84 -150 7 0
-63 -110 7 0
-54 -117 1 0
-100 -128 6 0
-83 -103 -1 1
-54 -118 0 1
-58 -149 -1 1
-57 -149 -1 1
-56 -149 -1 1
-56 -148 -1 1
-67 -117 1 1
-67 -118 1 1
-66 -117 2 1
-66 -117 7 0
-65 -119 4 0
-65 -119 6 0
-65 -119 5 0
-66 -119 4 0
-53 -149 5 1
-66 -119 5 0
-67 -120 6 0
-67 -120 5 0
-73 -105 7 0
-73 -105 6 1000
-74 -106 5 0
-74 -106 7 0
-74 -106 6 0
-76 -105 5 1
-76 -104 5 1
-76 -103 5 1
-72 -103 7 1
-72 -103 6 1
-72 -103 5 1
-72 -104 7 1
-72 -104 5 1
-79 -101 5 1
-76 -101 5 1
-76 -102 5 1
-77 -101 6 1
-77 -101 5 1
-77 -102 5 1
-99 -138 5 2
-71 -101 0 4
-83 -110 8 0
-84 -111 7 0
-84 -111 8 0
-85 -112 7 0
-84 -112 8 0
-85 -112 8 0
-84 -113 7 0
-84 -114 7 0
-84 -113 8 0
-83 -114 8 0
-83 -112 9 0
-83 -112 6 0
-83 -112 5 0
-99 -141 8 1
-99 -141 7 1
-100 -141 8 1
-100 -141 7 1
-99 -141 6 1
-99 -141 5 1
-99 -141 4 1
-71 -103 1 4
-71 -103 0 1
-71 -104 2 3
-100 -141 6 1
-100 -141 5 1
-100 -141 4 1
-100 -134 3 1
-100 -136 3 1
-66 -109 -1 1
-98 -136 2 1
-84 -110 7 0
-84 -110 8 0
-85 -111 7 0
-85 -111 8 0
-86 -112 7 0
-85 -114 7 0
-85 -113 8 0
-85 -113 7 0
-84 -114 8 0
-84 -112 9 0
-84 -112 5 1
-85 -113 4 1
-85 -112 4 1
-85 -111 4 1
-84 -113 4 1
-84 -112 4 1
-84 -111 4 1
-83 -113 4 1
-83 -112 4 1
-83 -111 4 1
-100 -140 3 1
-98 -139 8 1
-98 -140 8 1
-98 -140 7 1
-99 -139 8 1
-99 -140 8 1
-100 -139 7 1
-100 -140 8 1
-100 -140 7 2
-100 -140 6 2
-78 -111 9 1
-77 -111 9 1
-77 -110 9 1
-78 -111 6 1
-77 -111 6 1
-77 -110 6 1
-80 -112 8 0
-80 -114 7 0
-80 -113 8 0
-80 -113 7 0
-91 -150 5 0
-99 -135 7 0
-98 -136 6 0
-99 -137 5 1
-99 -137 6 1
-99 -139 6 1
-90 -149 6 0
-90 -149 2 1
-91 -150 1 1
-90 -150 1 1
-89 -150 1 1
-99 -139 5 1
-99 -139 4 3
-100 -138 6 4
-100 -138 5 5
-100 -139 4 4
-67 -121 6 0
-94 -148 4 1
-94 -148 5 1
-93 -148 3 1
-92 -147 5 0
-93 -139 6 0
-93 -139 7 0
-94 -138 8 0
-68 -121 7 1
-67 -144 0 1
-69 -119 7 1
-52 -145 4 1
-58 -122 8 0
-58 -122 5 0
-58 -122 4 0
-65 -113 7 0
-64 -113 7 0
-65 -113 6 0
-64 -113 6 0
-63 -112 5 0
-63 -112 7 0
-63 -112 6 0
-62 -113 5 0
-62 -113 7 0
-62 -113 6 0
-63 -114 7 0
-63 -115 4 0
-68 -119 5 0
-67 -118 4 0
-66 -117 4 0
-59 -150 -1 1
-58 -149 4 1
-85 -101 5 1
-66 -122 4 0
-67 -122 4 1
-67 -123 5 0
-67 -123 6 0
-98 -129 1 1
-66 -109 3 1
-67 -107 3 2
-69 -121 7 1
-64 -118 6 0
-95 -136 7 0
-70 -107 7 0
-68 -107 -1 1
-68 -106 -1 1
-66 -110 1 2
-97 -131 7 0
-67 -131 2 1
-62 -112 1 0
-62 -112 3 0
-63 -110 4 0
-62 -112 2 0
-100 -122 5 0
-77 -103 6 0
-78 -102 6 0
-78 -101 6 1
-94 -135 3 1
-66 -106 1 1
-94 -137 3 1
-95 -135 3 1
-95 -136 3 1
-92 -139 5 0
-62 -116 6 0
-80 -101 3 1
-81 -101 3 1
-82 -101 3 2
-99 -133 6 1
-68 -104 1 1
-65 -112 7 0
-63 -143 1 1
-79 -103 2 1
-53 -114 0 1
-65 -107 0 1
-65 -108 0 1
-78 -112 5 0
-78 -112 6 1
-78 -112 9 1
-77 -113 8 1
-77 -113 7 1
-79 -113 7 0
-79 -113 8 0
-80 -112 7 0
-78 -110 6 1
-79 -111 6 1
-71 -101 1 1
-71 -101 2 0
-70 -101 1 2
-70 -101 2 0
-69 -102 0 1
-70 -102 4 1
-69 -102 4 1
-69 -101 4 1
-68 -102 4 1
-68 -101 4 1
-70 -102 3 3
-100 -136 6 0
-98 -132 3 1
-99 -132 3 1
-100 -131 3 1
-99 -134 1 1
-98 -133 2 1
-90 -110 4 1
-90 -110 5 1
-90 -111 3 1
-90 -110 3 1
-89 -111 4 2
-89 -111 5 1
-89 -110 3 2
-89 -110 4 1
-89 -110 5 1
-89 -109 5 1
-88 -150 4 0
-88 -150 5 0
-92 -113 4 0
-90 -108 5 1000
-92 -113 5 0
-93 -112 4 0
-93 -112 5 0
-94 -112 4 0
-94 -111 4 0
-94 -112 5 0
-94 -111 5 0
-93 -115 5 0
-53 -113 0 1
-53 -114 1 1
-52 -113 3 1
-88 -101 0 1
-87 -101 1 2
-88 -101 4 1
-89 -101 4 1
-85 -103 0 1
-86 -102 0 1
-87 -102 0 1
-86 -103 1 1
-86 -103 4 1
-85 -104 1 1
-89 -101 0 1
-89 -101 1 1
-87 -101 4 1
-84 -102 0 3
-84 -103 0 1
-85 -101 0 2
-100 -114 5 0
-85 -102 0 1
-86 -101 0 1
-85 -102 1 1
-82 -104 2 1
-82 -104 1 3
-82 -104 0 4
-83 -103 0 1
-83 -104 0 1
-63 -136 1 0
-63 -136 3 0
-63 -136 2 0
-66 -136 1 1
-66 -136 2 0
-83 -103 1 2
-83 -102 4 1
-83 -103 4 1
-83 -103 3 1
-83 -103 2 1
-83 -104 4 1
-83 -104 3 1
-83 -104 2 1
-84 -103 4 1
-84 -103 3 2
-83 -102 2 1
-84 -103 2 1
-85 -103 2 4
-89 -105 1 1
-89 -104 3 0
-89 -104 2 1
-88 -104 2 0
-87 -102 3 1
-86 -101 3 2
-86 -101 2 3
-86 -101 1 3
-85 -101 3 2
-85 -102 2 3
-86 -104 0 1
-76 -106 1 1
-86 -106 0 1
-87 -105 5 0
-85 -105 1 1
-85 -106 1 1
-85 -107 1 1
-86 -106 5 1
-89 -106 2 0
-88 -105 2 1
-76 -106 0 1
-75 -106 0 1
-80 -101 7 0
-92 -139 6 0
-92 -139 7 0
-92 -138 7 0
-64 -134 0 1
-97 -131 3 2
-69 -131 4 1
-69 -130 2 1
-69 -130 3 1
-75 -102 5 1
-75 -101 5 1
-57 -150 1 1
-61 -118 5 0
-99 -131 3 1
-57 -148 0 1
-61 -110 4 1
-61 -109 4 1
-61 -108 3 1
-61 -108 4 1
-62 -108 1 1
-63 -108 0 1
-63 -107 2 1
-65 -112 2 0
-66 -113 3 1
-67 -114 2 1
-67 -113 4 1
-67 -112 4 1
-66 -114 2 1
-66 -114 3 1
-66 -114 4 1
-66 -113 4 1
-54 -148 1 0
-55 -147 2 1
-55 -145 4 1
-66 -133 4 0
-67 -134 1 1
-54 -145 4 1
-53 -146 2 1
-53 -146 3 2
-53 -146 4 2
-53 -145 2 1
-53 -145 3 1
-53 -145 4 1
-54 -147 1 0
-82 -103 0 2
-82 -103 1 3
-82 -103 2 1
-85 -102 3 1
-86 -101 4 1
-67 -139 2 0
-67 -139 3 0
-67 -139 1 0
-66 -140 3 0
-65 -141 2 1000
-65 -141 3 0
-65 -141 1 1
-64 -140 2 2
-63 -140 3 1
-65 -139 4 0
-65 -139 0 2
-66 -140 -1 1
-65 -140 -1 1
-64 -140 -1 1
-54 -117 3 0
-90 -102 0 1
-90 -101 0 1
-90 -101 1 1
-90 -101 2 1
-56 -123 7 0
-56 -124 5 0
-56 -124 6 0
-88 -103 1 1
-89 -103 0 1
-89 -102 0 1
-88 -102 0 1
-88 -104 1 1
-88 -108 5 0
-87 -108 4 3
-87 -109 3 1
-87 -108 3 2
-87 -107 3 1
-86 -109 3 1
-85 -104 0 1
-86 -109 4 1
-86 -109 5 1
-86 -108 3 1
-86 -108 4 1
-86 -108 5 1
-86 -107 3 1
-86 -107 4 1
-86 -107 5 1
-89 -107 5 0
-89 -107 4 0
-90 -107 5 0
-90 -106 5 0
-90 -107 4 0
-92 -107 5 0
-92 -107 4 1
-90 -108 6 0
-90 -108 7 0
-78 -101 1 1
-78 -101 0 7
-78 -101 -1 1
-79 -101 1 1
-79 -101 0 4
-78 -101 2 1
-57 -114 2 1
-57 -114 3 1
-57 -113 3 1
-56 -115 1 1
-56 -113 1 1
-56 -113 2 1
-56 -113 3 1
-54 -115 0 1
-84 -103 1 2
-85 -103 3 2
-87 -101 3 2
-88 -101 3 2
-89 -101 2 1
-89 -101 3 1
-73 -102 0 1
-68 -103 4 1
-68 -104 4 1
-69 -107 5 1
-71 -107 3 1
-72 -107 3 1
-73 -107 3 1
-72 -106 4 1
-72 -106 8 0
-70 -107 5 1
-70 -107 6 0
-68 -111 1 1
-67 -112 1 1
-66 -112 1 1
-66 -112 3 1
-68 -111 0 1
-70 -106 6 0
-67 -111 1 1
-71 -104 3 1
-71 -105 3 1
-71 -106 3 1
-72 -105 4 2
-72 -105 8 0
-66 -109 1 1
-53 -128 5 0
-71 -107 6 0
-72 -107 5 1
-72 -107 7 0
-72 -107 6 0
-74 -107 5 0
-64 -109 0 1
-65 -109 0 2
-65 -109 4 1
-61 -141 0 1
-60 -142 0 1
-60 -141 0 1
-60 -141 1 1
-60 -141 2 1
-59 -142 0 1
-59 -142 1 1
-59 -141 1 1
-65 -147 1 1
-93 -137 4 1
-93 -137 5 1
-93 -137 6 1
-55 -117 0 1
-56 -118 -1 1
-55 -118 -1 1
-54 -118 -1 1
-62 -122 4 1
-52 -117 -1 1
-52 -118 -1 1
-72 -102 7 0
-76 -101 8 0
-74 -102 9 0
-68 -113 2 1
-53 -116 -1 1
-53 -118 -1 1
-66 -110 3 2
-75 -103 7 0
-65 -110 2 0
-65 -110 1 0
-66 -109 0 1
-67 -108 3 1
-66 -110 -1 1
-94 -145 4 1
-94 -145 5 0
-93 -144 4 0
-92 -143 4 0
-55 -124 3 1
-65 -109 -1 1
-65 -108 -1 1
-54 -117 0 1
-53 -119 3 0
-52 -119 2 0
-57 -147 4 1
-56 -148 4 1
-56 -147 4 1
-56 -148 0 1
-90 -146 5 0
-95 -131 5 0
-64 -110 7 0
-73 -103 6 0
-57 -124 4 1
-75 -102 3 1
-57 -124 8 1
-57 -125 7 1
-64 -125 4 1
-88 -146 3 1
-89 -144 3 1
-65 -124 6 0
-94 -113 5 0
-94 -113 6 0
-72 -103 2 1
-94 -113 2 0
-94 -113 4 0
-98 -135 6 0
-98 -135 5 0
-96 -133 5 0
-99 -132 2 1
-99 -132 8 0
-99 -134 6 0
-99 -132 1 1
-100 -131 1 1
-100 -132 1 1
-99 -131 2 1
-98 -133 7 0
-53 -148 0 1
-100 -133 7 0
-53 -147 0 1
-52 -148 0 1
-100 -131 8 0
-100 -130 4 0
-100 -130 5 0
-99 -132 7 0
-99 -132 6 0
-100 -132 7 0
-99 -129 7 0
-100 -131 7 0
-99 -130 7 0
-100 -130 6 0
-90 -148 1 1
-91 -148 1 1
-63 -112 1 0
-93 -140 7 0
-57 -149 4 1
-100 -128 7 0
-99 -126 1 1
-98 -125 2 1
-98 -125 7 0
-98 -125 6 0
-97 -126 4 0
-97 -126 6 0
-100 -129 5 0
-100 -129 7 0
-100 -129 6 0
-100 -128 5 0
-66 -128 4 3
-66 -128 5 1
-65 -128 3 1
-65 -128 4 1000
-65 -128 5 1
-64 -128 3 1
-64 -128 4 1
-64 -128 5 1
-64 -125 5 1
-64 -126 5 1
-68 -143 0 1
-64 -126 4 1
-52 -146 5 1
-76 -104 3 4
-96 -132 5 0
-95 -132 7 0
-93 -144 6 0
-92 -143 5 0
-73 -103 7 0
-67 -104 2 1
-67 -104 3 1
-99 -121 4 0
-99 -121 5 0
-75 -103 4 4
-74 -104 3 1
-74 -103 3 1
-74 -102 3 1
-51 -101 0 1
-72 -104 6 1
-97 -121 6 0
-97 -121 5 0
-100 -114 1 1
-100 -115 1 1
-100 -116 1 1
-72 -105 6 1
-72 -105 7 1
-93 -146 6 0
-97 -129 7 0
-95 -148 4 1
-73 -110 7 0
-74 -111 7 0
-74 -111 8 0
-75 -112 7 0
-75 -112 8 0
-74 -113 7 0
-74 -114 7 0
-74 -113 8 0
-74 -114 8 0
-73 -112 9 0
-73 -112 6 0
-73 -112 5 0
-68 -104 -1 1
-67 -104 -1 1
-67 -103 -1 1
-66 -104 -1 1
-66 -103 -1 1
-66 -102 -1 1
-70 -101 3 0
-71 -102 -1 1
-67 -102 3 1
-65 -129 2 2
-65 -129 6 0
-93 -145 5 0
-93 -145 6 0
-77 -104 -1 1
-78 -104 -1 1
-58 -119 7 0
-91 -141 6 0
-91 -141 7 0
-91 -141 5 0
-92 -141 6 0
-92 -140 5 0
-92 -141 7 0
-94 -139 8 0
-93 -143 4 0
-87 -102 4 1
-87 -102 1 2
-87 -103 1 1
-95 -146 5 1
-55 -149 4 1
-55 -149 3 5
-55 -149 2 1
-55 -150 4 4
-55 -150 3 2
-51 -121 -1 1
-56 -149 4 1
-56 -150 4 1
-56 -150 3 1
-51 -122 1 0
-51 -121 3 0
-77 -104 5 1
-78 -103 5 1
-78 -104 5 1
-78 -105 4 1
-76 -108 3 1
-76 -108 2 1
-76 -108 1 1
-77 -108 3 1
-77 -108 2 1
-77 -108 1 1
-78 -108 3 1
-78 -108 2 1
-78 -108 1 1
-79 -105 4 1
-80 -104 4 1
-76 -107 3 1
-76 -107 2 1
-76 -107 1 1
-76 -107 0 1
-80 -105 4 1
-80 -104 3 1
-77 -107 3 1
-77 -107 2 2
-77 -107 1 1
-77 -107 0 1
-81 -104 -1 1
-78 -106 3 1
-79 -105 3 4
-81 -103 3 1
-92 -111 6 0
-95 -112 7 0
-95 -111 7 0
-95 -112 8 0
-95 -111 8 0
-96 -112 7 0
-96 -112 8 0
-95 -113 7 0
-95 -114 7 0
-95 -113 8 0
-95 -114 8 0
-94 -113 7 0
-94 -113 8 0
-93 -114 7 0
-93 -114 8 0
-94 -112 9 0
-94 -112 6 0
-92 -111 3 0
-92 -111 2 0
-90 -109 4 2
-90 -109 5 1
-91 -108 3 1
-77 -106 2 3
-77 -106 1 3
-78 -106 4 1
-78 -107 4 1
-78 -107 3 1
-79 -106 4 1
-79 -107 4 1
-79 -107 3 1
-80 -106 3 1
-80 -107 4 1
-80 -107 3 1
-79 -106 3 5
-78 -107 2 1
-78 -107 1 1
-91 -144 6 0
-92 -143 7 0
-92 -143 2 1
-93 -144 1 1
-58 -143 0 1
-58 -143 1 1
-59 -142 2 1
-59 -141 0 1
-51 -146 5 1
-58 -149 2 0
-98 -120 4 0
-100 -118 4 1
-100 -121 6 0
-100 -121 4 0
-100 -122 4 0
-69 -106 5 1
-69 -106 6 0
-69 -105 5 1
-68 -107 5 1
-70 -106 3 1
-70 -107 3 1
-70 -108 3 1
-71 -108 3 1
-72 -108 3 1
-71 -107 4 1
-92 -147 4 0
-70 -108 5 1
-71 -108 6 0
-71 -109 5 0
-71 -108 5 0
-69 -107 6 0
-63 -106 8 0
-65 -107 8 0
-65 -108 8 0
-64 -110 8 0
-63 -109 8 0
-63 -110 8 0
-63 -109 7 0
-63 -108 9 0
-63 -108 10 0
-63 -108 6 0
-65 -126 4 1000
-65 -125 5 1
-66 -124 4 0
-67 -124 5 0
-66 -124 5 0
-67 -122 3 1
-67 -123 3 1
-68 -122 3 1
-68 -122 7 1
-68 -123 7 1
-68 -124 7 1
-69 -122 7 1
-69 -123 7 1
-69 -124 7 1
-68 -123 6 1
-68 -122 6 1
-68 -122 5 1
-68 -122 4 1
-69 -122 6 1
-58 -118 0 1
-63 -123 4 1
-63 -123 3 1
-53 -118 3 0
-78 -105 1 3
-78 -105 2 1
-65 -108 4 1
-65 -106 3 1
-65 -106 2 1
-65 -106 1 1
-90 -142 3 1
-90 -143 3 1
-56 -116 1 1
-58 -114 3 0
-58 -114 4 0
-51 -125 3 1
-52 -124 3 1
-51 -125 6 0
-52 -125 5 0
-52 -115 1 1
-52 -115 2 1
-52 -114 0 1
-52 -114 1 1
-52 -114 2 2
-54 -112 2 1
-54 -112 3 1
-53 -113 1 1
-53 -113 2 1
-94 -148 3 1
-73 -104 7 0
-73 -105 5 1
-73 -104 5 1
-72 -105 5 1
-67 -111 5 0
-95 -148 3 1
-58 -148 2 0
-90 -145 1 1
-90 -146 1 1
-57 -120 5 0
-57 -119 6 0
-71 -107 5 1
-71 -106 6 0
-71 -106 5 1
-70 -106 5 1
-83 -102 -1 1
-70 -105 5 1
-83 -101 2 3
-84 -101 2 5
-72 -108 6 0
-83 -102 0 1
-83 -102 1 1
-82 -101 2 4
-82 -102 2 1
-81 -101 2 1
-80 -101 2 1
-76 -101 3 1
-76 -102 3 1
-76 -103 3 1
-77 -102 4 5
-77 -102 9 0
-75 -104 6 1
-75 -104 8 0
-75 -104 7 0
-77 -104 6 0
-77 -104 8 0
-77 -104 7 0
-72 -108 5 0
-99 -117 1 1
-53 -122 5 1
-93 -142 5 0
-93 -143 5 0
-67 -137 2 0
-51 -127 1 1
-72 -103 3 4
-52 -121 -1 1
-94 -140 5 0
-94 -142 5 0
-94 -143 6 0
-93 -144 5 0
-67 -114 4 1
-62 -109 0 1
-98 -131 1 1
-97 -131 1 1
-96 -131 1 1
-63 -130 2 2
-78 -102 2 1
-57 -119 2 1
-94 -141 6 0
-91 -149 4 0
-92 -150 3 1
-93 -150 5 1
-93 -150 4 1
-97 -131 2 1
-94 -150 5 1
-100 -147 16 1
-100 -146 15 4
-100 -146 16 1
-100 -145 14 1
-100 -145 15 3
-100 -145 16 1
-100 -148 15 1
-99 -147 14 1
-99 -146 14 1
-99 -146 15 1
-99 -146 16 1
-99 -145 14 1
-99 -145 15 2
-99 -145 16 1
-100 -144 14 1
-100 -144 15 3
-100 -144 16 1
-99 -144 14 1
-99 -144 15 6
-99 -144 16 1
-98 -144 18 1
-98 -143 17 1
-98 -143 18 1
-98 -145 14 1
-100 -142 14 1
-100 -142 15 2
-100 -142 16 1
-66 -108 -1 1
-66 -107 -1 1
-64 -109 3 1
-64 -108 3 1
-64 -107 3 1
-69 -111 0 1
-66 -110 2 2
-91 -107 4 0
-91 -108 4 1
-91 -107 5 0
-91 -108 5 1
-97 -132 1 1
-97 -133 1 1
-98 -132 8 0
-97 -134 5 0
-99 -135 4 1
-95 -117 3 0
-95 -117 5 0
-95 -117 4 0
-95 -137 4 1
-94 -136 5 1
-94 -136 8 1
-94 -135 6 0
-96 -135 7 0
-96 -136 6 0
-96 -135 6 0
-98 -114 7 0
-99 -113 6 0
-98 -113 6 0
-62 -106 2 1
-99 -113 7 0
-98 -113 7 0
-98 -111 6 0
-98 -112 6 0
-98 -111 7 0
-95 -113 6 0
-96 -113 6 0
-61 -108 2 1
-61 -108 1 1
-61 -108 0 1
-61 -109 2 1
-61 -109 1 1
-61 -109 0 1
-61 -110 2 1
-51 -128 5 0
-52 -127 4 0
-51 -127 4 0
-95 -133 6 0
-96 -132 6 0
-97 -133 5 0
-97 -133 7 0
-97 -133 6 0
-51 -124 5 1
-51 -124 4 1
-51 -124 3 1
-51 -129 3 0
-51 -129 5 0
-100 -112 4 0
-100 -112 6 0
-100 -112 5 0
-62 -110 0 1
-62 -109 1 1
-63 -108 3 1
-63 -108 2 1
-63 -108 1 2
-99 -131 4 1
-99 -131 5 1
-99 -130 3 1
-99 -130 4 1
-98 -131 3 1
-98 -131 4 1
-60 -147 1 0
-60 -147 3 0
-60 -147 2 0
-96 -112 5 0
-96 -112 6 0
-96 -112 9 0
-94 -114 6 0
-96 -114 6 0
-96 -114 8 0
-96 -114 7 0
-59 -116 3 1
-58 -116 2 1
-100 -102 6 0
-99 -102 6 0
-100 -102 7 0
-100 -101 7 0
-100 -101 6 0
-100 -103 6 0
-100 -103 7 0
-99 -101 7 0
-98 -101 7 0
-98 -101 8 0
-99 -101 6 0
-98 -101 6 0
-100 -103 8 0
-99 -102 7 0
-98 -103 7 0
-99 -102 8 0
-100 -101 8 0
-100 -101 9 0
-100 -101 5 0
-76 -101 6 1
-74 -103 7 0
-100 -132 3 1
-66 -131 2 1
-55 -117 4 0
-53 -118 2 0
-64 -133 2 1
-64 -135 1 1
-63 -135 1 1
-63 -135 2 1
-63 -135 3 1
-62 -135 1 2
-62 -135 2 1
-62 -135 3 1
-65 -132 1 4
-66 -133 0 1
-65 -133 0 1
-64 -133 0 1
-100 -139 5 3
-100 -139 6 2
-100 -138 4 1
-73 -106 4 1
-73 -106 0 1
-73 -105 0 1
-73 -105 2 4
-73 -105 1 2
-73 -102 5 1
-74 -103 0 1
-73 -104 -1 1
-73 -103 -1 1
-73 -102 -1 1
-56 -114 2 3
-56 -113 4 1
-55 -115 4 1
-55 -114 4 1
-55 -113 4 1
-60 -121 7 0
-62 -119 5 0
-62 -119 7 0
-62 -119 6 0
-90 -146 6 0
-89 -147 4 2
-90 -148 3 1
-89 -148 3 1
-89 -148 5 1
-89 -147 3 1
-60 -117 6 0
-88 -148 3 1
-59 -118 7 0
-58 -119 6 0
-100 -133 3 1
-99 -133 3 1
-98 -133 3 1
-77 -102 8 0
-77 -103 7 0
-99 -115 5 0
-99 -115 6 0
-68 -108 7 0
-67 -107 7 0
-67 -107 6 0
-66 -106 6 0
-65 -107 6 0
-60 -114 0 1
-71 -106 7 0
-71 -103 7 0
-71 -103 6 0
-69 -103 7 0
-70 -104 7 0
-70 -104 6 0
-68 -104 3 2
-69 -104 3 1
-70 -104 3 1
-70 -105 3 1
-69 -105 4 1
-69 -105 8 0
-69 -104 7 0
-69 -103 6 0
-69 -104 6 0
-69 -105 7 0
-67 -105 3 1
-68 -105 3 1
-69 -105 3 1
-66 -139 2 0
-71 -107 2 1
-66 -139 1 0
-65 -140 2 1000
-65 -140 1 0
-74 -107 2 1
-75 -107 4 1
-75 -107 3 1
-75 -107 2 1
-73 -105 -1 1
-51 -145 0 1
-58 -115 2 1
-59 -113 3 0
-58 -112 2 0
-54 -113 2 2
-54 -113 1 1
-54 -113 0 1
-54 -114 2 1
-54 -114 1 1
-54 -114 0 1
-54 -115 2 1
-54 -115 1 2
-63 -123 5 1
-63 -122 3 1
-85 -147 7 0
-85 -147 8 0
-85 -147 6 0
-86 -148 7 0
-86 -147 7 0
-86 -147 8 0
-86 -147 6 0
-87 -148 7 0
-87 -147 7 0
-87 -147 8 0
-87 -147 6 0
-88 -149 7 0
-88 -149 8 0
-88 -149 6 0
-86 -150 8 0
-86 -149 8 0
-86 -149 9 0
-86 -149 5 0
-61 -143 1 0
-62 -111 8 0
-64 -111 8 0
-65 -109 8 0
-61 -105 6 0
-61 -105 10 0
-61 -105 9 0
-60 -107 7 0
-60 -107 8 0
-59 -107 8 0
-61 -107 7 0
-61 -107 8 0
-62 -107 7 0
-62 -106 7 0
-62 -107 8 0
-62 -106 8 0
-63 -105 7 0
-63 -105 8 0
-62 -105 7 0
-76 -103 1 1
-63 -138 3 0
-72 -107 2 2
-72 -107 1 3
-73 -107 1 1
-72 -104 1 1
-70 -102 2 5
-70 -102 1 21
-59 -141 2 1
-64 -146 1 1
-65 -147 0 1
-65 -147 2 1
-91 -145 1 1
-92 -145 1 1
-93 -145 1 1
-92 -144 2 1
-92 -144 7 0
-90 -145 4 0
-91 -145 6 0
-90 -145 5 0
-91 -145 5 0
-92 -146 4 0
-92 -146 6 0
-92 -146 5 0
-93 -147 3 1
-94 -146 3 1
-94 -147 5 1
-94 -147 4 2
-94 -147 3 1
-92 -148 1 1
-91 -147 2 1
-91 -147 6 0
-54 -116 2 0
-54 -116 3 2
-54 -117 4 1
-53 -117 2 1
-53 -117 3 2
-53 -117 4 1
-54 -116 1 0
-68 -105 6 0
-52 -113 1 1
-68 -105 7 0
-68 -104 7 0
-70 -105 7 0
-70 -106 7 0
-68 -106 8 0
-68 -106 4 1
-75 -102 1 1
-100 -136 7 0
-79 -105 0 2
-79 -105 1 10
-79 -105 2 8
-79 -104 0 1
-79 -104 1 1000
-79 -104 2 1
-75 -105 2 4
-77 -105 4 1
-77 -104 4 1
-65 -126 5 1
-66 -128 3 2
-63 -124 3 1
-75 -105 0 1
-91 -149 2 1
-94 -143 1 1
-93 -143 1 1
-92 -143 1 1
-55 -123 2 1
-66 -108 5 1
-60 -111 3 1
-61 -112 2 1000
-51 -120 -1 1
-52 -120 -1 1
-60 -110 3 1
-63 -113 2 0
-61 -114 2 0
-61 -114 3 0
-100 -120 5 0
-100 -120 6 0
-59 -118 5 0
-90 -150 4 0
-100 -125 5 0
-100 -123 6 0
-55 -116 2 0
-54 -116 -1 1
-94 -142 7 0
-52 -114 3 1
-59 -112 3 0
-66 -113 7 0
-72 -110 7 0
-73 -111 7 0
-73 -111 8 0
-74 -112 7 0
-74 -112 8 0
-73 -113 7 0
-73 -114 7 0
-73 -113 8 0
-73 -114 8 0
-72 -112 9 0
-72 -112 6 0
-72 -112 5 0
-68 -136 3 1
-81 -102 1 1
-81 -102 0 2
-81 -102 -1 1
-82 -102 1 9
-82 -102 0 1
-82 -102 -1 1
-84 -101 1 5
-84 -101 0 1
-64 -142 1 1
-64 -142 2 1000
-64 -142 3 1
-63 -142 1 1
-63 -142 2 1
-63 -142 3 1
-88 -106 3 1
-89 -106 4 0
-62 -114 7 0
-61 -114 5 0
-63 -114 6 0
-63 -113 6 0
-63 -113 7 0
-63 -113 5 0
-53 -125 6 0
-100 -124 3 0
-64 -114 5 1
-64 -115 6 0
-65 -115 7 0
-63 -117 7 0
-63 -117 5 0
-63 -115 8 0
-87 -107 5 1
-91 -106 4 0
-90 -106 4 0
-91 -109 5 1
-91 -109 3 1
-91 -109 4 1
-91 -109 7 0
-91 -109 6 0
-88 -111 5 1
-88 -112 5 1
-67 -106 7 0
-68 -106 7 0
-67 -108 8 0
-67 -108 4 2
-70 -104 0 1
-70 -104 1 3
-70 -104 2 1
-70 -103 0 1
-70 -103 1 3
-70 -103 2 1
-72 -102 1 1
-72 -101 0 1
-72 -101 1 13
-72 -101 2 1
-77 -103 1 10
-76 -103 0 1
-72 -106 1 3
-72 -106 2 5
-72 -106 0 1
-72 -105 0 3
-72 -105 2 1000
-67 -105 7 0
-69 -105 6 0
-69 -106 7 0
-68 -107 7 0
-69 -107 7 0
-67 -107 8 0
-67 -107 4 1
-68 -106 3 2
-67 -106 3 1
-72 -105 -1 1
-72 -104 -1 1
-72 -103 -1 1
-75 -103 2 1
-78 -105 0 1
-77 -104 1 1000
-77 -103 2 1
-77 -102 2 1
-79 -102 1 1
-79 -102 2 1
-98 -132 7 0
-98 -133 6 0
-98 -131 7 0
-99 -131 6 1
-98 -130 7 0
-95 -130 7 0
-62 -143 1 1
-62 -143 2 1
-62 -142 0 1
-64 -142 4 0
-65 -131 5 0
-65 -131 1 3
-66 -132 0 1
-65 -132 0 1
-64 -132 0 1
-88 -108 4 0
-88 -106 4 0
-88 -106 5 0
-60 -150 0 1
-60 -150 -1 1
-91 -106 5 0
-91 -110 3 1
-88 -109 4 0
-88 -109 5 0
-59 -145 2 0
-60 -132 1 1
-60 -132 2 1
-60 -132 3 1
-52 -101 2 0
-60 -131 2 1
-60 -131 3 1
-60 -130 1 1
-100 -130 8 0
-60 -130 3 1
-63 -129 1 1
-63 -128 1 1
-62 -129 1 1
-62 -128 1 1
-65 -130 2 1
-65 -131 2 1
-66 -130 2 1
-67 -131 3 1
-69 -132 1 1
-69 -131 1 1
-69 -130 1 1
-68 -132 1 1
-100 -133 4 1
-100 -133 5 1
-100 -133 6 1
-100 -132 4 1
-100 -132 5 1
-100 -132 6 1
-85 -103 -1 1
-85 -102 -1 1
-84 -103 -1 1
-67 -110 2 1
-67 -110 1 3
-67 -110 0 1
-68 -109 0 1
-68 -110 2 1
-68 -110 1 2
-68 -110 0 1
-69 -109 1 1
-69 -109 0 1
-69 -110 2 2
-69 -110 1 1
-68 -109 1 2
-68 -109 2 1
-69 -110 0 1
-70 -109 0 1
-70 -110 2 1
-70 -110 1 1
-70 -110 0 1
-71 -109 2 1
-71 -109 1 1
-71 -109 0 1
-71 -110 2 1
-71 -110 1 1
-64 -147 1 1
-64 -147 2 1
-64 -146 0 1
-63 -147 0 1
-99 -131 7 0
-86 -102 -1 1
-86 -101 -1 1
-85 -101 -1 1
-62 -115 5 0
-64 -109 1 1
-98 -134 6 0
-98 -132 5 1
-85 -110 7 0
-85 -110 8 0
-86 -111 7 0
-86 -112 8 0
-86 -111 8 0
-87 -112 7 0
-87 -112 8 0
-86 -113 7 0
-86 -114 7 0
-86 -113 8 0
-85 -114 8 0
-85 -112 9 0
-85 -112 6 0
-85 -112 5 0
-98 -132 6 0
-96 -131 7 0
-94 -132 5 0
-66 -109 6 0
-66 -109 7 0
-64 -139 1 1
-66 -143 2 1
-66 -143 3 0
-64 -143 2 1
-64 -143 3 0
-63 -143 0 3
-66 -118 7 0
-63 -143 3 0
-65 -120 6 0
-62 -105 8 0
-60 -104 6 0
-60 -104 10 0
-60 -104 9 0
-59 -106 7 0
-59 -106 8 0
-60 -106 7 0
-60 -105 7 0
-60 -106 8 0
-60 -105 8 0
-61 -106 7 0
-61 -105 7 0
-59 -103 8 0
-59 -103 6 0
-59 -103 7 0
-59 -103 10 0
-59 -103 9 0
-59 -105 7 0
-59 -104 7 0
-59 -105 8 0
-59 -104 8 0
-60 -104 7 0
-61 -104 8 0
-60 -104 8 0
-61 -103 7 0
-61 -103 8 0
-61 -102 8 0
-65 -132 2 1
-64 -132 3 0
-63 -133 3 1
-63 -133 2 1
-67 -132 2 1
-94 -128 4 1
-68 -108 5 1
-68 -108 6 0
-68 -104 6 0
-95 -142 5 0
-97 -129 2 1
-98 -120 6 0
-72 -104 2 1
-81 -101 7 0
-81 -102 7 0
-81 -101 8 0
-93 -135 7 1
-69 -109 2 1
-69 -108 2 1
-71 -108 1 1
-69 -105 1 1
-69 -106 1 0
-69 -105 2 1
-69 -106 2 0
-68 -105 2 1
-68 -105 1 1
-60 -146 -1 1
-73 -101 6 0
-53 -124 6 0
-66 -104 0 1
-68 -101 -1 1
-68 -102 0 1
-69 -103 3 1
-70 -103 4 1
-69 -101 -1 1
-70 -101 -1 1
-71 -101 -1 1
-67 -101 4 1
-72 -106 3 1
-67 -101 0 1
-68 -101 0 1
-69 -101 0 6
-67 -101 3 1
-67 -101 2 1
-67 -101 1 1
-68 -101 3 1
-68 -101 2 2
-68 -101 1 3
-69 -101 3 2
-69 -101 2 8
-69 -101 1 1000
-64 -114 7 0
-64 -114 6 0
-90 -108 0 1
-90 -107 0 1
-90 -106 0 1
-89 -108 0 1
-89 -107 0 1
-89 -106 0 1
-88 -108 0 1
-88 -107 0 1
-88 -106 0 1
-85 -107 5 1
-62 -133 3 1
-76 -104 1 6
-75 -104 0 1
-76 -102 4 1
-76 -102 0 1
-77 -103 -1 1
-76 -103 -1 1
-75 -103 -1 1
-75 -102 -1 1
-75 -101 -1 1
-73 -104 2 1
-73 -104 1 1
-75 -103 0 1
-76 -104 -1 1
-75 -104 -1 1
-74 -104 -1 1
-100 -125 3 0
-53 -118 4 1
-54 -117 2 0
-63 -109 6 0
-54 -119 1 2
-54 -119 0 1
-55 -118 0 1
-55 -119 2 2
-67 -108 5 1
-64 -113 5 0
-64 -113 8 0
-57 -125 4 1
-57 -125 8 1
-64 -111 7 0
-64 -112 7 0
-68 -109 6 0
-69 -108 7 0
-64 -112 6 0
-61 -135 1 1
-61 -135 2 1
-61 -134 0 1
-68 -136 1 1
-68 -136 2 1
-100 -123 3 0
-71 -105 6 0
-71 -105 5 1
-74 -104 5 1
-97 -114 6 0
-97 -114 8 0
-97 -114 7 0
-96 -113 7 0
-97 -112 6 0
-97 -112 8 0
-98 -112 7 0
-97 -112 7 0
-97 -111 6 0
-97 -111 8 0
-97 -111 7 0
-96 -111 6 0
-96 -111 8 0
-96 -110 7 0
-96 -111 7 0
-94 -111 6 0
-69 -108 1 1
-56 -147 3 1
-57 -149 3 1
-57 -117 3 1
-57 -117 2 1
-58 -117 4 1
-58 -117 3 2
-58 -117 2 1
-59 -116 4 1
-59 -117 4 1
-59 -117 3 1
-75 -105 1 4
-76 -104 2 14
-79 -103 0 1
-53 -150 2 1
-53 -150 1 0
-54 -150 4 1
-55 -149 0 1
-56 -150 -1 1
-55 -150 -1 1
-75 -112 6 0
-75 -112 9 0
-74 -115 6 1
-75 -115 6 1
-74 -115 10 1
-74 -116 10 1
-74 -116 9 1
-75 -115 10 1
-75 -116 10 1
-58 -102 5 0
-58 -102 6 0
-58 -102 9 0
-57 -103 8 0
-86 -110 7 0
-61 -109 7 0
-62 -108 9 0
-62 -108 10 0
-62 -108 6 0
-51 -148 4 1
-51 -147 7 0
-59 -112 1 1
-63 -144 1 4
-63 -144 2 1
-56 -117 1 1
-60 -112 1 1
-60 -112 0 1
-66 -108 3 2
-53 -113 3 1
-95 -130 5 0
-53 -115 0 1
-66 -106 7 0
-66 -105 6 0
-80 -101 4 1
-98 -114 6 0
-97 -115 7 0
-97 -113 7 0
-97 -113 6 0
-97 -113 8 0
-97 -113 9 0
-97 -113 5 0
-68 -104 2 1
-93 -136 9 1
-65 -109 7 0
-65 -110 7 0
-65 -109 6 0
-64 -109 7 0
-65 -107 1 1
-65 -107 2 1
-64 -113 2 0
-94 -138 6 0
-95 -136 8 0
-100 -112 7 0
-99 -115 7 0
-99 -113 8 0
-99 -113 5 0
-99 -113 4 0
-99 -112 5 0
-99 -114 5 0
-100 -129 2 1
-58 -146 1 0
-68 -130 3 1
-63 -110 2 4
-55 -122 5 0
-74 -103 -1 1
-68 -127 5 1
-97 -128 1 1
-98 -128 1 1
-99 -128 1 1
-98 -127 2 1
-98 -127 7 0
-96 -128 6 1
-85 -101 6 1
-85 -101 7 1
-68 -128 5 1
-97 -130 3 1
-84 -101 5 1
-84 -101 6 1
-84 -101 7 1
-83 -101 5 1
-83 -101 6 1
-83 -101 7 1
-60 -150 1 1
-84 -101 3 1
-59 -150 0 1
-51 -149 2 1
-64 -109 2 4
-97 -120 4 0
-97 -120 5 0
-97 -120 3 0
-99 -118 3 0
-99 -120 2 1
-98 -119 1 4
-83 -101 4 1
-82 -102 4 1
-82 -101 4 1
-92 -141 5 0
-92 -140 6 0
-60 -122 6 1
-91 -144 2 1
-91 -145 2 1
-67 -138 1 0
-92 -144 1 1
-81 -101 0 5
-81 -101 -1 1
-82 -101 1 11
-82 -101 0 5
-82 -101 -1 1
-83 -101 1 6
-69 -110 8 0
-69 -110 7 0
-69 -112 8 0
-95 -114 6 0
-95 -114 1 1
-96 -113 0 1
-95 -113 0 1
-94 -113 0 1
-100 -137 8 1
-100 -138 8 1
-99 -138 3 1
-98 -138 3 1
-99 -137 7 1
-100 -137 3 0
-76 -106 2 1
-76 -106 3 1
-76 -106 4 1
-75 -106 2 1
-75 -106 3 1
-75 -106 4 1
-74 -106 2 2
-74 -106 4 1
-74 -105 4 1
-75 -104 1 2
-74 -105 0 1
-74 -104 0 1
-74 -104 2 1
-74 -104 1 1
-73 -106 1 3
-64 -107 4 1
-74 -102 -1 1
-68 -108 0 1
-66 -111 3 1
-67 -110 4 1
-67 -109 4 1
-66 -111 4 1
-66 -110 4 1
-65 -111 0 1
-65 -111 2 0
-65 -111 3 0
-65 -111 1 0
-64 -111 2 0
-64 -110 3 0
-70 -106 1 1
-70 -106 2 2
-71 -105 1 1
-70 -102 0 1
-87 -105 0 1
-87 -106 0 1
-87 -107 0 1
-88 -106 1 1
-86 -107 1 1
-62 -142 -1 1
-62 -143 -1 1
-62 -144 -1 1
-63 -143 -1 1
-63 -144 -1 1
-88 -109 3 1
-88 -109 1 1
-89 -108 1 1
-89 -109 1 1
-88 -108 2 1
-88 -107 3 1
-90 -107 3 0
-91 -105 1 1
-75 -112 5 0
-96 -130 1 1
-91 -136 5 1
-91 -136 6 1
-98 -132 1 1
-94 -146 4 2
-73 -101 4 1
-73 -101 5 1
-94 -144 4 1
-61 -115 6 0
-92 -142 4 0
-61 -115 5 0
-62 -115 6 0
-62 -114 6 0
-62 -115 7 0
-62 -114 5 0
-63 -115 6 0
-63 -115 7 0
-63 -115 5 0
-63 -114 4 0
-63 -114 5 0
-63 -114 8 0
-68 -130 2 1
-68 -129 2 1
-68 -128 2 1
-67 -130 2 1
-66 -131 4 0
-65 -131 4 0
-65 -131 3 0
-64 -130 3 0
-79 -102 4 0
-78 -103 4 0
-66 -130 1 1
-69 -105 -1 1
-69 -106 -1 1
-69 -107 -1 1
-70 -106 0 1
-70 -106 4 1
-69 -107 1 0
-70 -108 1 1
-94 -143 5 0
-94 -142 6 0
-85 -106 3 2
-85 -106 4 1
-85 -106 5 1
-85 -105 3 2
-85 -105 4 2
-65 -114 6 0
-69 -114 5 0
-68 -115 5 0
-68 -115 6 0
-67 -115 5 0
-67 -116 5 0
-77 -101 2 1
-67 -109 5 1
-53 -127 5 0
-95 -131 6 0
-98 -123 4 0
-65 -140 3 0
-98 -123 5 0
-99 -123 4 0
-99 -122 4 0
-99 -123 6 0
-99 -123 5 0
-93 -135 9 1
-94 -138 4 1
-94 -139 6 1
-94 -139 5 1
-94 -139 4 1
-95 -138 4 1
-74 -110 7 0
-75 -111 7 0
-75 -111 8 0
-76 -112 7 0
-76 -112 8 0
-76 -115 7 5
-95 -139 6 1
-77 -116 6 1
-95 -139 5 2
-77 -116 7 1
-77 -116 8 1
-77 -115 6 1
-77 -115 7 1
-77 -115 8 1
-76 -116 6 1
-76 -116 7 1
-76 -116 8 1
-75 -113 8 0
-75 -114 8 0
-68 -108 2 0
-68 -108 1 1
-69 -107 4 1
-78 -104 0 1
-78 -104 1 1000
-77 -105 0 1
-77 -105 1 9
-77 -105 2 21
-77 -104 0 1
-76 -105 0 1
-76 -105 1 1
-76 -105 2 1
-76 -104 0 1
-76 -102 2 1
-77 -102 1 1
-76 -102 1 1
-77 -101 4 5
-78 -102 5 1
-78 -102 -1 1
-77 -102 -1 1
-76 -102 -1 1
-76 -101 -1 1
-57 -101 7 0
-57 -101 8 0
-55 -101 7 0
-55 -101 8 0
-73 -103 5 1
-74 -102 6 1
-74 -102 7 1
-93 -142 2 1
-74 -101 5 1
-74 -101 6 1
-74 -101 7 1
-77 -103 5 1
-77 -105 6 0
-69 -107 0 1
-86 -103 0 1
-87 -103 0 1
-77 -116 10 1
-77 -116 9 1
-78 -112 7 0
-77 -111 8 1
-77 -111 7 1
-76 -110 8 0
-76 -110 7 0
-63 -132 3 0
-65 -133 2 0
-63 -134 2 5
-63 -134 3 1
-63 -133 1 2
-62 -134 1 1
-62 -134 2 2
-62 -134 3 1
-62 -133 1 1
-62 -133 2 2
-69 -109 6 0
-75 -103 3 1
-67 -128 4 2
-67 -128 3 1
-65 -126 6 0
-86 -102 2 1
-84 -101 4 1
-84 -102 5 1
-84 -102 4 1
-84 -103 5 1
-85 -101 4 1
-85 -102 5 1
-86 -101 5 1
-85 -102 4 1
-84 -102 3 1
-84 -102 2 4
-84 -102 1 7
-66 -115 5 0
-85 -101 2 1
-85 -101 1 1000
-94 -134 7 0
-94 -134 6 0
-96 -132 4 0
-96 -132 8 0
-96 -132 7 0
-95 -134 5 0
-95 -134 7 0
-95 -134 6 0
-93 -110 5 0
-90 -112 4 0
-90 -112 5 0
-92 -110 6 0
-92 -110 3 0
-92 -110 2 0
-67 -120 4 0
-66 -120 5 0
-66 -120 6 0
-66 -120 4 0
-64 -120 5 0
-63 -125 3 1
-62 -126 3 1
-67 -132 3 1
-67 -131 1 1
-66 -133 1 2
-65 -133 4 0
-65 -134 1 1
-66 -134 3 1
-98 -126 2 1
-98 -126 7 0
-97 -127 6 0
-99 -127 6 0
-99 -127 5 0
-99 -126 6 0
-99 -126 5 0
-96 -126 6 0
-96 -126 5 0
-74 -107 3 1
-74 -107 4 1
-73 -107 2 2
-73 -107 4 1
-97 -140 7 1
-97 -140 6 1
-97 -140 5 1
-95 -136 5 1
-87 -147 5 1
-87 -147 4 1
-89 -146 5 0
-64 -145 2 1
-63 -145 0 1
-61 -110 -1 1
-61 -111 -1 1
-61 -112 -1 1
-62 -112 -1 1
-62 -111 4 0
-59 -113 0 1
-59 -114 1 1
-59 -114 0 2
-60 -113 0 2
-60 -114 2 1
-61 -114 0 1
-84 -102 -1 1
-83 -104 1 1
-85 -103 4 1
-89 -105 2 1
-90 -103 0 1
-55 -119 1 3
-55 -119 0 1
-56 -118 1 3
-56 -118 0 1
-56 -119 2 1
-56 -119 1 1
-56 -119 0 1
-57 -103 7 0
-57 -102 8 0
-56 -102 7 0
-56 -102 8 0
-89 -114 8 0
-63 -107 8 0
-64 -107 8 0
-63 -107 7 0
-62 -107 9 0
-62 -107 10 0
-62 -107 6 0
-89 -112 9 0
-89 -112 6 0
-61 -108 8 0
-61 -108 7 0
-64 -106 8 0
-64 -106 7 0
-59 -146 2 0
-97 -118 4 0
-97 -118 5 0
-97 -118 3 0
-87 -146 3 1
-87 -146 4 1
-87 -146 5 1
-87 -145 3 1
-87 -145 4 1
-87 -145 5 1
-89 -144 4 1
-88 -143 3 1
-88 -143 4 1
-88 -143 5 1
-91 -145 4 0
-91 -144 4 0
-92 -145 4 0
-93 -145 4 0
-93 -147 5 0
-93 -148 4 1
-94 -149 3 1
-94 -149 4 1
-94 -149 5 1
-93 -149 3 1
-93 -149 4 3
-93 -149 5 1
-92 -149 3 1
-91 -147 5 0
-91 -148 5 0
-91 -147 4 0
-91 -148 4 0
-90 -147 5 0
-90 -147 4 0
-57 -119 0 1
-57 -115 -1 1
-57 -114 -1 1
-57 -113 -1 1
-54 -114 4 1
-53 -116 3 4
-53 -116 4 1
-53 -115 3 1
-53 -115 4 1
-93 -133 6 1
-93 -133 7 1
-92 -134 5 2
-64 -112 5 0
-53 -116 0 1
-92 -133 5 1
-66 -111 7 0
-65 -111 7 0
-52 -116 1 1
-52 -116 2 1
-52 -115 0 1
-95 -130 6 0
-98 -130 5 1
-98 -130 6 1
-98 -131 6 1
-99 -132 5 2
-51 -127 5 0
-51 -128 4 0
-52 -128 4 0
-52 -128 5 0
-52 -130 4 0
-56 -118 3 0
-57 -118 1 1
-57 -118 2 1
-55 -119 3 0
-56 -120 1 1
-56 -120 2 1
-56 -120 3 1
-55 -120 1 2
-55 -120 2 1
-55 -120 3 1
-54 -120 1 1
-54 -120 2 1
-54 -120 3 1
-54 -118 2 0
-68 -107 2 0
-67 -106 -1 1
-67 -107 -1 1
-67 -108 -1 1
-67 -106 5 1
-67 -108 1 0
-67 -109 2 1
-67 -109 0 1
-64 -135 0 1
-57 -101 9 0
-57 -101 6 0
-57 -101 5 0
-89 -110 7 0
-89 -110 8 0
-91 -111 7 0
-91 -111 8 0
-91 -112 7 0
-91 -112 8 0
-90 -113 7 0
-91 -114 7 0
-90 -113 8 0
-91 -114 8 0
-89 -113 7 0
-98 -128 5 0
-98 -127 6 0
-98 -128 6 0
-97 -127 5 1
-64 -107 7 0
-63 -108 8 0
-63 -108 7 0
-62 -108 8 0
-62 -109 8 0
-62 -108 7 0
-62 -109 7 0
-60 -108 8 0
-60 -108 7 0
-63 -133 4 0
-67 -132 1 1
-64 -134 1 2
-65 -140 0 2
-65 -140 4 0
-64 -143 0 1
-68 -111 2 1
-68 -112 2 1
-62 -126 4 1
-64 -108 8 0
-64 -109 8 0
-63 -126 5 1
-63 -126 4 1
-63 -126 3 1
-63 -125 4 1
-64 -126 3 1
-64 -127 5 1
-64 -127 4 1
-64 -127 3 1
-65 -126 3 1
-65 -127 5 1
-65 -127 4 1000
-59 -113 -1 1
-66 -126 4 1
-66 -126 3 1
-61 -114 -1 1
-60 -113 4 0
-59 -114 3 0
-60 -115 1 0
-60 -115 3 0
-65 -133 3 0
-65 -133 1 5
-66 -132 1 3
-66 -133 3 1
-66 -133 2 7
-82 -101 8 0
-91 -111 4 0
-90 -111 4 1
-67 -114 3 1
-63 -134 1 4
-63 -145 3 0
-61 -145 2 0
-61 -144 3 0
-68 -118 4 0
-64 -147 0 1
-65 -146 2 1
-68 -112 6 0
-54 -145 3 1
-59 -145 1 0
-64 -132 2 1
-64 -131 2 1
-63 -130 1 1
-64 -129 2 1
-64 -128 2 1
-66 -131 1 1
-100 -138 7 1
-99 -138 7 1
-99 -125 1 1
-100 -118 3 1
-100 -121 0 1
-100 -120 0 1
-55 -118 1 1
-55 -118 3 0
-55 -118 2 1
-57 -117 1 1
-57 -116 1 1
-58 -115 4 1
-63 -116 7 0
-64 -115 7 0
-65 -114 7 0
-65 -113 5 1
-51 -148 5 1
-65 -107 3 1
-69 -108 -1 1
-68 -108 -1 1
-52 -145 0 1
-52 -145 1 1
-51 -144 8 0
-51 -144 7 0
-66 -108 4 1
-52 -145 6 0
-51 -146 8 0
-66 -113 5 1
-66 -114 5 1
-54 -115 -1 1
-53 -101 1 1
-57 -114 4 1
-91 -112 6 0
-91 -112 9 0
-90 -114 7 0
-98 -135 2 1
-98 -116 6 0
-97 -116 6 0
-99 -116 5 0
-99 -116 6 0
-98 -117 7 0
-91 -110 7 0
-92 -112 7 0
-92 -111 7 0
-92 -111 8 0
-93 -112 7 0
-92 -112 8 0
-93 -112 8 0
-92 -113 7 0
-92 -114 7 0
-91 -113 8 0
-92 -114 8 0
-91 -113 7 0
-90 -114 8 0
-55 -146 4 1
-54 -148 2 1
-54 -148 3 3
-54 -148 4 1
-54 -147 2 1
-99 -131 1 1
-99 -130 1 1
-63 -110 3 1
-66 -116 5 0
-54 -120 0 1
-55 -120 0 1
-56 -120 0 1
-54 -118 3 0
-56 -116 0 1
-56 -117 0 1
-57 -116 0 1
-51 -115 2 1
-51 -116 4 1
-51 -116 3 1
-51 -116 2 1
-51 -117 4 1
-51 -117 3 2
-51 -117 2 1
-63 -116 5 0
-65 -106 7 0
-92 -146 1 1
-92 -147 1 1
-91 -146 7 0
-79 -103 7 0
-79 -102 7 0
-77 -101 8 0
-78 -101 7 0
-78 -102 7 0
-80 -102 8 0
-61 -120 3 1
-61 -119 3 1
-80 -101 8 0
-60 -120 3 1
-60 -119 3 1
-60 -118 3 1
-59 -120 3 1
-59 -118 3 1
-61 -116 3 1
-61 -117 3 1
-62 -115 3 1
-62 -116 3 1
-62 -117 3 1
-54 -150 6 0
-53 -148 8 0
-54 -148 7 0
-52 -148 6 0
-52 -148 8 0
-52 -148 7 0
-51 -148 6 0
-62 -111 7 0
-64 -109 9 0
-64 -109 10 0
-70 -114 7 0
-70 -112 9 0
-70 -112 10 0
-70 -112 6 0
-71 -110 7 0
-71 -110 8 0
-73 -112 7 0
-73 -112 8 0
-72 -113 7 0
-71 -114 7 0
-71 -112 9 0
-71 -112 6 0
-71 -112 5 0
-78 -113 6 1
-77 -114 6 1
-76 -115 6 1
-75 -115 7 2
-76 -115 8 1
-67 -106 6 0
-69 -119 5 1
-66 -118 4 0
-66 -118 3 0
-67 -111 2 2
-67 -112 2 2
-80 -102 0 6
-80 -102 -1 1
-67 -113 2 1
-82 -101 7 0
-75 -106 6 0
-75 -103 5 1
-99 -141 16 1
-99 -141 15 1
-99 -141 14 1
-99 -147 16 1
-99 -147 15 1
-99 -142 18 1
-99 -142 17 1
-100 -142 18 1
-100 -142 17 1
-100 -143 17 1
-91 -149 5 0
-90 -148 4 0
-78 -111 8 1
-78 -112 8 0
-79 -115 6 1
-79 -115 7 1
-79 -115 8 1
-79 -114 6 1
-79 -114 7 3
-79 -114 8 1
-79 -115 9 1
-79 -115 10 1
-79 -114 9 2
-79 -114 10 1
-79 -113 10 1
-79 -113 6 1
-76 -113 7 0
-76 -113 8 0
-66 -134 2 6
-64 -144 3 0
-65 -145 0 1
-96 -129 6 0
-51 -149 3 7
-51 -150 3 4
-52 -149 3 1
-53 -149 3 1
-54 -148 6 0
-52 -150 9 0
-53 -147 5 1
-96 -131 6 0
-96 -131 5 0
-67 -121 5 0
-68 -119 4 0
-84 -101 -1 1
-90 -146 4 0
-89 -146 4 0
-52 -122 4 1
-74 -102 5 1
-97 -132 2 1
-97 -131 8 0
-65 -125 4 1
-95 -133 5 0
-67 -126 5 1
-88 -145 5 1
-88 -145 4 1
-88 -145 3 1
-88 -146 5 1
-88 -146 4 2
-66 -142 2 0
-66 -142 3 0
-89 -145 3 1
-89 -146 3 1
-89 -145 4 1
-90 -145 6 0
-94 -141 7 0
-93 -140 6 0
-65 -125 1 1
-65 -110 3 0
-54 -117 -1 1
-55 -116 3 0
-55 -149 5 1
-55 -149 6 0
-52 -113 2 1
-65 -122 5 0
-51 -146 1 1
-76 -112 9 0
-76 -112 6 0
-60 -130 2 1
-79 -101 2 1
-66 -127 5 1
-65 -127 3 2
-75 -116 6 1
-75 -116 7 1
-74 -116 6 1
-74 -116 7 1
-74 -116 8 1
-66 -110 8 0
-67 -110 8 0
-66 -111 8 0
-65 -112 8 0
-63 -111 8 0
-65 -110 9 0
-65 -110 10 0
-58 -101 7 0
-58 -101 8 0
-100 -134 4 2
-100 -135 6 1
-100 -135 5 1
-100 -135 4 1
-100 -134 5 1
-100 -134 6 0
-98 -133 1 1
-100 -141 14 1
-100 -141 15 1
-100 -141 16 1
-98 -146 14 1
-98 -146 15 1
-98 -146 16 1
-98 -145 15 1
-98 -145 16 1
-99 -142 14 1
-99 -142 15 1
-99 -142 16 1
-74 -105 2 4
-77 -106 0 1
-78 -106 2 4
-78 -106 1 7
-78 -106 0 1
-79 -106 2 3
-79 -106 1 6
-79 -106 0 1
-84 -104 3 1
-76 -103 2 1
-86 -105 4 1
-87 -105 2 1
-87 -106 1 1
-87 -105 1 2
-87 -104 1 2
-86 -106 1 1
-86 -105 1 1
-86 -105 3 1
-86 -104 1 2
-86 -104 2 4
-73 -101 -1 1
-87 -104 4 1
-87 -104 2 1000
-88 -103 4 0
-91 -102 2 1
-76 -101 2 1
-75 -101 2 2
-95 -126 5 1
-95 -126 4 1
-95 -127 6 1
-95 -127 5 2
-95 -127 4 1
-95 -128 6 1
-95 -128 5 1
-95 -128 4 1
-96 -126 4 1
-96 -127 4 1
-96 -128 4 1
-99 -131 8 0
-99 -133 7 0
-94 -132 6 0
-67 -121 4 0
-74 -101 0 1
-53 -148 3 1
-64 -109 6 0
-64 -108 6 0
-65 -108 6 0
-65 -108 7 0
-64 -121 4 0
-66 -119 7 0
-99 -122 5 0
-67 -138 3 0
-66 -140 2 0
-66 -140 1 0
-98 -123 6 0
-55 -149 1 0
-57 -148 4 1
-64 -139 2 1
-68 -118 5 0
-61 -143 2 0
-67 -111 0 1
-62 -133 0 1
-94 -137 4 1
-93 -136 8 2
-51 -126 0 1
-73 -107 6 0
-96 -134 7 0
-55 -115 1 1
-52 -126 5 0
-51 -126 6 0
-53 -116 2 1
-54 -115 4 1
-72 -103 1 8
-72 -104 0 1
-72 -103 0 3
-72 -102 0 1
-71 -104 0 1
-71 -104 1 3
-71 -103 8 0
-61 -122 3 1
-61 -123 5 1
-92 -145 7 0
-88 -147 5 1
-88 -147 4 1
-88 -147 3 1
-88 -148 5 1
-91 -111 5 0
-96 -129 1 1
-89 -148 4 1
-76 -112 5 0
-93 -146 2 1
-92 -145 3 1
-78 -101 8 0
-77 -101 7 1
-70 -105 1 1
-93 -134 6 1
-78 -111 7 1
-71 -105 0 1
-71 -104 4 1
-71 -105 2 3
-71 -106 4 2
-71 -106 2 1000
-73 -104 6 1
-51 -147 5 0
-64 -145 1 1
-55 -148 7 0
-55 -148 6 0
-54 -149 6 0
-52 -148 5 1
-100 -115 5 0
-100 -115 6 0
-100 -115 4 0
-64 -111 6 0
-71 -109 6 0
-68 -106 6 0
-68 -106 5 1
-56 -123 8 0
-98 -127 1 1
-95 -146 4 1
-99 -117 5 0
-99 -117 6 0
-99 -117 4 0
-95 -147 3 1
-94 -144 6 0
-90 -143 4 1
-90 -142 5 1
-90 -144 4 0
-90 -144 6 0
-90 -144 5 0
-99 -127 1 1
-65 -110 -1 1
-52 -150 4 2
-51 -146 7 0
-52 -145 5 1
-99 -118 5 0
-99 -118 6 0
-85 -148 6 0
-86 -149 7 0
-87 -149 7 0
-87 -149 8 0
-86 -149 6 0
-87 -149 6 0
-86 -150 7 0
-87 -150 7 0
-87 -150 8 0
-87 -150 6 0
-65 -137 -1 1
-65 -138 -1 1
-65 -139 -1 1
-66 -137 -1 1
-66 -138 -1 1
-85 -150 8 0
-85 -150 9 0
-85 -150 5 0
-63 -139 3 0
-63 -139 2 1
-75 -110 7 0
-75 -110 8 0
-76 -111 7 0
-76 -111 8 0
-77 -112 7 0
-77 -112 8 0
-77 -114 7 6
-78 -115 6 1
-78 -115 7 1
-78 -115 8 1
-78 -114 6 1
-78 -114 7 8
-78 -114 8 3
-77 -114 9 3
-78 -115 9 1
-78 -115 10 1
-78 -114 9 3
-78 -114 10 1
-78 -113 10 1
-77 -115 9 1
-77 -115 10 1
-77 -114 10 1
-76 -115 10 1
-60 -101 8 0
-60 -102 7 0
-60 -102 8 0
-60 -103 7 0
-60 -103 8 0
-58 -103 7 0
-88 -107 1 1
-87 -107 1 1
-87 -106 2 3
-87 -107 2 2
-60 -118 6 0
-51 -129 4 0
-74 -104 6 0
-58 -111 1 1
-58 -111 2 1
-55 -115 2 1
-80 -102 7 0
-52 -146 0 1
-60 -111 2 1
-61 -112 0 2
-51 -146 0 1
-100 -144 17 1
-100 -144 18 1
-51 -145 5 1
-51 -145 4 1
-51 -145 3 1
-51 -146 4 1
-52 -147 2 0
-100 -118 2 1
-71 -106 1 1
-64 -129 5 0
-51 -145 6 0
-59 -113 1 1
-63 -137 2 0
-60 -114 1 1
-97 -128 6 1
-96 -129 5 0
-93 -134 5 1
-73 -101 3 1
-75 -102 2 1
-95 -142 6 0
-55 -124 2 1
-63 -138 2 0
-63 -138 1 0
-66 -139 3 0
-93 -137 9 1
-93 -137 8 1
-93 -137 7 1
-94 -136 9 1
-94 -137 9 1
-94 -137 7 1
-100 -117 4 0
-100 -117 6 0
-100 -117 5 0
-100 -116 5 0
-89 -147 5 0
-99 -115 4 0
-74 -103 8 0
-76 -101 9 0
-76 -101 4 4
-55 -147 -1 1
-55 -148 -1 1
-55 -149 -1 1
-53 -115 2 1
-100 -118 1 1
-100 -117 1 1
-98 -118 5 0
-98 -118 6 0
-98 -118 4 0
-100 -118 5 1
-100 -116 6 0
-100 -116 4 0
-63 -106 0 1
-63 -106 1 1
-63 -106 2 1
-62 -107 0 1
-66 -109 5 1
-67 -109 6 0
-68 -111 5 0
-68 -111 6 0
-67 -110 6 0
-99 -120 6 0
-99 -120 4 0
-100 -118 6 0
-100 -118 7 0
-69 -122 3 1
-69 -123 3 1
-81 -101 4 1
-99 -119 1 1
-99 -118 1 1
-67 -122 6 0
-68 -124 6 1
-68 -124 5 2
-78 -102 1 1
-77 -101 -1 1
-58 -150 4 2
-58 -150 3 1
-64 -119 5 0
-64 -119 6 0
-64 -119 4 0
-57 -150 3 2
-57 -150 2 1
-57 -149 2 1
-58 -148 3 0
-55 -146 1 0
-55 -146 3 1
-55 -146 2 1
-55 -148 1 0
-53 -147 4 2
-53 -147 3 3
-53 -147 2 1
-67 -128 2 2
-67 -129 2 1
-62 -128 4 1
-62 -128 3 1
-54 -149 4 3
-55 -148 2 1
-62 -129 3 1
-62 -129 2 1
-62 -130 4 1
-58 -148 -1 1
-62 -130 2 1
-58 -147 0 1
-58 -147 4 0
-56 -148 1 0
-63 -129 3 1
-63 -129 4 0
-69 -131 3 1
-95 -145 4 1
-95 -145 5 1
-95 -144 3 1
-95 -144 4 1
-63 -144 0 1
-64 -143 1 2
-59 -119 3 1
-66 -125 5 1
-68 -125 3 1
-69 -125 6 1
-69 -125 5 1
-69 -125 4 1
-66 -123 4 0
-66 -123 5 0
-62 -123 5 1
-56 -147 -1 1
-62 -124 4 1
-67 -138 2 0
-64 -138 0 1
-95 -115 4 0
-95 -115 5 0
-65 -138 0 3
-66 -138 0 1
-65 -137 4 0
-96 -115 3 0
-98 -115 4 0
-98 -115 5 0
-64 -138 2 0
-65 -139 1 1
-65 -139 3 0
-65 -139 2 1
-66 -138 1 0
-66 -138 3 0
-95 -117 0 1
-95 -116 0 1
-66 -138 2 0
-58 -143 2 1
-60 -142 2 0
-67 -137 1 0
-66 -128 2 1
-67 -127 2 1
-95 -116 4 0
-94 -116 4 0
-94 -116 5 0
-94 -116 3 0
-96 -114 4 0
-96 -114 5 0
-96 -114 3 0
-97 -115 5 0
-96 -116 6 0
-96 -116 1 1
-97 -115 0 1
-96 -115 0 1
-95 -115 0 1
-70 -108 0 1
-70 -107 0 1
-70 -111 1 1
-70 -111 2 1
-70 -111 3 1
-70 -110 3 1
-69 -111 1 1
-69 -111 2 1
-68 -112 1 1
-60 -111 0 1
-60 -111 1 1
-60 -110 0 1
-60 -110 1 1
-60 -110 2 3
-60 -110 4 1
-60 -109 2 1
-60 -109 3 1
-60 -109 4 1
-96 -116 5 0
-96 -116 3 0
-97 -115 4 0
-97 -115 3 0
-97 -119 3 0
-66 -127 4 2
-66 -127 3 1
-93 -109 5 0
-93 -109 4 0
-92 -108 5 0
-92 -108 4 1
-89 -108 5 1
-82 -107 -1 1
-82 -107 0 1
-82 -107 1 1
-77 -106 3 1
-77 -106 4 1
-79 -104 3 0
-99 -112 6 0
-99 -111 6 0
-99 -112 7 0
-99 -111 7 0
-100 -113 7 0
-91 -113 5 0
-99 -114 6 0
-99 -114 7 0
-98 -115 6 0
-98 -113 8 0
-98 -113 5 0
-98 -113 4 0
-91 -113 4 0
-92 -110 4 0
-95 -135 4 0
-95 -135 6 0
-54 -118 1 1
-52 -121 3 0
-92 -109 4 0
-92 -110 5 0
-92 -109 5 0
-94 -110 4 0
-94 -110 5 0
-69 -131 2 1
-69 -132 4 1
-65 -114 5 1
-66 -111 2 1
-66 -112 2 1
-66 -113 2 1
-67 -108 7 0
-95 -141 7 0
-92 -138 6 0
-93 -138 6 0
-96 -135 3 1
-96 -136 3 1
-96 -137 3 1
-95 -136 4 1
-93 -135 6 1
-95 -135 7 0
-94 -135 7 0
-92 -135 5 1
-92 -135 4 1
-95 -136 9 0
-65 -110 6 0
-67 -106 4 1
-68 -105 4 1
-68 -107 4 2
-64 -118 5 0
-52 -149 0 2
-51 -150 -1 1
-51 -149 -1 1
-51 -148 -1 1
-53 -129 4 0
-97 -135 7 0
-62 -144 1 1
-64 -108 4 1
-62 -106 1 1
-100 -114 7 0
-62 -106 0 1
-62 -107 2 1
-62 -107 1 1
-63 -107 0 1
-64 -106 0 1
-63 -107 1 1
-62 -147 1 0
-100 -115 7 0
-61 -146 3 0
-66 -108 1 1
-66 -108 2 2
-66 -107 1 4
-66 -107 2 6
-83 -101 -1 1
-60 -145 -1 1
-66 -107 4 1
-66 -106 4 1
-62 -146 -1 1
-66 -108 0 1
-66 -107 0 1
-66 -106 0 1
-71 -107 7 0
-99 -132 4 2
-69 -119 6 1
-99 -133 5 1
-99 -133 4 2
-100 -131 4 1
-65 -145 1 1
-66 -109 8 0
-67 -142 1 2
-69 -110 5 0
-68 -109 5 1
-65 -145 2 1
-68 -107 3 1
-62 -132 0 1
-98 -130 1 1
-97 -131 5 1
-61 -145 3 0
-67 -130 3 1
-64 -127 2 1
-65 -126 2 1
-56 -149 7 0
-56 -149 5 1
-98 -121 5 0
-98 -121 6 0
-56 -146 1 0
-59 -147 3 0
-98 -121 4 0
-100 -120 7 0
-100 -120 2 1
-92 -147 6 0
-100 -121 1 1
-100 -120 1 1
-99 -121 1 1
-99 -120 1 2
-58 -149 3 0
-58 -149 1 0
-56 -148 2 1
-56 -149 3 5
-57 -150 4 1
-56 -150 2 1
-51 -127 6 0
-68 -112 3 1
-61 -122 4 1
-64 -137 0 1
-65 -121 5 0
-61 -146 1 0
-69 -108 5 1
-97 -127 1 1
-90 -150 6 0
-70 -109 6 0
-70 -109 5 0
-64 -146 2 1
-61 -144 1 0
-67 -124 3 1
-61 -146 -1 1
-57 -147 -1 1
-57 -146 -1 1
-67 -118 6 0
-54 -145 2 1
-66 -111 0 1
-66 -111 1 1
-66 -110 0 1
-67 -108 2 0
-66 -109 2 1
-91 -146 5 0
-58 -113 2 0
-64 -113 4 0
-58 -113 3 0
-65 -142 0 1
-59 -111 2 2
-61 -142 3 0
-61 -142 2 0
-61 -143 3 0
-64 -107 6 0
-65 -107 7 0
-69 -108 4 2
-63 -111 6 0
-52 -145 3 1
-67 -126 4 1
-58 -120 7 0
-52 -146 4 3
-65 -110 4 0
-95 -132 6 0
-96 -130 2 1
-96 -131 2 1
-96 -132 2 1
-55 -124 6 0
-55 -124 5 0
-98 -130 2 1
-59 -117 2 1
-53 -121 3 1
-54 -121 5 1
-54 -121 4 1
-98 -131 2 1
-54 -122 3 1
-98 -132 2 2
-53 -123 3 1
-74 -102 2 1
-74 -101 1 5
-74 -101 2 1
-91 -144 5 0
-92 -145 6 0
-92 -144 6 0
-92 -145 5 0
-92 -144 5 0
-61 -135 0 1
-61 -136 2 1
-99 -111 5 0
-99 -111 4 0
-100 -111 6 0
-100 -111 4 0
-100 -113 4 0
-100 -113 3 0
-91 -105 3 2
-92 -106 2 1
-91 -104 3 1
-91 -104 4 1
-90 -104 2 1
-51 -121 1 0
-91 -107 3 1
-92 -108 2 1
-92 -108 3 1
-92 -107 2 1
-92 -107 3 1
-92 -106 3 1
-92 -106 4 1
-91 -107 2 1
-91 -106 2 2
-91 -106 3 1
-90 -111 2 1
-90 -110 2 1
-88 -108 3 1
-89 -107 6 0
-89 -107 1 1
-62 -113 1 0
-62 -113 3 0
-62 -113 2 0
-64 -113 1 0
-65 -114 3 1
-65 -113 4 1
-94 -138 7 0
-64 -111 1 0
-64 -111 3 0
-60 -108 4 1
-60 -108 3 1
-60 -108 2 1
-79 -101 4 5
-80 -102 3 1
-100 -127 5 0
-99 -129 5 0
-79 -102 3 1
-98 -126 1 1
-98 -125 1 1
-97 -126 1 1
-97 -125 1 1
-97 -124 1 1
-83 -102 3 1
-58 -150 -1 1
-59 -150 1 1
-90 -142 4 1
-89 -143 3 1
-89 -143 4 1
-89 -143 5 1
-89 -142 3 1
-89 -142 4 1
-89 -136 7 0
-90 -137 8 0
-89 -136 8 0
-91 -137 7 0
-91 -136 7 0
-91 -137 8 0
-91 -136 8 0
-92 -138 8 0
-91 -138 9 0
-91 -138 6 0
-91 -138 5 0
-65 -114 4 1
-92 -134 7 1
-92 -134 6 1
-53 -114 4 1
-100 -119 1 1
-55 -147 1 0
-53 -148 4 1
-66 -112 7 0
-59 -116 2 0
-59 -115 2 0
-65 -121 4 0
-58 -110 0 1
-95 -137 9 1
-65 -122 6 0
-68 -129 1 1
-55 -150 2 1
-58 -110 3 1
-51 -147 2 1
-65 -120 3 0
-65 -120 7 0
-76 -105 4 1
-76 -104 4 1
-63 -113 1 0
-63 -113 3 0
-65 -109 3 1
-71 -102 0 1
-71 -102 1 6
-71 -102 2 1
-53 -114 2 2
-72 -104 3 1
-72 -105 3 2
-70 -101 0 4
-73 -106 3 1
-74 -106 3 2
-73 -105 4 1
-89 -112 5 1
-96 -138 6 1
-96 -137 6 0
-96 -138 7 1
-96 -137 7 0
-61 -109 3 3
-61 -110 3 1
-61 -111 3 1
-69 -124 5 1
-69 -124 6 1
-69 -123 4 1
-69 -123 5 1
-69 -123 6 1
-68 -124 4 2
-63 -109 -1 1
-63 -110 -1 1
-63 -111 -1 1
-64 -111 -1 1
-65 -111 -1 1
-64 -141 -1 1
-65 -141 -1 1
-66 -141 -1 1
-97 -132 7 0
-92 -136 4 1
-97 -134 7 0
-92 -134 4 1
-91 -136 4 1
-94 -137 5 2
-94 -137 6 1
-94 -136 4 1
-55 -147 3 2
-65 -108 1 4
-65 -108 2 6
-65 -106 4 1
-77 -112 9 0
-76 -114 7 0
-65 -106 0 1
-66 -105 1 1
-66 -105 2 1
-66 -105 3 1
-66 -105 0 1
-64 -136 0 1
-65 -136 0 1
-59 -120 4 0
-59 -120 8 0
-59 -121 6 0
-58 -124 4 1
-58 -125 4 1
-58 -123 8 1
-58 -123 7 1
-58 -124 8 1
-58 -125 8 1
-59 -123 8 1
-59 -123 7 4
-59 -124 8 1
-59 -124 7 1
-59 -125 8 1
-59 -125 7 1
-92 -133 7 1
-92 -133 6 1
-89 -112 4 1
-89 -112 3 1
-90 -112 3 1
-57 -146 1 0
-57 -145 2 0
-62 -111 -1 1
-62 -110 -1 1
-62 -109 -1 1
-60 -123 4 1
-95 -145 3 1
-91 -142 5 0
-91 -142 6 0
-100 -131 6 1
-100 -130 7 0
-100 -131 5 1
-67 -104 1 1
-61 -114 6 0
-66 -123 1 1
-66 -124 1 1
-66 -125 1 1
-65 -124 2 1
-64 -122 4 0
-95 -126 6 1
-89 -108 4 1
-89 -108 3 1
-89 -108 2 1
-89 -109 4 1
-89 -109 3 1
-89 -109 2 1
-90 -108 4 3
-90 -108 3 3
-90 -108 2 1
-90 -109 2 1
-91 -108 2 1
-90 -109 3 1
-91 -110 5 1
-91 -110 4 1
-88 -110 4 1
-65 -142 1 1
-97 -135 6 0
-74 -104 7 0
-90 -149 4 0
-90 -147 1 1
-64 -108 -1 1
-68 -123 4 1
-88 -112 4 1
-88 -112 3 1
-88 -112 2 1
-89 -110 2 1
-89 -111 2 1
-100 -124 0 1
-100 -123 0 1
-100 -122 0 1
-97 -122 4 0
-100 -122 6 0
-100 -123 5 0
-100 -124 5 0
-99 -124 5 0
-100 -124 6 0
-100 -124 4 0
-99 -125 5 0
-89 -112 2 1
-99 -125 6 0
-99 -125 4 0
-98 -124 5 0
-97 -124 5 0
-98 -124 6 0
-97 -124 4 0
-99 -123 7 0
-99 -123 2 1
-100 -124 1 1
-100 -123 1 1
-99 -124 1 1
-99 -123 1 1
-98 -124 1 1
-98 -123 1 1
-89 -111 3 1
-93 -111 5 0
-93 -110 4 0
-93 -111 4 0
-92 -111 5 0
-92 -111 4 0
-91 -112 5 0
-92 -112 5 0
-91 -112 4 0
-92 -112 4 0
-94 -113 3 0
-93 -114 4 0
-73 -105 8 0
-72 -106 5 1
-72 -106 7 0
-72 -106 6 0
-73 -107 5 0
-73 -106 5 1
-73 -107 7 0
-56 -149 1 0
-73 -106 6 0
-75 -106 5 0
-92 -129 6 0
-92 -129 7 0
-92 -129 5 0
-93 -128 6 0
-92 -128 6 0
-93 -128 7 0
-93 -128 5 0
-94 -128 6 0
-94 -127 7 0
-95 -128 7 0
-95 -129 6 0
-96 -129 7 0
-94 -131 5 0