DAV_OBMAP v3 cell_size=10
-113 264 3 0
-113 264 4 0
-115 266 5 0
-115 266 0 1
-116 265 -1 1
-116 266 -1 1
-116 267 -1 1
-104 257 6 0
-105 256 7 0
-105 257 7 0
-106 256 7 0
-106 257 7 0
-106 257 8 0
-106 256 6 0
-106 257 6 0
-107 256 7 0
-107 256 8 0
-107 256 6 0
-107 255 7 0
-108 255 7 0
-129 299 5 0
-107 255 6 0
-108 255 6 0
-106 254 7 0
-107 253 7 0
-107 253 8 0
-106 254 6 0
-107 253 6 0
-106 253 7 0
-106 253 8 0
-106 253 6 0
-104 253 8 0
-104 253 6 0
-106 255 9 0
-106 255 5 0
-107 254 7 0
-106 254 8 0
-107 254 6 0
-109 255 7 0
-109 255 8 0
-109 255 6 0
-108 254 7 0
-109 254 7 0
-109 254 8 0
-108 254 6 0
-109 254 6 0
-108 253 7 0
-109 253 7 0
-109 253 8 0
-108 253 6 0
-109 253 6 0
-107 252 7 0
-107 252 8 0
-107 252 6 0
-107 254 8 0
-140 270 5 0
-141 270 6 0
-140 270 4 0
-142 271 7 0
-142 271 4 0
-142 271 3 0
-110 254 6 0
-110 255 6 0
-110 253 7 0
-111 253 7 0
-111 253 8 0
-110 253 6 0
-111 253 6 0
-111 252 7 0
-110 252 8 0
-110 252 6 0
-109 252 7 0
-109 251 7 0
-109 252 8 0
-139 271 5 0
-139 271 6 0
-140 272 5 0
-139 272 5 0
-140 272 6 0
-139 272 6 0
-141 273 5 0
-141 273 6 0
-141 270 5 0
-141 269 5 0
-141 269 6 0
-139 270 5 0
-140 270 6 0
-139 270 6 0
-103 284 7 0
-104 281 6 0
-101 281 6 0
-101 281 7 0
-102 283 8 0
-102 283 5 0
-102 283 4 0
-111 255 6 0
-112 253 7 0
-130 254 4 0
-131 255 4 0
-132 256 5 0
-134 256 5 0
-101 285 6 0
-101 285 7 0
-102 286 6 0
-103 284 6 0
-103 285 6 0
-103 285 7 0
-104 284 7 0
-102 284 8 0
-102 284 5 0
-102 284 4 0
-132 253 5 0
-132 252 5 0
-132 252 4 0
-132 254 6 0
-132 254 7 0
-132 254 4 0
-132 254 3 0
-134 269 5 0
-133 269 5 0
-105 274 5 0
-105 275 5 0
-105 274 4 0
-134 270 6 0
-134 271 6 0
-137 268 5 0
-135 267 5 0
-107 273 5 0
-134 268 5 0
-134 268 6 0
-135 269 7 0
-135 269 4 0
-104 275 1 1
-105 275 1 1
-122 264 5 0
-105 274 2 1
-105 274 7 0
-127 299 4 1
-126 299 2 1
-101 254 7 0
-121 266 6 0
-114 287 6 1
-112 286 4 1
-111 287 4 1
-111 285 4 0
-121 263 6 0
-123 264 7 0
-123 264 4 0
-123 264 3 0
-108 269 4 0
-108 269 5 0
-106 269 4 0
-108 271 2 1
-109 270 1 1
-109 271 1 1
-109 272 1 1
-110 284 5 0
-110 285 5 0
-110 285 6 0
-110 285 4 0
-113 283 4 1
-113 283 6 1
-113 283 5 1
-114 285 4 1
-113 286 4 1
-112 287 4 1
-111 287 7 1
-111 287 6 1
-111 287 5 1
-112 287 7 1
-112 287 6 1
-113 287 7 1
-123 298 3 1
-123 298 2 1
-125 297 4 0
-103 272 5 1
-103 273 5 0
-103 273 6 0
-103 273 4 0
-104 273 5 0
-104 273 6 0
-104 273 4 0
-105 271 5 0
-106 271 5 0
-106 271 6 0
-105 271 4 0
-106 271 4 0
-105 270 4 0
-104 270 4 0
-126 299 3 1
-108 284 5 0
-108 284 6 0
-104 250 7 0
-104 251 7 0
-101 251 4 0
-101 251 8 0
-101 250 7 0
-102 250 7 0
-103 251 7 0
-102 253 7 0
-102 252 7 0
-101 251 7 0
-101 259 8 0
-101 259 7 0
-102 258 8 0
-102 258 7 0
-101 263 7 0
-101 262 7 0
-102 259 8 0
-102 259 7 0
-122 259 2 0
-101 260 7 0
-129 299 3 0
-109 284 1 1
-110 284 1 1
-111 284 1 1
-125 260 4 0
-125 260 5 0
-125 258 4 0
-125 258 5 0
-125 257 4 0
-125 257 5 0
-123 257 4 0
-123 256 4 0
-123 257 5 0
-123 258 6 0
-123 258 2 0
-109 269 3 0
-108 269 3 0
-109 270 3 0
-111 270 4 0
-111 270 5 0
-111 270 3 0
-112 269 4 0
-112 269 5 0
-112 269 3 0
-111 267 4 0
-110 268 4 0
-111 267 5 0
-111 268 3 0
-111 267 3 0
-110 267 4 0
-110 267 5 0
-110 267 3 0
-108 267 4 0
-109 267 5 0
-109 267 3 0
-110 269 6 0
-110 269 2 0
-126 257 5 0
-126 256 4 0
-125 256 5 0
-125 256 4 0
-124 257 5 0
-123 256 5 0
-106 275 6 0
-106 275 4 0
-125 258 7 0
-125 258 3 0
-103 268 9 0
-101 276 7 0
-103 276 8 0
-103 276 9 0
-103 276 5 0
-105 278 7 0
-104 278 8 0
-102 277 8 0
-102 276 8 0
-124 257 6 0
-124 258 6 0
-126 259 6 0
-127 259 5 0
-127 258 6 0
-127 258 4 0
-127 257 5 0
-101 270 7 1
-128 257 6 0
-127 257 4 0
-128 257 4 0
-127 256 5 0
-127 256 6 0
-127 256 4 0
-126 255 5 0
-126 255 6 0
-126 255 4 0
-124 256 5 0
-124 256 6 0
-111 258 6 0
-111 259 6 0
-111 258 5 0
-112 259 5 0
-111 262 6 0
-110 261 6 0
-110 261 5 0
-109 260 6 0
-110 260 6 0
-109 260 5 0
-110 260 5 0
-101 253 9 0
-101 253 8 0
-102 253 8 0
-103 256 4 0
-103 256 5 0
-103 256 8 0
-103 254 7 0
-103 254 6 0
-104 257 4 0
-103 255 5 0
-104 276 3 1
-104 278 3 1
-103 278 3 1
-102 278 3 1
-125 256 6 0
-126 258 6 0
-128 258 5 0
-128 258 6 0
-101 278 7 0
-101 278 6 0
-103 278 8 0
-103 278 9 0
-103 278 4 2
-104 279 3 1
-129 256 4 0
-103 279 3 1
-102 279 3 1
-101 279 10 0
-127 255 5 0
-127 254 5 0
-127 255 6 0
-127 255 4 0
-127 256 7 0
-127 256 3 0
-116 261 6 0
-116 260 5 0
-116 264 6 0
-115 263 6 0
-116 263 6 0
-115 263 5 0
-116 263 5 0
-115 262 6 0
-114 262 5 0
-115 262 5 0
-116 265 4 0
-117 265 4 0
-129 257 4 0
-130 257 4 0
-130 256 5 0
-130 256 6 0
-130 256 4 0
-129 255 5 0
-130 254 5 0
-130 255 6 0
-129 255 4 0
-130 255 4 0
-128 254 5 0
-128 254 6 0
-116 264 5 0
-117 263 5 0
-116 262 6 0
-117 262 6 0
-116 262 5 0
-117 262 5 0
-120 263 3 0
-120 263 4 0
-120 263 7 0
-118 262 6 0
-119 262 6 0
-118 262 5 0
-119 262 5 0
-120 261 6 0
-120 261 5 0
-118 264 6 0
-118 264 5 0
-118 263 6 0
-119 263 6 0
-118 263 5 0
-119 263 5 0
-121 264 3 0
-121 264 4 0
-121 264 7 0
-120 262 6 0
-120 263 6 0
-120 262 5 0
-120 263 5 0
-121 262 6 0
-121 262 5 0
-122 262 5 0
-122 262 6 0
-122 263 6 0
-122 263 5 0
-132 255 6 0
-132 255 4 0
-131 254 5 0
-130 255 5 0
-131 254 6 0
-131 254 4 0
-130 253 5 0
-130 253 6 0
-130 253 4 0
-129 254 6 0
-130 255 7 0
-130 255 3 0
-121 265 6 0
-121 265 5 0
-120 265 6 0
-120 265 5 0
-119 264 6 0
-120 264 6 0
-119 264 5 0
-120 264 5 0
-125 264 5 0
-123 269 5 1
-124 268 5 1
-124 266 6 0
-123 266 5 0
-150 250 5 0
-150 250 4 0
-148 250 5 0
-150 251 3 0
-150 251 5 0
-150 251 4 0
-148 251 -1 1
-148 250 -1 1
-147 250 0 1
-147 250 6 0
-147 250 5 0
-149 250 3 0
-149 250 5 0
-111 284 4 0
-101 262 3 1
-102 299 4 0
-101 263 2 1
-148 251 3 0
-148 251 5 0
-148 251 4 0
-148 250 4 0
-147 252 3 0
-147 251 5 0
-147 252 4 0
-146 251 5 0
-147 251 -1 1
-145 250 3 0
-147 250 -1 1
-146 250 0 1
-146 250 5 0
-122 284 9 0
-122 284 8 0
-124 286 9 0
-124 285 10 0
-124 286 10 0
-124 286 8 0
-125 284 9 0
-126 284 9 0
-145 251 -1 1
-125 284 10 0
-126 284 10 0
-126 284 8 0
-125 283 9 0
-124 283 10 0
-125 283 10 0
-124 283 9 0
-125 283 8 0
-124 282 9 0
-124 282 10 0
-101 270 4 1
-122 283 9 0
-102 271 4 1
-103 272 4 1
-101 272 8 1
-101 272 7 1
-101 271 7 4
-101 270 8 2
-102 272 8 1
-102 272 7 1
-102 271 8 5
-103 272 8 1
-138 256 8 0
-139 255 8 0
-138 256 9 0
-138 255 9 0
-137 256 8 0
-137 255 8 0
-137 256 9 0
-137 255 9 0
-136 255 8 0
-136 255 9 0
-137 257 10 0
-137 257 7 0
-137 257 6 0
-147 250 4 0
-148 250 3 0
-147 251 4 0
-147 251 3 0
-146 251 4 0
-146 251 3 0
-144 251 -1 1
-144 250 -1 1
-128 297 6 0
-128 297 3 0
-129 299 4 0
-145 250 -1 1
-146 251 -1 1
-146 250 -1 1
-145 250 0 1
-145 250 5 0
-146 250 4 0
-145 250 4 0
-147 250 3 0
-133 270 5 0
-133 270 6 0
-123 282 9 0
-123 282 10 0
-126 283 9 0
-126 283 10 0
-126 282 9 0
-111 251 6 0
-110 252 7 0
-105 257 6 0
-105 255 7 0
-106 255 7 0
-101 265 2 1
-106 255 8 0
-105 255 6 0
-106 255 6 0
-105 254 7 0
-104 255 7 0
-105 254 8 0
-115 252 6 0
-105 254 6 0
-104 254 7 0
-104 253 7 0
-104 254 8 0
-104 254 6 0
-103 254 8 0
-104 255 8 0
-104 255 9 0
-104 255 5 0
-139 256 8 0
-139 256 9 0
-140 255 8 0
-133 266 5 0
-139 255 9 0
-140 255 9 0
-139 254 8 0
-139 254 9 0
-138 254 8 0
-116 250 8 0
-138 254 9 0
-138 253 9 0
-137 254 8 0
-137 254 9 0
-138 255 10 0
-138 255 7 0
-138 255 6 0
-138 255 8 0
-101 291 6 0
-101 292 5 0
-144 250 1 1
-143 251 2 1
-143 251 5 0
-144 250 4 0
-144 250 3 0
-145 251 4 0
-145 251 3 0
-145 252 4 0
-145 252 3 0
-143 253 3 0
-143 252 1 1
-143 251 1 1
-143 250 1 1
-108 275 6 0
-107 275 4 0
-108 275 4 0
-106 274 6 0
-104 274 6 0
-106 275 7 0
-106 275 2 1
-107 274 1 1
-107 275 1 1
-107 276 1 1
-106 276 1 1
-105 276 1 1
-103 265 6 0
-104 264 7 0
-104 264 8 0
-104 264 6 0
-102 264 8 0
-102 264 9 0
-102 264 6 0
-102 264 5 0
-102 264 7 0
-101 266 6 0
-101 266 7 0
-101 267 6 0
-101 267 7 0
-102 267 6 0
-102 268 6 0
-102 267 7 0
-103 266 6 0
-104 267 6 0
-103 266 7 0
-104 267 7 0
-104 266 6 0
-104 266 7 0
-102 266 5 0
-102 266 4 0
-108 283 6 0
-108 283 4 0
-109 284 5 0
-109 284 4 0
-110 283 5 0
-110 283 6 0
-110 283 4 0
-111 282 5 0
-111 282 6 0
-111 282 4 0
-108 280 4 0
-105 271 1 1
-141 253 9 0
-140 252 8 0
-139 253 9 0
-101 250 9 0
-139 252 8 0
-139 251 8 0
-139 252 9 0
-137 252 8 0
-138 252 9 0
-139 253 10 0
-139 253 7 0
-139 253 6 0
-139 253 8 0
-102 277 4 1
-142 251 5 0
-102 276 4 1
-102 275 3 1
-104 273 1 1
-144 251 3 0
-143 252 4 0
-144 252 3 0
-143 252 3 0
-105 266 6 0
-142 252 3 0
-103 266 8 0
-103 266 4 0
-115 284 6 1
-114 295 8 0
-115 296 9 0
-115 296 5 0
-140 250 1 1
-141 252 1 1
-141 251 1 1
-141 250 1 1
-142 252 1 1
-142 251 1 1
-142 250 1 1
-141 251 2 1
-127 295 4 0
-128 295 4 0
-127 295 5 0
-128 295 5 0
-126 295 6 0
-126 295 3 0
-126 295 2 0
-141 251 5 0
-142 250 4 0
-141 251 4 0
-142 250 3 0
-141 251 3 0
-143 251 4 0
-142 251 4 0
-143 251 3 0
-142 251 3 0
-142 253 4 0
-142 253 3 0
-140 253 1 1
-140 252 1 1
-140 251 1 1
-139 252 2 1
-139 252 5 0
-139 250 4 0
-139 250 3 0
-141 250 4 0
-140 251 4 0
-141 250 3 0
-141 252 4 0
-141 252 3 0
-141 253 4 0
-141 253 3 0
-139 254 3 0
-139 253 1 1
-139 252 1 1
-139 251 1 1
-104 270 6 0
-105 270 6 0
-138 252 2 1
-138 252 5 0
-138 250 4 0
-138 250 3 0
-124 284 11 0
-124 284 7 0
-127 282 9 0
-126 282 10 0
-127 282 10 0
-141 271 5 0
-140 271 5 0
-141 271 6 0
-140 271 6 0
-140 271 4 0
-136 268 5 0
-140 273 5 0
-140 273 4 0
-108 255 8 0
-142 272 6 0
-143 273 4 0
-144 271 6 0
-144 271 4 0
-142 271 6 0
-136 271 5 0
-142 269 5 0
-136 251 1 1
-142 269 6 0
-142 269 4 0
-137 251 1 1
-150 275 4 0
-149 275 4 0
-121 292 5 0
-150 275 5 0
-121 292 4 0
-138 253 1 1
-149 276 4 0
-135 260 10 0
-135 260 7 0
-119 290 2 0
-138 252 1 1
-138 251 1 1
-150 274 4 0
-149 274 4 0
-150 274 5 0
-137 252 2 1
-137 252 5 0
-137 250 3 0
-138 251 4 0
-139 252 4 0
-138 252 4 0
-139 252 3 0
-138 252 3 0
-138 254 4 0
-117 288 5 0
-118 288 5 0
-117 288 4 0
-121 296 3 1
-121 296 2 1
-121 295 2 1
-123 292 4 0
-123 292 5 0
-101 261 5 0
-137 254 1 1
-114 286 7 1
-117 288 6 0
-117 288 3 0
-135 299 4 0
-137 253 1 1
-116 291 4 0
-137 252 1 1
-136 253 2 1
-136 253 5 0
-136 251 4 0
-136 251 3 0
-137 251 3 0
-137 251 4 0
-137 252 4 0
-138 251 3 0
-114 294 7 0
-116 294 8 0
-116 294 7 0
-118 296 7 0
-137 252 3 0
-118 296 8 0
-117 294 7 0
-118 294 7 0
-117 294 8 0
-118 294 8 0
-105 272 4 0
-114 252 6 0
-102 269 4 1
-114 251 7 0
-102 253 6 0
-103 253 5 0
-101 253 5 0
-128 299 2 1
-127 298 5 0
-127 298 4 0
-107 279 1 1
-106 279 1 1
-113 252 9 0
-113 252 6 0
-113 252 5 0
-113 252 7 0
-150 276 4 0
-138 253 4 0
-150 276 5 0
-138 253 3 0
-137 254 3 0
-137 254 4 0
-106 274 4 0
-106 274 5 0
-135 253 3 0
-131 268 3 0
-134 252 1 1
-102 280 8 0
-102 280 9 0
-102 280 5 0
-135 252 1 1
-136 254 1 1
-136 253 1 1
-136 252 1 1
-135 253 2 1
-135 253 6 0
-135 253 5 0
-134 252 3 0
-135 251 3 0
-135 252 3 0
-135 251 5 0
-135 251 4 0
-136 252 3 0
-136 252 5 0
-113 251 8 0
-115 253 7 0
-115 253 8 0
-115 253 6 0
-116 253 7 0
-136 252 4 0
-116 253 8 0
-116 253 6 0
-116 251 7 0
-117 251 7 0
-137 253 3 0
-116 251 8 0
-116 251 6 0
-117 251 6 0
-115 251 7 0
-142 272 5 0
-143 272 6 0
-142 272 4 0
-143 274 5 0
-143 273 6 0
-143 274 4 0
-144 274 6 0
-144 274 4 0
-115 251 8 0
-115 251 9 0
-115 251 5 0
-136 253 3 0
-137 253 5 0
-137 253 4 0
-136 253 4 0
-101 265 9 0
-136 254 3 0
-136 254 5 0
-136 255 4 0
-135 255 3 0
-102 271 6 7
-104 271 5 0
-104 272 5 0
-104 272 6 0
-145 271 5 0
-144 270 5 0
-144 270 6 0
-144 270 4 0
-143 271 5 0
-144 272 5 0
-143 271 6 0
-143 271 4 0
-144 272 6 0
-144 272 7 0
-144 272 4 0
-144 272 3 0
-141 272 5 0
-141 272 6 0
-141 272 4 0
-142 273 5 0
-142 273 4 0
-143 273 5 0
-143 270 5 0
-143 270 6 0
-143 270 4 0
-142 271 5 0
-142 270 5 0
-142 270 6 0
-142 270 4 0
-107 274 6 0
-107 274 4 0
-106 273 6 0
-105 272 6 0
-105 274 6 0
-108 282 4 0
-108 282 6 0
-108 282 5 0
-135 254 3 0
-107 281 6 0
-104 271 2 1
-104 271 6 0
-103 270 4 0
-103 271 4 0
-104 269 4 0
-101 254 5 0
-123 290 4 0
-123 290 5 0
-123 293 2 0
-110 283 1 1
-109 282 2 2
-109 282 7 0
-109 282 6 0
-104 269 1 1
-109 280 4 0
-109 280 6 0
-109 281 5 0
-108 281 4 0
-108 281 6 0
-108 281 5 0
-108 280 5 0
-106 280 4 0
-134 254 3 0
-106 281 5 0
-105 278 1 1
-105 277 1 1
-102 267 3 1
-102 268 3 1
-133 253 3 0
-115 284 5 1
-115 284 4 1
-115 285 5 2
-114 286 6 2
-115 287 6 1
-101 261 7 0
-134 253 3 0
-102 262 8 0
-102 262 7 0
-114 287 4 1
-114 286 4 0
-103 250 3 0
-101 268 5 0
-102 269 6 0
-102 269 7 0
-102 269 5 0
-103 270 6 0
-103 270 7 0
-133 255 1 1
-104 269 6 0
-104 269 7 0
-101 284 8 0
-101 284 9 0
-101 284 5 0
-129 265 7 1
-130 264 6 1
-130 264 8 1
-130 265 7 1
-101 288 7 0
-101 289 7 0
-105 258 5 0
-136 260 9 0
-101 292 7 0
-135 252 5 0
-135 252 4 0
-135 254 5 0
-115 266 4 0
-115 265 3 0
-104 269 5 0
-135 255 4 0
-102 266 9 0
-134 256 4 0
-134 253 4 0
-133 253 4 0
-134 253 5 0
-134 254 4 0
-133 254 4 0
-134 254 5 0
-133 254 5 0
-134 255 4 0
-134 255 5 0
-130 256 1 1
-130 255 1 1
-130 254 1 1
-131 256 1 1
-131 255 1 1
-115 261 3 0
-131 254 1 1
-132 256 1 1
-132 255 1 1
-132 254 1 1
-131 255 2 1
-131 255 7 0
-131 255 6 0
-131 253 4 0
-131 253 6 0
-131 253 5 0
-132 253 4 0
-132 253 6 0
-133 253 5 0
-132 254 5 0
-133 255 4 0
-133 255 6 0
-133 255 5 0
-101 266 8 0
-101 266 9 0
-101 266 5 0
-132 256 4 0
-132 256 6 0
-133 256 5 0
-131 256 6 0
-129 255 6 0
-132 255 5 0
-131 255 5 0
-131 257 4 0
-131 257 6 0
-131 257 5 0
-131 256 5 0
-129 257 6 0
-128 256 3 0
-102 267 8 0
-102 267 9 0
-128 256 7 0
-128 256 6 0
-128 254 4 0
-130 257 6 0
-130 257 5 0
-129 257 5 0
-103 264 6 0
-103 263 7 0
-103 263 8 0
-112 261 5 0
-101 262 6 0
-111 261 5 0
-101 263 5 0
-112 261 6 0
-111 261 6 0
-111 262 5 0
-112 262 6 0
-113 262 5 0
-113 262 6 0
-114 260 5 0
-114 259 5 0
-114 259 6 0
-113 259 5 0
-113 259 6 0
-112 260 5 0
-113 287 6 1
-112 260 6 0
-112 259 6 0
-148 274 4 0
-113 261 4 0
-147 274 4 0
-106 277 1 1
-148 274 5 0
-147 274 5 0
-106 277 2 1
-148 276 4 0
-148 276 5 0
-149 276 5 0
-150 273 5 0
-127 257 6 0
-127 250 8 0
-127 250 6 0
-128 255 4 0
-128 255 6 0
-128 255 5 0
-118 262 3 0
-118 262 4 0
-118 262 7 0
-117 261 5 0
-117 261 6 0
-116 261 5 0
-118 261 6 0
-118 260 5 0
-118 261 5 0
-119 261 6 0
-119 261 5 0
-120 250 6 0
-119 250 6 0
-120 250 8 0
-128 256 4 0
-119 250 7 0
-120 252 6 0
-129 256 6 0
-129 256 5 0
-128 256 5 0
-119 251 6 0
-120 252 8 0
-128 258 4 0
-126 257 3 0
-120 252 7 0
-119 251 7 0
-117 252 8 0
-117 250 8 0
-126 257 4 0
-126 257 7 0
-126 257 6 0
-124 256 4 0
-106 277 6 0
-128 257 5 0
-125 258 6 0
-124 257 4 0
-126 256 5 0
-126 258 4 0
-127 258 5 0
-126 258 5 0
-126 259 4 0
-126 259 5 0
-125 259 4 0
-113 287 5 3
-112 287 5 1
-110 286 5 0
-111 284 3 0
-111 284 7 0
-125 259 5 0
-122 259 6 0
-122 257 5 0
-105 258 7 0
-104 258 7 0
-103 258 5 0
-103 258 6 0
-102 257 5 0
-122 257 4 0
-124 258 5 0
-124 258 4 0
-124 259 5 0
-123 259 5 0
-124 259 4 0
-123 259 4 0
-124 260 5 0
-121 259 5 0
-113 268 3 0
-112 267 4 0
-112 267 5 0
-112 267 3 0
-111 266 4 0
-111 266 5 0
-111 266 3 0
-106 258 5 0
-106 258 3 0
-106 258 4 0
-107 259 7 0
-106 257 5 0
-107 257 6 0
-107 257 5 0
-109 257 5 0
-110 259 6 0
-111 268 5 0
-123 259 0 1
-122 260 1 1
-122 260 6 0
-122 260 5 0
-120 258 3 0
-120 258 5 0
-120 258 4 0
-122 258 3 0
-122 258 5 0
-122 258 4 0
-123 258 3 0
-123 258 5 0
-123 258 4 0
-124 260 3 0
-111 268 0 2
-112 267 -1 1
-112 268 -1 1
-112 269 -1 1
-111 267 -1 1
-121 260 2 0
-121 260 6 0
-121 260 5 0
-120 259 5 0
-121 258 3 0
-121 259 3 0
-121 258 5 0
-121 258 4 0
-121 259 4 0
-122 259 5 0
-113 261 6 0
-114 261 6 0
-113 261 5 0
-114 261 5 0
-116 260 6 0
-112 266 4 0
-112 265 4 0
-112 266 3 0
-112 267 0 1
-113 266 -1 1
-122 261 5 0
-121 262 4 0
-119 260 5 0
-111 266 -1 1
-114 268 4 0
-114 268 3 0
-115 267 4 0
-115 267 3 0
-122 261 4 0
-114 266 4 0
-122 262 3 0
-119 260 -1 1
-120 260 -1 1
-116 262 4 0
-123 262 5 0
-105 257 8 0
-109 253 9 0
-108 252 6 0
-130 298 6 0
-104 255 6 0
-110 251 8 0
-120 260 3 0
-121 260 4 0
-110 251 7 0
-111 252 6 0
-116 267 3 0
-116 267 4 0
-117 266 3 1
-116 266 4 0
-101 269 6 1
-127 279 8 0
-105 265 6 0
-102 260 2 1
-102 261 2 1
-106 279 4 0
-106 278 6 0
-106 279 5 0
-106 278 5 0
-105 278 4 0
-105 278 6 0
-105 278 5 0
-105 277 6 0
-105 277 5 0
-105 269 4 0
-106 270 4 0
-106 270 6 0
-102 268 7 0
-108 252 7 0
-104 265 7 0
-102 265 4 0
-102 265 5 0
-106 280 5 0
-109 281 4 0
-109 280 5 0
-110 280 5 0
-110 280 6 0
-110 280 4 0
-107 279 6 0
-107 279 4 0
-108 280 6 0
-108 280 7 0
-108 280 2 1
-109 281 1 1
-121 292 3 0
-121 292 2 0
-104 274 4 0
-103 274 6 0
-104 274 5 0
-104 274 1 1
-115 287 5 1
-115 287 4 1
-115 286 6 1
-115 286 5 2
-115 286 4 1
-115 285 6 1
-114 287 5 2
-114 286 5 1000
-113 287 4 1
-112 288 6 1
-112 288 5 1
-112 288 4 1
-113 288 6 1
-113 288 5 1
-113 288 4 1
-114 288 6 1
-114 288 5 1
-114 288 4 1
-111 283 6 0
-101 256 8 0
-101 255 8 0
-101 255 9 0
-101 255 7 0
-124 293 2 0
-124 293 3 0
-124 293 6 0
-102 265 8 0
-101 265 4 0
-142 251 9 0
-120 261 4 0
-120 261 3 0
-142 251 8 0
-141 252 7 0
-133 271 8 0
-129 274 9 0
-133 271 9 0
-132 270 8 0
-132 269 8 0
-132 270 9 0
-132 269 9 0
-131 270 8 0
-131 269 8 0
-131 270 9 0
-131 269 9 0
-129 269 8 0
-130 270 9 0
-130 269 9 0
-130 269 8 0
-131 271 10 0
-131 271 7 0
-131 271 6 0
-131 271 8 0
-101 283 8 0
-101 283 5 0
-102 275 6 0
-118 262 -1 1
-104 276 7 0
-101 297 8 0
-136 272 5 0
-105 276 4 0
-118 261 4 0
-118 261 3 0
-106 275 5 0
-102 299 7 0
-105 299 5 0
-103 299 7 0
-101 286 8 0
-101 272 5 1
-117 265 2 1
-118 266 4 1
-118 266 3 1
-119 290 9 0
-101 281 8 0
-101 281 9 0
-131 265 8 0
-125 268 4 1
-125 268 5 1
-125 268 6 1
-125 266 7 1
-125 267 7 1
-125 268 7 1
-125 266 4 1
-128 269 6 1
-101 279 8 0
-101 278 8 0
-127 266 6 0
-127 266 7 0
-107 271 4 0
-133 270 8 0
-133 270 9 0
-133 269 8 0
-134 269 8 0
-106 272 4 0
-133 269 9 0
-132 268 8 0
-133 267 8 0
-132 268 9 0
-133 268 9 0
-132 267 8 0
-132 267 9 0
-131 268 8 0
-130 267 8 0
-131 268 9 0
-130 268 9 0
-132 269 10 0
-132 269 7 0
-117 264 -1 1
-107 273 4 0
-118 265 -1 1
-108 272 5 0
-118 263 -1 1
-109 272 5 0
-108 272 6 0
-108 272 4 0
-109 272 4 0
-108 270 5 0
-108 271 6 0
-108 271 4 0
-118 263 3 0
-117 263 3 0
-118 264 4 0
-119 264 3 0
-118 264 3 0
-118 265 4 0
-118 265 3 1
-114 264 -1 1
-115 264 -1 1
-116 264 -1 1
-115 265 0 1
-131 267 8 0
-131 267 9 0
-133 268 8 0
-134 268 9 0
-134 267 8 0
-133 267 9 0
-134 267 9 0
-133 266 8 0
-134 266 8 0
-134 266 9 0
-132 266 8 0
-132 265 8 0
-132 266 9 0
-132 265 9 0
-131 266 8 0
-131 266 9 0
-132 267 10 0
-132 267 7 0
-107 272 2 1
-108 271 1 1
-108 272 1 1
-102 258 6 0
-108 273 1 1
-102 257 7 0
-102 257 8 0
-102 257 6 0
-102 255 7 0
-101 256 6 0
-102 255 6 0
-107 271 1 1
-106 271 1 1
-101 256 3 1
-101 257 3 1
-101 258 3 1
-121 263 5 0
-105 273 5 0
-123 293 4 0
-123 293 5 0
-105 273 2 1
-121 266 5 0
-114 262 2 1
-113 263 3 1
-114 264 4 0
-115 263 4 0
-115 263 3 0
-103 274 5 0
-103 269 3 1
-103 268 3 1
-103 267 3 1
-104 269 3 1
-104 268 3 1
-104 267 3 1
-103 268 4 3
-103 268 8 0
-102 267 5 0
-103 266 5 0
-104 267 5 0
-105 268 5 0
-105 268 7 0
-105 268 6 0
-101 273 6 0
-102 270 9 1
-103 273 8 0
-103 273 9 0
-117 264 4 0
-132 266 5 0
-132 266 6 0
-130 267 5 0
-130 267 6 0
-132 268 7 0
-132 268 4 0
-132 268 3 0
-117 264 3 0
-112 283 4 1
-112 282 5 0
-109 282 4 0
-131 265 9 0
-133 266 9 0
-134 265 8 0
-135 265 8 0
-117 265 3 1
-134 265 9 0
-135 265 9 0
-134 264 8 0
-134 264 9 0
-133 264 8 0
-133 263 8 0
-133 264 9 0
-132 264 8 0
-132 264 9 0
-133 265 9 0
-133 265 10 0
-133 265 7 0
-133 265 6 0
-133 265 8 0
-116 265 3 0
-117 266 4 1
-103 270 5 1
-102 262 6 0
-135 268 6 0
-116 264 3 0
-121 263 3 0
-121 263 4 0
-121 261 3 0
-122 261 3 0
-111 251 8 0
-121 261 4 0
-121 260 3 0
-101 293 6 0
-101 293 7 0
-120 259 3 0
-120 260 4 0
-118 260 3 0
-118 260 4 0
-120 261 0 2
-121 260 -1 1
-121 261 -1 1
-121 262 -1 1
-123 265 6 0
-122 265 6 0
-135 255 5 0
-135 254 4 0
-136 254 4 0
-130 297 4 0
-129 298 5 0
-129 297 5 0
-129 298 4 0
-108 281 1 1
-107 281 1 1
-107 282 5 0
-107 282 6 0
-105 275 7 0
-104 274 8 0
-103 274 9 0
-102 260 8 0
-101 260 8 0
-102 260 7 0
-113 261 3 0
-114 268 -1 1
-114 267 -1 1
-114 266 -1 1
-113 267 0 1
-113 267 6 0
-113 267 5 0
-107 282 4 0
-113 265 3 0
-113 265 4 0
-114 266 3 0
-101 296 6 0
-101 296 7 0
-101 296 5 0
-101 295 6 0
-101 295 7 0
-101 295 5 0
-122 262 4 0
-101 293 5 0
-122 259 3 0
-122 259 4 0
-120 259 4 0
-119 259 3 0
-119 259 4 0
-112 266 -1 1
-113 268 -1 1
-129 278 9 0
-130 278 9 0
-113 267 -1 1
-129 278 8 0
-130 278 8 0
-128 277 9 0
-129 276 9 0
-128 277 8 0
-129 276 8 0
-128 276 9 0
-128 276 8 0
-126 276 9 0
-126 276 8 0
-128 278 11 0
-128 278 7 0
-122 260 4 0
-123 260 4 0
-112 267 6 0
-123 260 5 0
-122 260 3 0
-123 260 3 0
-103 276 6 0
-103 276 7 0
-102 276 7 0
-102 277 6 0
-102 277 7 0
-104 278 6 0
-104 277 7 0
-105 277 7 0
-106 276 6 0
-105 276 7 0
-104 276 8 0
-104 276 5 0
-104 276 4 0
-114 267 3 0
-113 267 3 0
-114 267 4 0
-110 266 3 0
-110 266 4 0
-113 266 3 0
-113 267 4 0
-113 266 4 0
-113 269 3 0
-113 269 4 0
-110 269 -1 1
-110 268 -1 1
-110 267 -1 1
-111 269 -1 1
-111 268 -1 1
-120 260 5 0
-123 261 4 0
-123 261 5 0
-123 261 3 0
-124 260 4 0
-111 268 6 0
-102 291 6 0
-103 291 5 0
-113 299 6 0
-114 299 6 0
-114 299 7 0
-113 299 5 0
-114 299 5 0
-113 298 6 0
-113 298 7 0
-113 298 5 0
-111 299 6 0
-111 299 7 0
-111 299 5 0
-101 290 2 1
-123 260 0 1
-123 261 0 1
-122 259 0 1
-122 260 0 1
-122 261 0 1
-121 259 0 1
-121 260 0 1
-121 261 0 1
-112 268 3 0
-112 268 5 0
-101 277 6 0
-103 278 6 0
-102 279 6 0
-103 278 7 0
-102 279 7 0
-127 276 8 0
-127 276 9 0
-129 277 8 0
-129 277 9 0
-130 277 8 0
-130 277 9 0
-130 276 8 0
-131 276 8 0
-104 276 2 1
-130 276 9 0
-129 275 8 0
-130 274 8 0
-129 275 9 0
-107 261 5 0
-130 275 8 0
-113 299 7 0
-112 299 7 0
-101 257 7 0
-101 257 8 0
-115 299 6 0
-116 299 6 0
-103 268 6 0
-115 299 7 0
-114 298 6 0
-115 297 6 0
-114 298 7 0
-115 297 7 0
-114 297 6 0
-114 297 7 0
-112 297 6 0
-112 297 7 0
-114 299 8 0
-114 299 4 0
-103 267 5 0
-103 267 4 0
-107 283 5 0
-109 285 5 0
-111 285 5 0
-102 255 4 0
-101 254 9 0
-113 268 4 0
-112 268 4 0
-112 270 3 0
-112 270 4 0
-108 268 0 1
-109 268 0 1
-110 270 0 1
-110 269 0 1
-110 268 0 1
-109 269 1 1
-102 252 8 0
-109 269 6 0
-109 269 5 0
-109 268 3 0
-109 268 5 0
-109 267 4 0
-109 268 4 0
-110 268 3 0
-130 298 4 0
-130 299 4 0
-130 298 5 0
-130 299 5 0
-131 297 4 0
-131 297 5 0
-130 296 4 0
-113 297 7 0
-113 297 8 0
-113 297 6 0
-113 299 8 0
-115 298 7 0
-115 299 8 0
-115 298 6 0
-116 299 7 0
-116 299 8 0
-116 297 7 0
-117 297 7 0
-132 298 3 0
-116 297 8 0
-116 297 6 0
-116 296 7 0
-116 296 8 0
-116 296 6 0
-115 296 7 0
-115 295 7 0
-115 296 8 0
-115 296 6 0
-115 295 6 0
-113 296 7 0
-113 296 8 0
-113 296 6 0
-115 297 8 0
-115 297 9 0
-115 297 5 0
-129 273 8 0
-129 272 8 0
-129 273 9 0
-129 272 9 0
-128 273 8 0
-128 273 9 0
-129 274 10 0
-129 274 7 0
-129 274 6 0
-110 268 5 0
-111 268 4 0
-129 265 5 1
-111 269 5 0
-118 250 8 0
-117 250 6 0
-118 250 6 0
-111 269 4 0
-110 271 3 0
-111 271 4 0
-116 251 9 0
-116 251 5 0
-109 271 3 0
-108 271 3 0
-111 281 6 0
-118 287 4 0
-118 287 5 0
-115 285 7 1
-127 264 8 1
-130 265 4 1
-130 264 5 1
-130 264 4 1
-128 265 8 1
-101 286 7 0
-114 296 7 0
-114 296 8 0
-114 297 8 0
-115 298 8 0
-117 297 8 0
-117 296 7 0
-117 296 8 0
-116 295 7 0
-117 295 7 0
-116 295 8 0
-117 295 8 0
-115 294 7 0
-115 295 8 0
-115 294 8 0
-114 295 7 0
-133 268 7 0
-133 268 4 0
-133 268 3 0
-101 286 6 0
-128 264 8 1
-107 269 3 0
-102 287 6 0
-102 287 7 0
-103 287 6 0
-104 285 6 0
-102 285 8 0
-102 285 5 0
-102 285 4 0
-107 269 5 0
-103 271 5 0
-103 271 6 0
-104 270 5 0
-105 270 5 0
-108 268 3 0
-108 268 5 0
-108 268 4 0
-110 269 3 0
-110 269 5 0
-110 269 4 0
-110 270 3 0
-110 270 5 0
-110 270 4 0
-110 272 3 0
-110 272 4 0
-108 272 3 0
-107 272 3 0
-106 270 3 0
-109 269 4 0
-108 270 4 0
-110 271 5 0
-110 271 4 0
-113 253 8 0
-113 253 7 0
-112 254 6 0
-112 253 6 0
-101 287 6 0
-133 269 6 0
-134 269 6 0
-102 288 6 0
-102 288 7 0
-102 288 5 0
-103 272 6 0
-130 268 5 0
-103 272 7 0
-130 268 6 0
-131 269 5 0
-113 263 5 0
-114 262 6 0
-113 263 6 0
-115 259 5 0
-115 260 6 0
-113 260 5 0
-113 260 6 0
-115 261 7 0
-115 261 4 0
-105 289 4 1
-104 288 4 1
-104 289 4 2
-103 289 4 1
-104 286 6 0
-103 286 5 0
-103 284 5 0
-106 272 1 1
-102 286 8 0
-102 286 3 1
-103 285 2 1
-103 286 2 1
-103 287 2 1
-102 285 2 1
-102 286 2 1
-102 287 2 1
-101 285 2 1
-101 286 2 1
-101 287 2 1
-113 262 2 1
-113 262 3 1
-113 262 4 1
-113 263 2 1
-112 262 2 1
-112 262 3 1
-112 262 4 1
-112 263 2 1
-112 263 3 1
-112 263 4 1
-112 264 2 1
-115 265 5 0
-103 273 7 0
-102 274 6 0
-106 276 4 0
-106 277 4 0
-107 277 5 0
-107 277 6 0
-107 277 4 0
-108 275 5 0
-102 269 3 1
-106 280 6 0
-101 288 6 0
-107 281 4 0
-109 281 6 0
-101 288 5 0
-101 269 4 1
-102 289 6 0
-104 273 8 0
-104 273 3 1
-105 272 2 1
-104 272 2 1
-104 273 2 1
-104 274 2 1
-103 272 2 1
-103 273 2 1
-103 274 2 1
-103 285 5 0
-101 286 5 0
-107 272 7 0
-102 287 8 0
-102 287 3 1
-103 288 2 1
-102 288 2 1
-101 288 2 1
-107 270 4 0
-107 270 6 0
-120 287 9 0
-118 289 5 0
-118 288 4 0
-119 288 4 0
-122 289 9 0
-122 289 10 0
-122 289 8 0
-123 288 10 0
-123 287 9 0
-124 287 9 0
-107 270 5 0
-123 287 10 0
-124 287 8 0
-122 286 9 0
-123 286 9 0
-123 286 10 0
-123 286 8 0
-102 255 8 0
-104 257 7 0
-104 257 8 0
-120 286 9 0
-120 286 10 0
-120 286 8 0
-122 287 11 0
-122 287 7 0
-102 289 2 1
-101 289 2 1
-117 263 4 0
-118 263 4 0
-117 262 3 0
-117 262 4 0
-116 263 3 0
-116 263 4 0
-117 264 0 1
-101 290 5 0
-118 264 -1 1
-101 290 6 0
-117 263 -1 1
-102 291 5 0
-117 265 -1 1
-116 263 -1 1
-111 260 5 0
-111 260 3 0
-111 260 4 0
-111 260 7 0
-111 260 6 0
-107 271 6 0
-110 259 5 0
-107 271 5 0
-108 273 4 0
-108 273 6 0
-102 277 5 1
-105 276 5 0
-122 293 4 0
-132 268 6 0
-133 268 6 0
-132 269 5 0
-105 258 6 0
-105 274 8 0
-106 272 5 0
-106 272 6 0
-105 291 8 1
-134 259 9 0
-134 259 8 0
-135 258 9 0
-104 298 4 0
-104 296 6 0
-102 275 8 0
-104 296 4 0
-101 271 6 3
-101 277 9 0
-101 277 8 0
-102 278 9 0
-102 278 8 0
-103 279 9 0
-101 280 10 0
-101 280 9 0
-101 279 9 0
-119 265 2 1
-119 266 2 1
-119 266 3 1
-119 266 4 1
-118 265 2 1
-118 266 2 1
-102 263 8 0
-101 254 3 1
-101 255 3 1
-117 266 2 1
-119 264 4 0
-119 263 3 0
-119 263 4 0
-119 262 3 0
-119 262 4 0
-103 270 8 0
-103 270 9 1
-118 263 0 1
-119 262 -1 1
-119 263 -1 1
-119 264 -1 1
-103 294 7 0
-117 262 -1 1
-101 294 8 0
-101 294 9 0
-103 297 6 0
-101 295 9 0
-101 295 8 0
-103 295 7 0
-103 283 7 0
-102 286 7 0
-103 286 6 0
-134 252 4 0
-134 252 5 0
-134 254 6 0
-134 254 2 1
-135 253 1 1
-135 254 1 1
-135 255 1 1
-134 253 1 1
-134 254 1 1
-134 255 1 1
-133 253 1 1
-133 254 1 1
-120 264 3 0
-101 283 9 0
-120 262 3 0
-121 262 3 0
-102 282 9 0
-120 262 4 0
-119 261 3 0
-135 269 3 0
-135 269 5 0
-119 260 3 0
-119 261 4 0
-119 260 4 0
-117 261 3 0
-117 261 4 0
-119 262 0 1
-120 261 -1 1
-120 262 -1 1
-120 263 -1 1
-119 261 -1 1
-118 261 -1 1
-104 281 7 0
-132 269 6 0
-132 270 5 0
-132 270 6 0
-134 267 5 0
-134 267 6 0
-133 268 5 0
-132 267 5 0
-105 272 7 0
-130 299 2 0
-134 269 7 0
-134 269 4 0
-134 269 3 0
-130 299 3 0
-130 299 6 0
-103 278 5 0
-103 277 9 0
-101 277 7 0
-103 275 5 0
-101 258 6 0
-103 275 9 0
-103 275 8 0
-101 275 7 0
-125 279 10 0
-126 280 10 0
-126 280 8 0
-127 281 10 0
-127 280 8 0
-127 281 8 0
-128 280 9 0
-128 280 10 0
-128 280 8 0
-128 279 9 0
-129 279 9 0
-103 274 8 0
-129 279 10 0
-128 279 8 0
-129 279 8 0
-128 278 9 0
-128 278 10 0
-128 278 8 0
-127 278 9 0
-127 277 9 0
-127 277 10 0
-127 278 8 0
-127 277 8 0
-126 278 9 0
-125 278 9 0
-126 278 10 0
-126 278 8 0
-127 279 10 0
-127 279 11 0
-127 279 7 0
-101 274 6 0
-101 274 7 0
-101 273 7 0
-103 271 9 0
-103 271 8 0
-102 270 8 1
-120 291 2 0
-103 299 3 0
-102 299 3 0
-104 299 3 0
-101 269 7 1
-103 274 7 0
-102 276 6 0
-103 275 7 0
-103 296 7 0
-104 276 6 0
-101 296 8 0
-103 279 6 0
-103 298 3 0
-103 298 7 0
-105 298 5 0
-104 299 4 0
-104 299 6 0
-104 299 5 0
-135 264 9 0
-102 278 10 0
-101 272 4 1
-117 290 8 0
-103 297 4 0
-102 296 3 0
-102 296 4 0
-101 295 4 0
-103 269 5 0
-102 270 1 1
-103 270 1 1
-103 269 1 1
-103 268 1 1
-104 270 1 1
-102 260 6 0
-104 277 8 0
-101 260 3 1
-101 276 8 0
-102 277 9 0
-104 298 6 0
-104 298 5 0
-103 297 5 0
-102 298 4 0
-130 265 8 1
-102 295 4 0
-109 253 5 0
-109 251 6 0
-109 252 6 0
-110 255 8 0
-117 250 7 0
-118 251 8 0
-118 251 7 0
-104 297 5 0
-103 296 5 0
-117 286 5 0
-117 286 4 0
-102 294 7 0
-111 255 7 0
-107 254 5 0
-107 255 8 0
-134 271 5 0
-138 262 7 1
-138 262 8 1
-138 263 6 1
-138 263 7 1
-138 263 8 1
-137 262 6 1
-102 261 6 0
-137 263 6 1
-101 261 3 2
-137 263 7 1
-137 263 8 1
-136 263 6 1
-137 260 8 0
-101 276 6 0
-105 276 8 0
-104 275 8 0
-135 260 6 0
-105 292 3 1
-134 258 8 0
-136 259 9 0
-138 260 8 0
-106 291 3 1
-138 260 9 0
-137 258 8 0
-109 283 1 1
-108 283 1 1
-101 251 6 0
-101 252 5 0
-101 252 6 0
-102 252 5 0
-102 253 5 0
-102 252 6 0
-104 252 5 0
-104 252 6 0
-102 251 7 0
-102 251 4 0
-102 251 3 0
-138 258 8 0
-123 294 5 0
-124 294 4 0
-124 294 5 0
-105 292 8 1
-124 293 4 0
-125 293 4 0
-124 293 5 0
-124 291 4 0
-124 291 5 0
-123 291 4 0
-123 291 5 0
-123 293 6 0
-123 293 3 0
-106 274 7 0
-106 293 8 1
-106 293 7 1
-106 292 8 1
-106 292 7 1
-137 258 9 0
-138 258 9 0
-138 257 8 0
-138 257 9 0
-105 272 1 1
-136 257 8 0
-136 256 8 0
-136 258 9 0
-136 257 9 0
-136 258 8 0
-135 257 8 0
-135 257 9 0
-104 277 6 0
-104 277 4 0
-106 276 5 0
-136 258 10 0
-122 295 4 1
-136 258 7 0
-122 296 3 1
-122 296 4 1
-122 296 5 1
-121 295 4 1
-121 295 5 1
-121 296 5 1
-122 295 5 0
-122 295 3 1
-123 296 2 1
-115 261 6 0
-115 261 5 0
-124 295 4 0
-124 295 5 0
-125 295 4 0
-125 295 5 0
-126 293 4 0
-125 293 5 0
-125 292 4 0
-125 292 5 0
-124 292 4 0
-124 292 5 0
-136 258 6 0
-137 257 9 0
-137 257 8 0
-139 258 8 0
-139 257 8 0
-139 257 9 0
-138 253 8 0
-138 253 7 0
-108 273 5 0
-107 273 6 0
-107 272 5 0
-107 272 6 0
-106 273 2 2
-107 272 1 1
-107 273 1 1
-132 268 5 0
-131 268 5 0
-131 268 6 0
-131 270 5 0
-131 270 6 0
-103 292 6 0
-103 293 5 0
-102 293 6 0
-102 293 5 0
-101 292 6 0
-101 291 2 1
-102 291 2 1
-103 291 2 1
-102 290 3 1
-102 290 7 0
-103 287 4 1
-103 291 6 0
-103 292 5 0
-102 292 6 0
-102 292 5 0
-144 251 1 1
-144 252 1 1
-101 291 5 0
-102 290 2 1
-103 290 2 1
-102 289 3 1
-104 290 6 1
-104 290 5 1
-104 290 4 1
-105 290 6 1
-105 290 5 1
-105 290 4 1
-103 290 5 0
-103 290 6 0
-103 289 2 1
-102 288 3 1
-102 288 8 0
-102 287 5 0
-104 287 4 1
-105 287 7 1
-134 299 4 0
-134 299 3 0
-105 269 1 1
-105 269 5 0
-105 269 6 0
-104 268 5 0
-103 268 5 0
-131 299 6 0
-133 298 3 0
-132 298 5 0
-133 298 4 0
-133 299 3 0
-133 299 5 0
-133 299 4 0
-114 286 3 0
-116 286 6 1
-116 285 6 1
-116 285 5 1
-116 285 4 1
-116 284 6 1
-116 284 5 1
-116 284 4 1
-116 286 4 0
-105 287 6 1
-105 287 5 1
-103 289 5 0
-103 289 6 0
-102 290 5 0
-102 290 6 0
-101 289 5 0
-101 289 6 0
-102 286 5 0
-104 287 5 1
-103 287 5 0
-104 287 6 1
-103 288 5 0
-103 288 7 0
-103 288 6 0
-102 289 5 0
-102 289 7 0
-101 287 5 0
-105 288 4 1
-105 287 4 1
-104 288 5 4
-103 287 7 0
-104 289 7 1
-104 289 6 1
-104 289 5 4
-105 289 7 1
-105 289 6 1
-105 289 5 1
-105 288 7 1
-105 288 6 1
-105 288 5 1
-104 288 6 2
-103 286 7 0
-103 293 7 0
-101 293 8 0
-101 293 9 0
-104 284 6 0
-103 283 6 0
-102 285 7 0
-102 285 6 0
-101 284 7 0
-101 284 6 0
-123 284 10 0
-123 284 8 0
-121 284 9 0
-122 284 10 0
-121 284 8 0
-123 285 10 0
-123 285 11 0
-123 285 8 0
-123 285 7 0
-124 282 8 0
-123 283 10 0
-101 283 6 0
-122 283 8 0
-103 280 4 0
-103 280 5 0
-103 280 8 0
-105 280 6 0
-107 254 9 0
-104 282 6 0
-103 282 7 0
-135 270 6 0
-101 282 7 0
-102 281 7 0
-101 282 6 0
-102 281 6 0
-148 275 4 0
-141 271 7 0
-118 250 7 0
-103 279 4 0
-103 279 5 0
-103 279 8 0
-102 278 7 0
-102 271 7 8
-102 278 6 0
-104 279 6 0
-118 250 9 0
-118 250 5 0
-104 280 7 0
-104 279 7 0
-104 280 6 0
-103 281 7 0
-103 280 7 0
-103 281 6 0
-103 280 6 0
-102 280 7 0
-102 280 6 0
-101 279 7 0
-101 279 6 0
-102 278 2 1
-102 277 2 1
-102 276 2 1
-103 278 2 1
-103 277 2 1
-103 276 2 1
-104 278 2 1
-104 277 2 1
-103 277 8 0
-103 277 7 0
-103 277 6 0
-105 279 7 0
-104 278 7 0
-105 279 6 0
-103 279 7 0
-105 299 4 0
-103 299 1 2
-104 298 0 1
-104 299 0 1
-102 275 7 0
-103 298 0 1
-103 299 0 1
-103 275 6 0
-102 298 0 1
-102 299 0 1
-101 270 6 2
-106 273 7 0
-104 275 7 0
-104 274 7 0
-102 274 7 0
-104 271 4 0
-104 271 8 0
-104 273 7 0
-102 273 7 0
-102 273 6 0
-104 270 8 0
-104 270 2 1
-105 271 7 0
-104 272 7 0
-102 270 7 1
-103 269 4 0
-103 269 8 0
-105 270 7 0
-103 271 7 0
-101 270 5 2
-101 272 9 1
-101 271 9 1
-101 270 9 1
-102 272 9 1
-102 271 9 1
-103 272 9 1
-102 280 3 1
-103 279 2 1
-103 280 2 1
-103 281 2 1
-102 279 2 1
-102 280 2 1
-102 281 2 1
-101 279 2 1
-101 280 2 1
-101 281 2 1
-128 264 5 1
-128 264 4 1
-128 265 5 8
-131 266 6 0
-129 269 6 0
-129 269 5 0
-101 265 5 0
-129 267 7 0
-129 267 4 0
-129 267 3 0
-129 267 5 0
-126 267 5 4
-127 267 6 0
-126 267 6 2
-101 266 2 1
-102 266 2 1
-101 265 3 1
-102 265 2 1
-101 264 3 3
-101 264 2 1
-102 264 2 1
-101 263 3 2
-128 272 8 0
-109 259 5 0
-108 259 5 0
-109 259 6 0
-108 259 6 0
-108 261 5 0
-108 261 6 0
-110 258 5 0
-110 257 5 0
-110 258 6 0
-108 258 5 0
-108 258 6 0
-110 259 7 0
-110 259 4 0
-110 259 3 0
-129 271 9 0
-130 272 8 0
-130 272 10 0
-130 272 7 0
-130 272 6 0
-102 263 2 1
-103 262 6 0
-101 262 2 1
-101 261 2 1
-101 260 2 1
-102 262 2 1
-101 260 6 0
-101 259 3 1
-103 250 9 1
-141 250 6 0
-141 250 10 0
-142 250 7 0
-142 250 9 0
-143 250 8 0
-142 250 8 0
-142 251 7 0
-102 281 8 0
-102 281 9 0
-102 281 5 0
-141 251 8 0
-139 251 7 0
-139 251 9 0
-139 250 7 0
-139 250 9 0
-107 259 5 0
-106 259 5 0
-107 259 6 0
-108 260 5 0
-107 260 5 0
-108 260 6 0
-107 260 6 0
-109 258 5 0
-109 258 6 0
-139 250 8 0
-140 252 6 0
-131 267 5 0
-133 267 6 0
-146 252 3 0
-133 267 5 0
-146 252 4 0
-146 250 3 0
-118 293 7 0
-118 293 8 0
-116 293 7 0
-116 292 7 0
-116 293 8 0
-115 293 7 0
-115 293 8 0
-116 294 9 0
-116 294 6 0
-116 294 5 0
-104 291 5 0
-104 291 6 0
-105 288 3 1
-105 289 3 1
-105 290 3 1
-104 288 3 1
-104 289 3 1
-103 288 3 1
-102 291 7 0
-102 291 3 1
-103 292 2 1
-102 292 2 1
-101 292 2 1
-138 252 7 0
-106 256 5 0
-140 252 9 0
-140 253 9 0
-141 253 8 0
-140 253 8 0
-140 254 8 0
-137 253 9 0
-137 253 8 0
-111 285 6 1
-112 285 3 0
-111 283 4 0
-114 285 5 4
-114 284 7 1
-114 284 6 1
-114 284 5 1
-114 283 7 1
-114 283 6 1
-114 283 5 1
-113 284 6 1
-113 284 5 1
-112 285 4 1
-111 286 7 1
-112 286 7 1
-112 286 6 2
-112 286 5 2
-112 285 7 1
-113 286 7 1
-113 286 6 1
-113 286 5 2
-113 285 7 1
-113 285 6 1
-113 285 5 1000
-113 284 7 1
-112 285 6 1
-112 285 5 1000
-111 286 4 1
-111 286 6 1
-111 286 5 1
-102 294 5 0
-102 294 6 0
-103 294 5 0
-103 293 6 0
-105 292 5 1
-106 291 4 1
-106 291 5 1
-106 291 6 1
-106 292 4 1
-106 292 5 1
-106 292 6 1
-106 293 4 1
-106 293 5 1
-106 293 6 1
-105 293 4 1
-105 293 5 1
-105 293 6 1
-105 292 7 1
-106 291 7 1
-106 291 8 1
-127 264 3 1
-128 265 3 1
-128 264 3 1
-129 264 3 1
-128 265 4 1
-129 266 6 1
-105 293 7 1
-105 293 8 1
-105 292 4 1
-127 265 6 1
-106 292 3 1
-106 293 3 1
-105 291 3 1
-127 265 5 1
-105 293 3 1
-102 292 7 0
-102 292 4 0
-102 292 3 0
-135 259 9 0
-135 258 8 0
-135 259 8 0
-137 259 9 0
-137 259 8 0
-136 259 8 0
-137 260 9 0
-127 265 4 1
-127 264 6 1
-127 264 5 1
-127 264 4 1
-101 290 7 0
-102 295 6 0
-104 295 5 0
-103 294 6 0
-103 295 6 0
-103 295 5 0
-104 293 5 0
-104 293 6 0
-104 292 5 0
-102 293 7 0
-102 293 4 0
-102 293 3 0
-138 262 6 1
-138 261 6 1
-137 262 7 1
-137 261 9 0
-116 252 6 0
-131 299 2 0
-119 288 5 0
-104 250 4 0
-104 250 6 0
-104 296 5 0
-103 296 6 0
-104 294 5 0
-104 294 6 0
-105 266 7 0
-102 294 4 0
-102 294 3 0
-116 289 5 0
-117 290 4 0
-117 290 5 0
-109 279 5 0
-110 279 5 0
-109 279 6 0
-106 278 4 0
-108 279 7 0
-107 276 6 0
-108 279 2 1
-109 278 4 0
-109 278 6 0
-109 278 5 0
-116 286 5 1
-135 268 5 0
-135 269 6 0
-136 270 7 0
-136 270 4 0
-136 270 3 0
-113 286 0 1
-113 285 0 1
-113 284 0 1
-114 286 0 1
-114 285 0 1
-114 284 0 1
-113 285 1 1
-112 284 4 1
-113 285 4 1
-112 284 6 1
-114 283 4 1
-114 284 4 1
-115 285 4 1
-104 297 6 0
-104 297 4 0
-104 295 6 0
-104 295 4 0
-104 294 4 0
-101 294 4 0
-102 295 7 0
-122 291 4 0
-102 295 3 0
-101 282 8 0
-101 282 9 0
-122 292 4 0
-120 293 5 0
-120 293 4 0
-120 292 5 0
-120 292 4 0
-119 290 3 0
-119 290 6 0
-121 290 5 0
-120 290 5 0
-121 290 4 0
-120 290 4 0
-120 291 5 0
-120 291 4 0
-119 292 5 0
-119 291 5 0
-119 292 4 0
-123 295 4 0
-123 294 4 0
-120 296 2 1
-120 295 3 1
-103 296 4 0
-101 296 4 0
-102 297 7 0
-102 297 3 0
-136 264 8 0
-135 264 8 0
-101 280 8 0
-119 288 9 0
-130 272 9 0
-129 271 8 0
-130 271 9 0
-130 270 8 0
-130 271 8 0
-131 271 9 0
-132 271 8 0
-132 272 9 0
-131 272 9 0
-132 272 8 0
-123 296 4 0
-123 296 3 1
-124 297 2 1
-123 297 2 1
-123 297 3 1
-123 297 4 1
-122 297 2 1
-122 297 3 1
-122 297 4 1
-125 296 4 0
-125 296 5 0
-125 297 3 1
-126 297 2 1
-126 298 2 1
-126 298 3 3
-126 298 4 1
-125 297 2 1
-125 298 2 1
-125 298 3 2
-125 298 4 1
-124 297 3 2
-124 298 2 1
-124 298 3 1
-124 298 4 1
-126 295 4 0
-126 296 4 0
-126 295 5 0
-126 294 4 0
-127 294 4 0
-126 294 5 0
-127 294 5 0
-125 294 5 0
-126 293 5 0
-125 294 6 0
-125 294 3 0
-103 257 7 0
-125 294 4 0
-103 258 7 0
-103 257 8 0
-103 257 6 0
-103 256 7 0
-104 256 7 0
-131 272 8 0
-104 256 8 0
-103 256 6 0
-104 256 6 0
-103 255 7 0
-103 255 8 0
-103 255 6 0
-102 254 7 0
-102 254 8 0
-102 254 6 0
-102 256 9 0
-102 256 6 0
-102 256 5 0
-102 256 7 0
-132 274 8 0
-128 272 9 0
-131 273 9 0
-130 273 9 0
-131 273 8 0
-130 273 8 0
-131 274 9 0
-130 274 9 0
-131 274 8 0
-131 275 9 0
-131 275 8 0
-128 274 9 0
-128 274 8 0
-129 276 6 0
-129 276 7 0
-127 268 5 4
-127 269 4 1
-127 269 5 1
-127 269 6 1
-126 268 4 1
-126 268 5 1
-126 268 6 1
-126 269 4 1
-126 269 5 1
-126 269 6 1
-103 264 8 0
-103 264 7 0
-102 263 7 0
-127 269 7 1
-126 267 7 1
-126 268 7 1
-126 269 7 1
-128 269 4 1
-127 268 4 1
-126 267 4 1
-130 265 6 0
-129 265 6 1
-128 265 6 2
-128 266 5 1
-128 266 6 1
-128 267 7 0
-128 267 4 0
-128 267 3 0
-129 276 10 0
-127 275 8 0
-127 275 9 0
-128 275 9 0
-127 274 8 0
-128 275 8 0
-102 283 9 0
-129 274 8 0
-130 275 9 0
-126 281 7 0
-126 281 8 0
-126 281 11 0
-125 279 8 0
-125 280 10 0
-125 279 9 0
-126 279 8 0
-126 279 10 0
-126 279 9 0
-126 280 9 0
-105 269 7 0
-127 280 10 0
-127 279 9 0
-127 280 9 0
-128 281 8 0
-128 281 10 0
-128 281 9 0
-126 266 5 0
-125 266 5 0
-127 282 8 0
-126 266 6 0
-125 266 6 0
-125 267 4 1
-125 267 5 1
-125 267 6 1
-127 281 9 0
-126 283 8 0
-124 281 8 0
-107 278 1 1
-115 260 5 0
-103 274 4 0
-132 267 6 0
-149 274 2 0
-128 268 7 1
-128 268 4 1
-127 266 5 1000
-101 280 6 0
-101 280 7 0
-129 266 7 1
-129 266 4 1
-126 265 5 0
-126 265 6 0
-103 282 6 0
-125 265 5 0
-124 265 5 0
-104 282 7 0
-125 265 6 0
-124 265 6 0
-124 267 5 0
-124 267 6 0
-127 267 7 1
-127 267 4 1
-128 266 4 1
-129 266 8 1
-128 266 7 1
-128 266 8 1
-126 264 5 0
-126 263 5 0
-126 264 6 0
-124 264 5 0
-124 264 6 0
-126 265 7 0
-126 265 4 0
-126 265 3 0
-139 253 3 0
-140 253 3 0
-110 254 7 0
-139 253 4 0
-140 252 3 0
-140 252 4 0
-139 251 3 0
-140 251 3 0
-139 251 4 0
-102 282 6 0
-127 265 3 1
-102 282 7 0
-101 283 7 0
-102 283 6 0
-102 284 6 0
-102 283 7 0
-102 284 7 0
-104 283 6 0
-104 283 7 0
-102 282 8 0
-102 282 5 0
-102 282 4 0
-123 283 9 0
-123 284 9 0
-124 284 8 0
-124 284 10 0
-124 284 9 0
-123 285 9 0
-125 285 8 0
-125 285 10 0
-125 285 9 0
-124 285 9 0
-124 287 10 0
-123 287 8 0
-101 252 8 0
-121 285 8 0
-121 285 10 0
-121 285 9 0
-122 285 8 0
-122 285 10 0
-123 266 6 0
-124 266 5 0
-122 285 9 0
-125 269 4 1
-125 269 5 1
-125 269 6 1
-124 269 4 1
-124 269 5 1
-124 269 6 1
-123 268 4 1
-123 268 5 1
-123 268 6 1
-123 269 4 1
-118 289 4 0
-118 289 2 0
-118 289 3 0
-118 289 6 0
-120 289 5 0
-120 289 4 0
-119 289 4 0
-123 263 5 0
-123 264 6 0
-124 265 7 0
-124 265 4 0
-124 265 3 0
-120 288 10 0
-120 287 8 0
-120 287 10 0
-101 264 7 0
-106 270 5 0
-107 278 5 0
-108 279 1 1
-101 253 7 0
-106 277 5 0
-105 275 6 0
-106 277 7 0
-107 277 1 1
-119 290 4 0
-112 284 5 1
-111 283 5 0
-112 283 5 1
-112 283 6 1
-118 290 5 0
-118 291 4 0
-116 290 4 0
-117 288 2 0
-128 268 5 0
-130 266 5 0
-130 266 6 0
-129 266 5 1
-101 287 7 0
-135 299 3 0
-101 285 8 0
-101 285 9 0
-101 285 5 0
-121 290 10 0
-119 290 10 0
-119 288 8 0
-119 288 10 0
-132 271 9 0
-115 290 4 0
-116 289 4 0
-115 287 2 0
-115 287 3 0
-120 290 6 0
-120 290 7 0
-120 290 10 0
-118 289 9 0
-119 289 9 0
-116 287 4 0
-118 289 8 0
-116 288 5 0
-117 289 4 0
-120 288 9 0
-131 266 5 0
-115 289 4 0
-114 289 5 0
-129 268 6 0
-129 268 5 0
-128 297 4 0
-120 288 8 0
-121 289 9 0
-120 289 9 0
-121 289 8 0
-120 289 8 0
-104 275 5 0
-121 290 9 0
-122 290 8 0
-121 290 8 0
-121 291 9 0
-129 297 4 0
-128 297 5 0
-128 296 4 0
-129 296 4 0
-128 296 5 0
-129 296 5 0
-129 295 4 0
-127 296 6 0
-127 296 3 0
-127 296 2 0
-128 298 4 0
-128 299 4 0
-128 298 5 0
-128 299 5 0
-118 291 5 0
-106 250 5 0
-102 250 4 1
-120 292 9 0
-120 292 8 0
-118 290 9 0
-118 290 8 0
-101 271 4 2
-101 271 5 1
-115 252 8 0
-115 252 7 0
-114 252 7 0
-114 253 6 0
-114 253 8 0
-114 253 7 0
-113 254 6 0
-113 254 8 0
-113 254 7 0
-112 253 8 0
-111 252 8 0
-111 253 5 0
-111 253 9 0
-110 251 6 0
-149 274 3 0
-149 274 6 0
-148 273 5 0
-149 274 5 0
-148 273 4 0
-149 273 5 0
-149 272 4 0
-149 273 4 0
-136 264 9 0
-134 263 8 0
-135 262 8 0
-134 263 9 0
-135 262 9 0
-134 262 8 0
-134 262 9 0
-132 262 8 0
-133 263 9 0
-133 262 9 0
-134 264 10 0
-134 264 7 0
-134 264 6 0
-118 252 6 0
-120 293 8 0
-118 292 9 0
-118 291 9 0
-106 275 1 1
-123 263 6 0
-123 262 6 0
-105 272 5 0
-105 275 4 0
-122 295 2 1
-122 264 6 0
-132 297 4 0
-132 297 5 0
-132 297 3 0
-130 297 3 0
-102 279 8 0
-102 279 9 0
-102 279 5 0
-104 258 5 0
-101 291 7 0
-107 272 4 0
-109 273 4 0
-109 273 5 0
-109 271 4 0
-108 271 5 0
-109 271 5 0
-109 270 4 0
-109 270 5 0
-107 269 4 0
-107 271 2 1
-108 270 1 2
-107 270 1 1
-106 270 1 1
-113 253 6 0
-112 252 7 0
-112 251 7 0
-112 251 8 0
-106 278 1 1
-105 250 5 0
-104 271 7 0
-101 263 8 0
-108 257 5 0
-101 263 9 0
-117 263 6 0
-117 264 6 0
-140 271 3 0
-135 270 5 0
-117 264 5 0
-142 273 6 0
-137 271 5 0
-137 272 5 0
-111 259 5 0
-112 284 0 1
-120 295 2 1
-120 294 2 1
-127 268 6 2
-128 269 7 1
-127 268 7 1
-118 290 4 0
-104 272 4 0
-128 264 6 1
-107 280 1 1
-101 261 6 0
-101 261 9 0
-101 261 8 0
-101 259 6 0
-102 259 6 0
-103 261 6 0
-103 261 8 0
-103 261 7 0
-108 282 1 1
-109 282 1 1
-110 282 1 1
-110 281 1 1
-110 280 1 1
-109 281 2 1
-109 281 7 0
-110 281 4 0
-110 281 6 0
-111 281 5 0
-110 281 5 0
-110 282 4 0
-110 282 6 0
-110 282 5 0
-109 283 4 0
-109 283 6 0
-109 283 5 0
-109 282 5 0
-107 280 5 0
-107 280 6 0
-107 280 4 0
-108 279 5 0
-108 279 6 0
-108 279 4 0
-133 262 8 0
-135 263 8 0
-135 263 9 0
-136 263 8 0
-136 263 9 0
-136 262 8 0
-137 262 8 0
-109 279 4 0
-136 262 9 0
-135 261 8 0
-136 260 8 0
-135 261 9 0
-136 261 9 0
-136 261 8 0
-135 260 8 0
-135 260 9 0
-134 261 8 0
-133 260 8 0
-134 261 9 0
-133 261 9 0
-133 261 8 0
-135 262 10 0
-135 262 7 0
-135 262 6 0
-116 262 3 0
-121 264 5 0
-116 262 7 0
-121 264 6 0
-111 254 6 0
-111 254 8 0
-111 254 7 0
-110 254 8 0
-103 272 1 1
-104 272 1 1
-108 252 8 0
-114 285 7 1
-126 281 9 0
-126 281 10 0
-125 281 9 0
-125 280 9 0
-125 281 10 0
-123 281 9 0
-124 281 10 0
-124 281 9 0
-125 282 10 0
-125 282 11 0
-125 282 8 0
-125 282 7 0
-125 282 9 0
-105 250 4 0
-131 267 6 0
-112 282 4 0
-113 284 4 1
-102 270 4 0
-102 270 6 1
-102 270 5 1
-125 299 3 1
-125 299 4 1
-127 296 4 0
-127 297 4 0
-127 296 5 0
-130 296 3 0
-131 297 3 0
-131 298 5 0
-119 251 8 0
-120 251 7 0
-120 251 6 0
-121 251 7 0
-132 298 4 0
-122 251 7 0
-131 298 4 0
-121 251 8 0
-121 251 6 0
-121 250 7 0
-122 250 7 0
-122 250 8 0
-121 250 6 0
-122 250 6 0
-131 299 3 0
-131 299 5 0
-131 299 4 0
-128 298 3 0
-129 297 2 0
-129 297 3 0
-129 297 6 0
-130 296 5 0
-104 258 6 0
-105 259 6 0
-105 270 1 1
-120 250 9 0
-120 250 5 0
-134 260 8 0
-134 260 9 0
-102 251 5 0
-101 271 8 1
-125 299 2 1
-126 299 4 1
-108 284 4 0
-109 284 6 0
-102 250 5 0
-102 250 6 1000
-101 251 5 0
-103 252 5 0
-111 284 5 0
-104 251 6 0
-103 250 7 0
-143 272 5 0
-120 296 4 1
-120 296 5 1
-119 295 3 1
-112 299 5 0
-119 295 5 1
-112 299 6 0
-119 296 4 1
-119 296 5 1
-121 294 5 0
-121 295 3 1
-122 296 2 1
-121 296 4 1
-107 276 5 0
-108 277 4 0
-119 291 4 0
-119 290 5 0
-122 251 8 0
-122 251 6 0
-108 278 5 0
-117 252 7 0
-123 251 7 0
-123 251 8 0
-123 250 6 0
-123 251 6 0
-103 252 6 0
-120 296 3 1
-143 272 3 0
-119 295 4 1
-141 271 4 0
-141 271 3 0
-138 271 5 0
-138 271 6 0
-138 272 5 0
-140 273 6 0
-140 269 5 0
-140 269 6 0
-138 269 5 0
-140 271 7 0
-111 282 1 1
-111 283 1 1
-107 258 6 0
-118 252 7 0
-118 252 8 0
-108 278 4 0
-108 278 6 0
-109 279 1 1
-102 255 5 0
-103 253 7 0
-103 267 8 0
-104 265 6 0
-105 267 7 0
-105 267 6 0
-103 267 6 0
-104 268 7 0
-103 267 7 0
-104 268 6 0
-103 269 7 0
-103 268 7 0
-103 269 6 0
-101 268 7 0
-101 268 6 0
-102 250 8 0
-102 277 3 1
-121 294 2 1
-128 297 2 0
-124 250 7 0
-124 251 7 0
-124 251 8 0
-124 250 6 0
-124 251 6 0
-125 250 7 0
-120 250 7 0
-146 272 6 0
-105 274 1 1
-105 273 1 1
-106 274 1 1
-106 273 1 1
-102 269 1 1
-102 268 1 1
-107 281 5 0
-101 254 8 0
-125 294 2 0
-103 269 9 0
-120 291 3 0
-120 291 6 0
-138 270 7 0
-136 269 6 0
-136 269 5 0
-117 293 8 0
-116 293 9 0
-117 295 9 0
-119 295 8 0
-136 270 6 0
-119 294 9 0
-119 294 7 0
-119 293 8 0
-119 293 9 0
-119 293 7 0
-118 292 8 0
-119 292 8 0
-119 292 9 0
-118 292 7 0
-119 292 7 0
-117 292 8 0
-117 291 8 0
-117 291 9 0
-117 292 7 0
-117 291 7 0
-116 292 8 0
-116 292 9 0
-117 293 9 0
-117 293 10 0
-117 293 7 0
-117 293 6 0
-122 290 4 0
-122 290 5 0
-122 289 4 0
-122 291 5 0
-121 291 5 0
-121 291 4 0
-122 292 5 0
-102 263 6 0
-137 270 5 0
-139 271 3 0
-138 270 6 0
-138 270 5 0
-139 269 6 0
-139 269 5 0
-139 273 5 0
-137 271 6 0
-103 277 4 2
-123 250 7 0
-110 283 2 1
-110 283 7 0
-113 251 7 0
-114 251 8 0
-113 251 6 0
-114 251 6 0
-113 250 7 0
-113 250 8 0
-113 250 6 0
-113 252 8 0
-116 250 7 0
-115 251 6 0
-116 250 6 0
-115 250 7 0
-115 250 8 0
-115 250 6 0
-116 252 7 0
-143 272 7 0
-143 272 4 0
-108 257 6 0
-107 258 5 0
-118 291 8 0
-108 259 7 0
-108 259 4 0
-108 259 3 0
-117 252 6 0
-120 293 9 0
-120 291 8 0
-121 291 8 0
-118 251 6 0
-119 291 9 0
-120 291 9 0
-119 291 8 0
-120 290 8 0
-120 290 9 0
-119 290 8 0
-119 289 8 0
-145 274 4 0
-146 274 4 0
-117 290 9 0
-119 291 10 0
-119 291 7 0
-119 291 6 0
-102 272 6 1
-102 272 5 1
-102 272 4 1
-102 271 5 2
-101 269 5 1
-101 262 8 0
-101 263 6 0
-102 261 7 0
-105 259 5 0
-106 259 6 0
-106 260 5 0
-106 260 6 0
-106 273 5 0
-128 264 7 1
-109 257 6 0
-107 259 4 0
-107 259 3 0
-105 273 4 0
-128 267 5 0
-127 267 5 0
-129 267 6 0
-128 267 6 0
-128 269 5 1
-128 268 6 0
-147 273 5 0
-147 272 5 0
-146 272 4 0
-146 272 5 0
-147 274 6 0
-147 274 3 0
-147 274 2 0
-130 264 7 1
-101 265 7 0
-101 264 8 0
-101 264 6 0
-129 264 6 1
-129 264 7 1
-129 264 8 1
-129 265 8 1
-104 271 1 1
-103 271 1 1
-101 270 3 1
-101 271 3 1
-101 272 3 1
-129 295 5 0
-130 265 5 1
-129 264 4 1
-129 264 5 1
-129 265 4 1
-128 265 7 2
-127 264 7 1
-101 251 9 0
-127 265 7 1
-127 265 8 1
-127 266 8 1
-127 266 4 1
-108 270 6 0
-109 269 0 1
-109 270 0 1
-109 271 0 1
-108 269 0 1
-108 270 0 1
-108 271 0 1
-107 269 0 1
-107 270 0 1
-107 271 0 1
-149 250 4 0
-111 284 6 0
-145 273 5 0
-144 273 5 0
-111 281 4 0
-144 273 6 0
-145 273 4 0
-144 273 4 0
-145 274 5 0
-144 274 5 0
-145 274 6 0
-146 275 6 0
-148 273 6 0
-147 271 5 0
-105 273 6 0
-147 272 6 0
-146 271 5 0
-146 271 6 0
-146 271 4 0
-145 272 5 0
-144 271 5 0
-145 272 6 0
-145 272 4 0
-146 273 6 0
-146 273 7 0
-146 273 4 0
-146 273 3 0
-146 273 5 0
-101 252 9 0
-101 272 6 1
-122 290 9 0
-122 290 10 0
-122 288 9 0
-123 288 9 0
-111 269 3 0
-122 288 10 0
-122 288 8 0
-123 288 8 0
-121 288 9 0
-122 287 9 0
-122 287 10 0
-121 288 8 0
-122 287 8 0
-121 287 9 0
-121 286 9 0
-121 287 10 0
-121 287 8 0
-119 287 9 0
-119 287 10 0
-119 287 8 0
-121 288 10 0
-121 288 11 0
-121 288 7 0
-105 273 7 0
-106 273 4 0
-124 250 8 0
-126 250 7 0
-126 250 8 0
-126 250 6 0
-127 250 7 0
-101 297 6 0
-101 297 7 0
-103 277 5 1
-101 297 5 0
-102 296 6 0
-138 272 6 0
-102 296 7 0
-102 296 5 0
-101 294 6 0
-101 294 7 0
-137 269 5 0
-101 294 5 0
-138 269 6 0
-139 271 7 0
-139 271 4 0
-125 250 6 0
-125 250 8 0
-136 270 5 0
-137 270 6 0
-101 297 3 0
-136 271 6 0
-138 268 5 0
-138 268 6 0
-102 268 5 0
-103 269 2 1
-104 268 1 1
-120 295 4 1
-149 275 5 0
-105 271 6 0
-104 268 4 0
-104 270 7 0
-124 299 4 1
-124 299 3 1
-124 299 2 1
-127 297 5 0
-142 252 4 0
-101 298 5 0
-102 298 5 0
-101 298 6 0
-102 297 5 0
-102 297 6 0
-102 295 5 0
-144 251 4 0
-143 250 3 0
-102 276 3 1
-143 250 4 0
-102 276 5 1
-104 257 5 0
-103 257 5 0
-142 251 2 1
-104 259 6 0
-104 259 7 0
-104 259 5 0
-105 259 7 0
-106 259 7 0
-107 257 7 0
-105 256 6 0
-105 256 5 0
-105 255 5 0
-104 256 5 0
-105 257 4 0
-105 276 6 0
-102 298 7 0
-101 299 5 0
-102 298 3 0
-101 299 6 0
-107 275 5 0
-102 299 5 0
-102 299 6 0
-103 298 5 0
-109 278 1 1
-102 298 6 0
-101 298 7 0
-101 298 4 0
-101 298 3 0
-108 277 5 0
-108 277 6 0
-119 296 3 1
-107 274 5 0
-104 275 4 0
-104 277 5 0
-105 251 6 0
-105 251 5 0
-103 251 6 0
-103 251 5 0
-102 251 6 0
-109 280 1 1
-108 280 1 1
-131 268 4 0
-131 268 7 0
-127 266 3 1
-106 258 7 0
-106 258 6 0
-105 257 5 0
-138 252 8 0
-122 265 5 0
-123 265 5 0
-140 253 7 0
-141 253 7 0
-141 252 8 0
-142 252 8 0
-122 293 5 0
-141 252 9 0
-142 252 7 0
-140 251 8 0
-141 250 8 0
-141 250 9 0
-141 250 7 0
-140 250 8 0
-140 250 9 0
-140 250 7 0
-138 250 8 0
-138 250 9 0
-138 250 7 0
-140 252 10 0
-140 252 7 0
-103 299 5 0
-103 299 6 0
-103 299 4 0
-102 297 4 0
-101 297 4 0
-101 299 7 0
-101 299 4 0
-101 299 3 0
-130 269 5 0
-131 269 6 0
-130 269 6 0
-104 275 6 0
-103 276 4 1
-104 277 3 1
-103 276 3 1
-103 277 3 4
-135 271 5 0
-135 271 6 0
-114 289 4 0
-136 272 6 0
-137 269 6 0
-115 289 5 0
-116 288 4 0
-136 268 6 0
-113 283 7 1
-117 289 5 0
-114 285 6 1
-117 287 4 0
-116 287 5 0
-117 287 5 0
-121 292 6 0
-101 257 6 0
-103 263 6 0
-123 269 6 1
-125 264 6 0
-124 263 5 0
-124 263 6 0
-123 264 5 0
-112 254 7 0
-119 289 5 0
-105 250 6 0
-103 298 6 0
-103 298 4 0
-104 251 5 0
-104 250 5 0
-103 250 4 0
-103 250 6 0
-103 250 5 1000
-101 250 6 1
-101 250 5 1
-101 250 4 1
-101 255 6 0
-101 255 5 0
-108 278 1 1
-108 277 1 1
-107 278 2 1
-107 278 7 0
-107 278 6 0
-107 276 4 0
-108 283 5 0
-108 276 5 0
-146 274 5 0
-146 275 4 0
-146 275 5 0
-147 275 4 0
-147 276 4 0
-147 275 5 0
-149 272 5 0
-147 273 4 0
-147 272 4 0
-107 279 5 0
-106 279 6 0
-135 253 4 0
-127 299 3 3
-127 299 2 1
-127 298 2 1
-126 297 5 0
-126 296 5 0
-126 297 4 0
-123 298 4 1
-101 256 7 0
-112 285 0 1
-112 286 0 1
-115 288 5 0
-115 288 4 0
-101 256 9 0
-113 261 7 0
-115 268 3 0
-115 268 4 0
-115 266 3 0
-116 266 3 0
-134 270 5 0
-112 252 6 0
-112 254 8 0
-115 265 4 0
-114 265 3 0
-114 264 3 0
-114 265 4 0
-112 265 3 0
-114 266 5 0
-114 266 0 1
-115 265 -1 1
-115 266 -1 1
-115 267 -1 1
-114 265 -1 1
-113 265 -1 1
-111 251 7 0
-112 251 6 0
-102 256 8 0
-101 258 7 0
-101 258 9 0
-101 258 8 0
-103 265 8 0
-103 265 7 0
-102 266 6 0
-102 265 6 0
-102 266 8 0
-102 266 7 0
-136 255 3 0
-138 254 3 0
-102 265 7 0
-101 265 6 0
-101 265 8 0
-138 270 4 0
-138 270 3 0
-121 293 5 0
-121 294 4 0
-121 293 4 0
-130 297 5 0
-101 253 6 0
-103 253 6 0
-101 252 7 0
-101 252 4 0
-101 252 3 0
-101 254 6 0
-102 254 5 0
-132 299 3 0
-132 299 5 0
-132 299 4 0
-128 299 3 0
-130 298 2 0
-130 298 3 0
-116 264 4 0
-115 264 3 0
-115 264 4 0