DAV_OBMAP v3 cell_size=10
-5 -37 8 1
-5 -35 8 1
-4 -37 8 1
-4 -35 8 1
-4 -38 8 1
-7 -28 7 0
-5 -28 9 0
-17 -25 4 0
-6 -32 7 1
-35 -13 4 0
-1 -38 10 0
-36 -31 2 1
-2 -30 10 0
-4 -28 8 0
-4 -28 9 0
-4 -27 8 0
-3 -28 8 0
-3 -28 9 0
-3 -27 8 0
-3 -27 9 0
-30 -9 2 1
-33 -10 4 1
-33 -11 5 1
-33 -11 3 0
-32 -12 4 0
-33 -12 4 0
-32 -12 5 0
-33 -12 3 0
-33 -13 4 0
-33 -13 5 0
-33 -13 3 0
-31 -14 4 0
-31 -14 5 0
-31 -14 3 0
-11 -44 3 0
-11 -44 4 0
-11 -43 3 0
-11 -43 4 0
-13 -43 3 0
-13 -42 3 0
-2 -35 8 0
-2 -35 9 0
-14 -43 3 0
-14 -43 4 0
-14 -44 3 0
-15 -44 3 0
-14 -44 4 0
-14 -46 3 0
-14 -46 4 0
-13 -46 3 0
-13 -46 4 0
-32 -11 6 1
-32 -10 6 1
-32 -9 6 1
-33 -11 4 1
-34 -10 3 0
-34 -11 3 0
-34 -13 4 0
-34 -13 3 0
-1 -33 8 1
-1 -33 9 0
-2 -34 8 1
-2 -34 9 0
-3 -35 8 1
-3 -35 9 0
-1 -35 10 0
-37 -20 3 0
-38 -18 3 0
-33 -10 3 1
-33 -9 3 1
-33 -9 4 1
-33 -8 3 1
-33 -8 4 1
-33 -8 5 1
-32 -8 3 1
-32 -8 4 1
-32 -8 5 1
-31 -8 3 1
-31 -8 4 1
-31 -8 5 1
-32 -8 6 1
-31 -8 6 1
-30 -8 4 1
-30 -8 5 1
-30 -8 6 1
-42 -9 5 0
-46 -10 4 0
-46 -10 5 0
-46 -10 3 0
-44 -10 4 0
-44 -11 4 0
-42 -14 7 0
-42 -13 6 0
-42 -13 7 0
-47 -5 0 1
-33 -10 7 0
-47 -5 1 1
-47 -4 0 1
-47 -4 1 1
-47 -4 2 1
-46 -5 0 1
-46 -5 1 1
-46 -5 2 1
-50 -1 7 0
-49 -2 6 0
-49 -2 7 0
-49 -1 7 0
-34 -11 4 0
-34 -12 5 0
-34 -12 4 0
-35 -6 6 1
-48 -6 4 0
-49 -6 5 0
-37 -9 1 1
-45 -11 5 0
-34 -3 1 1
-37 -11 5 0
-42 -19 6 0
-42 -19 7 0
-46 -6 7 0
-50 -33 5 0
-50 -1 3 0
-37 -9 0 1
-34 -2 5 1
-44 -10 6 0
-37 -2 1 2
-35 -1 3 2
-43 -10 7 0
-43 -9 6 0
-6 -28 8 0
-10 -24 6 0
-35 -7 5 1
-34 -7 3 1
-34 -7 4 1
-34 -7 5 1
-34 -6 5 1
-34 -5 5 1
-34 -7 2 1
-35 -9 2 0
-37 -10 4 0
-37 -10 5 0
-37 -9 4 0
-37 -9 5 0
-34 -10 10 0
-43 -10 5 0
-34 -9 10 0
-34 -9 11 0
-33 -10 10 0
-46 -8 6 0
-33 -9 10 0
-32 -6 12 0
-32 -5 13 0
-34 -4 10 0
-49 -1 6 0
-39 -5 4 0
-39 -7 2 1
-37 -5 2 1
-32 -6 11 0
-39 -1 1 2
-34 -3 10 0
-34 -3 14 0
-32 -4 12 0
-49 -2 4 0
-35 -1 1 1
-41 -1 0 1
-35 -4 13 0
-34 -1 2 1
-35 -4 12 0
-50 -24 5 0
-50 -24 6 0
-49 -24 5 0
-49 -23 6 0
-50 -22 7 0
-50 -22 4 1
-45 -17 7 0
-47 -3 8 0
-47 -3 9 0
-45 -3 7 0
-48 -3 7 0
-47 -4 7 0
-49 -4 7 0
-49 -3 7 0
-34 -1 4 1
-43 -11 4 0
-45 -5 7 0
-43 -11 8 0
-35 -2 8 0
-37 -2 9 0
-36 -1 9 0
-48 -7 10 0
-49 -6 10 0
-39 -4 8 0
-38 -3 9 0
-39 -4 9 0
-37 -4 8 0
-37 -4 9 0
-36 -4 8 0
-36 -4 9 0
-37 -2 10 0
-37 -2 7 1
-37 -2 6 1
-37 -21 3 0
-39 -20 3 0
-38 -19 3 0
-47 -14 5 0
-39 -20 4 0
-46 -1 8 0
-39 -19 3 0
-13 -26 3 0
-41 -19 3 0
-41 -20 4 0
-50 -17 2 0
-39 -21 2 0
-39 -21 1 0
-48 -11 8 0
-39 -2 9 0
-36 -3 7 1
-47 -11 4 0
-47 -11 5 0
-34 -2 10 0
-34 -2 11 0
-34 -1 10 0
-34 -1 11 0
-50 -10 8 0
-33 -2 11 0
-33 -1 10 0
-33 -1 11 0
-50 -9 9 0
-49 -10 8 0
-49 -10 9 0
-41 -11 7 0
-39 -3 8 0
-48 -5 8 0
-39 -5 8 0
-46 -3 8 0
-38 -4 9 0
-39 -5 9 0
-38 -4 8 0
-38 -5 8 0
-38 -6 8 0
-36 -9 9 0
-38 -5 9 0
-36 -5 8 0
-37 -5 9 0
-38 -4 10 0
-36 -9 8 0
-36 -10 9 0
-36 -10 8 0
-36 -2 6 2
-34 -3 11 0
-40 -29 2 1
-10 -26 8 0
-8 -25 7 0
-14 -21 7 1
-12 -24 8 0
-43 -2 9 0
-46 -2 9 0
-44 -3 9 0
-43 -3 9 0
-46 -3 10 0
-45 -3 9 0
-45 -3 10 0
-43 -3 10 0
-45 -1 10 0
-45 -1 11 0
-47 -1 10 0
-46 -2 10 0
-45 -2 10 0
-44 -1 11 0
-48 -1 10 0
-48 -1 11 0
-47 -2 10 0
-47 -2 11 0
-46 -3 11 0
-45 -2 11 0
-46 -1 11 0
-46 -1 12 0
-5 -31 2 1
-7 -29 2 1
-7 -29 4 1
-7 -28 2 2
-7 -28 3 2
-7 -28 4 1
-7 -27 2 2
-7 -27 3 1
-7 -27 4 1
-8 -30 3 1
-8 -30 4 0
-9 -30 2 2
-10 -31 1 1
-10 -31 2 1
-10 -31 3 1
-10 -30 1 1
-10 -30 2 1
-10 -30 3 1
-10 -29 1 1
-10 -29 2 1
-10 -29 3 2
-9 -31 1 1
-9 -31 2 1
-9 -31 3 1
-9 -30 1 1
-9 -30 3 1
-9 -29 1 1
-9 -29 2 1
-9 -29 3 1
-8 -31 1 1
-8 -31 2 1
-8 -31 3 1
-8 -30 1 1
-8 -30 2 1
-8 -29 1 1
-8 -29 2 1
-8 -29 3 1
-7 -31 3 0
-7 -31 4 1
-7 -31 2 0
-6 -30 5 1
-7 -31 -1 1
-7 -31 0 1
-7 -31 1 1
-7 -30 -1 1
-7 -30 0 1
-7 -30 1 1
-7 -29 -1 1
-7 -29 0 2
-7 -29 1 1
-46 -41 4 0
-45 -41 4 0
-46 -41 5 0
-45 -41 5 0
-45 -39 4 0
-45 -39 5 0
-48 -42 4 0
-47 -42 4 0
-47 -43 4 0
-25 -1 2 1
-25 -1 3 1
-25 -1 4 1
-25 -1 5 1
-25 -1 6 1
-24 -1 5 1
-24 -1 6 1
-23 -1 5 1
-23 -1 6 1
-25 -1 1 1
-24 -1 1 1
-23 -1 1 1
-50 -2 10 0
-50 -2 11 0
-44 -41 4 0
-43 -41 4 0
-44 -41 5 0
-43 -41 3 0
-49 -3 10 0
-49 -3 11 0
-49 -1 12 0
-45 -40 4 0
-45 -40 5 0
-45 -40 3 0
-47 -40 3 0
-46 -42 4 0
-47 -43 5 0
-47 -43 3 0
-45 -43 4 0
-45 -43 5 0
-45 -43 3 0
-44 -43 4 0
-44 -43 5 0
-44 -43 3 0
-45 -41 6 0
-45 -41 1 2
-46 -42 0 1
-46 -42 1 1
-46 -42 2 1
-46 -41 0 1
-46 -41 1 1
-46 -41 2 1
-46 -40 0 1
-46 -40 1 1
-46 -40 2 1
-45 -42 0 1
-45 -42 1 1
-45 -42 2 1
-45 -41 0 1
-45 -41 2 1
-45 -40 0 1
-45 -40 1 1
-45 -40 2 1
-44 -42 0 1
-44 -42 1 2
-44 -42 2 1
-44 -41 0 1
-44 -41 1 1
-44 -41 2 1
-1 -34 0 2
-1 -34 1 1
-1 -33 -1 1
-1 -33 0 2
-1 -33 1 1
-42 -44 1 2
-42 -44 2 1
-42 -43 0 1
-42 -43 1 1
-42 -43 2 1
-42 -42 0 1
-42 -42 1 1
-42 -42 2 1
-43 -43 3 0
-43 -43 4 0
-43 -42 4 0
-42 -42 4 0
-42 -42 5 0
-43 -42 3 0
-42 -42 3 0
-44 -42 4 0
-43 -41 5 0
-44 -42 3 0
-44 -41 3 0
-45 -42 3 0
-46 -41 3 0
-46 -42 5 0
-46 -42 3 0
-46 -44 4 0
-46 -43 5 0
-46 -44 3 0
-44 -44 4 0
-44 -44 5 0
-44 -44 3 0
-43 -44 4 0
-43 -43 5 0
-43 -44 3 0
-44 -42 5 0
-44 -42 6 0
-45 -43 0 1
-45 -43 1 1
-45 -43 2 1
-44 -43 0 1
-44 -43 1 1
-41 -44 4 0
-40 -44 4 0
-44 -46 3 0
-42 -45 3 0
-42 -46 3 0
-42 -45 4 0
-42 -46 4 0
-41 -45 3 0
-41 -46 3 0
-41 -45 4 0
-42 -44 5 0
-43 -45 0 1
-43 -45 1 1
-43 -45 2 1
-42 -45 0 1
-42 -45 1 1
-42 -45 2 1
-41 -45 0 2
-41 -45 1 1
-41 -45 2 1
-41 -44 0 1
-41 -44 1 1
-41 -44 2 1
-41 -43 0 1
-41 -43 1 1
-41 -43 2 1
-1 -31 4 2
-2 -32 3 1
-2 -32 4 1
-2 -32 5 1
-2 -31 3 2
-2 -31 4 1
-2 -31 5 1
-2 -30 3 2
-2 -30 4 1
-2 -30 5 1
-1 -32 3 1
-13 -23 7 1
-40 -45 3 0
-39 -45 3 1
-40 -45 4 0
-23 -35 3 1
-23 -35 4 1
-23 -35 2 1
-24 -36 3 1
-25 -36 3 1
-40 -46 3 0
-24 -37 3 1
-24 -36 4 1
-25 -36 2 1
-26 -37 3 2
-42 -46 0 1
-27 -38 2 1
-42 -45 -1 1
-27 -38 3 1
-27 -38 4 1
-27 -37 2 1
-27 -37 3 1
-27 -37 4 1
-27 -36 2 1
-40 -46 -1 1
-40 -46 0 2
-40 -46 1 1
-40 -45 -1 1
-40 -45 0 1
-26 -37 2 2
-40 -44 -1 1
-40 -44 0 1
-40 -44 1 1
-26 -36 4 1
-25 -38 2 1
-25 -38 3 1
-25 -38 4 1
-25 -37 2 1
-25 -37 3 1
-25 -37 4 1
-25 -36 4 1
-27 -38 1 1
-27 -37 1 1
-27 -36 1 1
-26 -38 1 1
-26 -37 1 1
-26 -36 1 1
-25 -38 1 1
-25 -37 1 1
-25 -36 1 1
-25 -39 3 2
-26 -40 2 1
-26 -40 3 1
-26 -40 4 1
-26 -39 2 1
-26 -39 3 1
-26 -39 4 1
-25 -40 2 1
-25 -40 3 1
-25 -40 4 1
-25 -39 2 2
-25 -39 4 1
-24 -40 2 1
-24 -40 3 1
-24 -40 4 1
-24 -39 2 1
-24 -39 3 1
-38 -47 5 1
-38 -46 5 1
-38 -45 3 1
-38 -45 4 1
-25 -39 1 1
-37 -47 3 1
-24 -39 1 1
-24 -38 1 1
-24 -38 5 1
-24 -37 4 1
-24 -37 5 1
-24 -36 5 1
-37 -45 4 1
-24 -38 0 1
-24 -37 -1 1
-24 -37 0 2
-24 -37 1 1
-24 -36 -1 1
-24 -36 0 1
-24 -36 1 1
-23 -36 -1 1
-23 -36 0 1
-23 -36 1 1
-22 -36 -1 1
-22 -36 0 1
-22 -36 1 1
-24 -34 3 2
-25 -35 2 1
-25 -35 3 1
-25 -35 4 1
-6 -37 6 1
-6 -37 7 1
-5 -37 6 1
-5 -37 7 1
-44 -30 4 0
-44 -29 5 0
-43 -29 5 0
-28 -18 4 0
-9 -29 8 0
-10 -28 8 0
-11 -27 8 0
-9 -27 9 0
-4 -50 3 0
-3 -49 3 0
-4 -49 3 0
-6 -49 3 0
-6 -50 4 0
-5 -50 -1 1
-5 -50 0 2
-5 -50 1 1
-4 -50 -1 1
-4 -50 0 1
-4 -50 1 1
-3 -50 -1 1
-3 -50 0 1
-3 -50 1 1
-5 -49 3 0
-5 -49 4 0
-5 -48 3 0
-5 -48 4 0
-7 -49 3 0
-6 -49 4 0
-7 -49 4 0
-6 -50 3 0
-7 -50 3 0
-7 -50 4 0
-5 -50 5 0
-6 -50 -1 1
-6 -50 0 1
-6 -50 1 1
-6 -49 -1 1
-6 -49 0 2
-6 -49 1 1
-5 -49 -1 1
-5 -49 0 1
-5 -49 1 1
-10 -25 7 0
-4 -49 0 1
-4 -49 1 1
-5 -50 2 0
-2 -27 5 1
-1 -45 7 1
-4 -26 8 0
-3 -26 8 0
-48 -32 5 0
-48 -32 6 0
-50 -31 7 0
-50 -31 4 0
-50 -31 3 0
-42 -18 6 0
-2 -26 6 0
-2 -26 7 0
-18 -21 6 0
-19 -22 5 0
-19 -22 6 0
-18 -23 4 0
-6 -34 4 1
-6 -34 5 1
-6 -33 4 1
-6 -33 5 2
-5 -34 4 1
-5 -34 5 1
-5 -33 5 1
-6 -32 5 2
-6 -31 5 1
-6 -36 5 1
-6 -35 5 1
-5 -36 5 1
-5 -35 5 1
-17 -21 6 0
-19 -21 6 0
-15 -44 6 0
-15 -44 7 0
-15 -44 5 0
-21 -22 5 0
-20 -22 6 0
-21 -22 6 0
-21 -22 4 0
-20 -24 4 0
-19 -24 4 0
-19 -22 7 0
-5 -29 9 0
-36 -29 1 1
-19 -20 6 0
-21 -21 6 0
-21 -23 6 0
-21 -23 4 0
-28 -11 7 1
-30 -10 3 1
-30 -10 4 1
-30 -10 5 2
-30 -9 3 1
-30 -9 4 1
-30 -9 5 1
-29 -10 3 1
-29 -10 5 1
-29 -9 3 1
-29 -9 4 1
-29 -9 5 1
-28 -10 3 1
-28 -10 4 1
-28 -10 5 1
-28 -9 3 1
-28 -9 4 1
-28 -9 5 1
-30 -12 2 1
-30 -12 3 1
-30 -12 4 1
-30 -11 2 1
-30 -10 2 1
-29 -10 2 1
-28 -10 2 1
-31 -12 4 1
-30 -12 5 1
-31 -12 3 1
-31 -13 4 0
-31 -13 5 0
-31 -13 3 0
-31 -15 4 0
-30 -15 5 0
-31 -15 3 0
-28 -15 5 0
-28 -15 3 0
-47 -40 5 0
-46 -40 5 0
-46 -40 6 0
-47 -40 4 0
-46 -40 4 0
-47 -38 5 0
-47 -38 6 0
-47 -38 4 0
-48 -38 5 0
-48 -38 6 0
-48 -39 4 0
-48 -38 4 0
-50 -40 5 0
-50 -40 6 0
-49 -40 4 0
-50 -40 4 0
-49 -41 6 0
-48 -41 5 0
-48 -42 5 0
-48 -41 6 0
-48 -41 4 0
-47 -41 5 0
-47 -41 6 0
-47 -41 4 0
-48 -40 7 0
-48 -40 3 0
-49 -4 0 1
-6 -7 2 1
-5 -7 2 1
-5 -7 4 2
-6 -8 3 2
-6 -8 4 1
-6 -8 5 1
-6 -7 3 1
-6 -7 4 1
-6 -7 5 1
-6 -6 3 1
-6 -6 4 1
-6 -6 5 1
-5 -8 3 2
-5 -8 4 1
-5 -8 5 1
-5 -7 3 2
-5 -7 5 1
-5 -6 3 1
-5 -6 4 2
-5 -6 5 1
-4 -8 3 1
-4 -8 4 1
-4 -8 5 1
-4 -7 3 2
-4 -7 4 2
-4 -7 5 1
-4 -6 3 1
-4 -6 4 1
-4 -6 5 1
-6 -5 2 1
-6 -5 3 1
-50 -2 0 1
-50 -2 1 1
-50 -1 0 1
-50 -1 1 2
-50 -1 2 1
-50 -5 -2 1
-50 -5 -1 1
-6 -8 2 1
-50 -4 -2 1
-50 -4 -1 1
-5 -9 2 1
-50 -3 -2 1
-50 -3 -1 2
-49 -3 -2 1
-49 -3 -1 1
-48 -3 -2 1
-48 -3 -1 1
-7 -8 0 1
-6 -8 -1 1
-6 -8 0 1
-6 -7 -1 1
-6 -7 0 2
-6 -7 1 1
-6 -6 -1 1
-6 -6 0 1
-6 -6 1 1
-49 -3 13 0
-50 -4 12 0
-37 -9 7 0
-1 -44 8 0
-1 -44 9 0
-2 -45 8 0
-3 -44 8 0
-2 -45 9 0
-2 -44 9 0
-3 -46 8 0
-3 -46 9 0
-1 -46 10 0
-2 -45 4 1
-2 -45 5 1
-2 -45 6 1
-1 -45 4 1
-1 -45 5 2
-1 -45 6 1
-1 -46 7 0
-50 -2 -2 1
-50 -2 -1 1
-49 -2 -2 1
-49 -2 -1 1
-4 -7 2 2
-5 -6 2 2
-4 -8 2 1
-4 -6 2 2
-7 -11 1 1
-7 -11 2 1
-7 -11 3 1
-6 -11 1 1
-6 -11 2 1
-6 -11 3 1
-5 -11 1 1
-5 -11 2 2
-5 -11 3 2
-5 -10 1 1
-5 -10 2 1
-5 -10 3 1
-5 -9 1 1
-6 -10 4 2
-5 -10 4 1
-5 -8 -1 1
-5 -8 0 2
-5 -8 1 1
-5 -7 -1 1
-5 -7 0 1
-5 -7 1 1
-5 -6 -1 1
-5 -6 0 1
-5 -6 1 1
-2 -43 8 0
-2 -42 8 0
-2 -43 9 0
-2 -44 8 0
-3 -43 8 0
-3 -43 9 0
-4 -44 8 0
-3 -44 9 0
-2 -44 10 0
-2 -44 5 2
-3 -45 4 1
-3 -45 5 1
-3 -45 6 1
-3 -44 4 1
-3 -44 5 1
-3 -44 6 1
-3 -43 4 1
-3 -43 5 1
-3 -43 6 1
-2 -44 4 1
-2 -44 6 1
-2 -43 4 1
-2 -43 5 1
-2 -43 6 2
-1 -44 4 1
-1 -44 5 2
-1 -44 6 2
-1 -43 4 1
-1 -43 5 1
-1 -43 6 2
-2 -44 7 1
-27 -17 6 0
-27 -17 7 0
-9 -33 6 0
-29 -17 4 0
-12 -24 6 0
-13 -24 7 0
-15 -26 7 0
-11 -27 6 0
-11 -27 7 0
-12 -27 6 0
-12 -27 7 0
-13 -29 6 0
-13 -29 7 0
-12 -30 6 0
-12 -30 7 0
-11 -29 8 0
-12 -3 3 0
-11 -3 3 1
-12 -3 4 0
-11 -2 3 1
-11 -2 4 1
-10 -2 2 2
-10 -2 3 2
-10 -2 4 1
-10 -1 2 1
-10 -1 3 2
-10 -1 4 2
-12 -2 5 1
-11 -2 5 1
-10 -2 5 1
-10 -1 5 1
-50 -23 4 0
-10 -2 1 1
-10 -1 1 1
-50 -17 -1 1
-13 -5 3 2
-13 -5 4 2
-13 -5 2 1
-12 -4 3 1
-12 -4 4 1
-12 -4 2 1
-13 -3 5 0
-14 -4 -1 1
-13 -4 -1 1
-13 -4 0 1
-13 -4 1 1
-12 -4 -1 1
-12 -4 0 2
-12 -4 1 1
-12 -3 -1 1
-12 -2 -1 1
-12 -24 7 0
-14 -24 7 0
-15 -24 6 0
-15 -24 7 0
-15 -25 6 0
-16 -25 6 0
-15 -25 7 0
-15 -27 6 0
-10 -27 7 0
-11 -26 7 0
-13 -26 6 0
-13 -27 7 0
-13 -27 6 0
-13 -28 6 0
-12 -28 7 0
-13 -28 7 0
-11 -28 8 0
-8 -29 7 0
-8 -30 7 0
-18 -23 3 0
-11 -3 4 1
-9 -2 2 2
-9 -2 3 1
-9 -2 4 1
-9 -1 2 1
-9 -1 3 1
-9 -1 4 1
-9 -2 5 1
-9 -1 5 1
-15 -6 3 1
-15 -6 4 1
-14 -6 3 1
-9 -29 6 0
-13 -6 2 1
-7 -31 7 0
-49 -16 4 1
-49 -15 2 1
-14 -6 5 1
-13 -6 5 1
-13 -5 5 1
-13 -4 5 1
-16 -6 3 1
-11 -5 3 1
-11 -5 4 1
-11 -5 2 1
-49 -15 5 1
-14 -23 7 1
-16 -24 6 0
-16 -24 7 0
-16 -25 7 0
-16 -26 6 0
-16 -26 7 0
-16 -26 5 0
-12 -26 6 0
-12 -26 7 0
-12 -25 7 0
-8 -31 7 0
-13 -26 7 0
-13 -26 5 0
-14 -27 6 0
-14 -27 7 0
-14 -27 5 0
-13 -28 5 0
-12 -27 8 0
-15 -23 7 0
-17 -23 6 0
-16 -23 7 0
-17 -23 5 0
-17 -25 6 0
-17 -25 7 0
-17 -25 5 0
-17 -26 6 0
-17 -26 5 0
-15 -25 8 0
-2 -14 3 1
-2 -14 4 1
-1 -15 2 1
-1 -15 3 1
-1 -15 4 1
-1 -14 2 1
-1 -14 4 1
-10 -30 6 0
-10 -30 7 0
-8 -30 8 0
-1 -12 4 0
-1 -12 5 0
-2 -13 -1 1
-2 -13 0 1
-2 -13 1 1
-1 -13 -1 1
-1 -13 0 1
-1 -13 1 1
-37 -45 5 1
-41 -48 3 0
-40 -47 4 1
-41 -48 4 0
-40 -48 3 1
-40 -48 4 1
-38 -48 3 1
-39 -48 4 2
-40 -49 3 1
-40 -49 4 1
-40 -49 5 1
-40 -48 5 1
-40 -47 5 1
-39 -49 3 1
-39 -49 4 2
-39 -49 5 1
-39 -48 3 1
-39 -48 5 1
-38 -49 3 1
-38 -49 4 1
-38 -49 5 1
-38 -48 4 1
-38 -48 5 1
-40 -46 5 0
-41 -47 -1 1
-41 -47 0 1
-41 -47 1 1
-40 -47 -1 1
-40 -47 0 1
-40 -47 1 1
-39 -47 -1 1
-39 -47 0 1
-39 -47 1 1
-39 -46 -1 1
-39 -46 0 1
-39 -46 1 1
-39 -45 -1 1
-39 -45 0 1
-39 -45 1 1
-40 -46 2 0
-3 -38 8 1
-37 -48 3 0
-37 -48 4 0
-39 -50 3 1
-37 -49 3 0
-37 -49 4 0
-39 -48 0 2
-40 -49 -1 1
-40 -49 0 1
-40 -49 1 1
-40 -48 -1 1
-1 -16 2 1
-40 -48 1 1
-25 -29 6 0
-25 -29 7 0
-25 -29 5 0
-24 -30 6 0
-23 -30 6 0
-24 -30 7 0
-24 -30 5 0
-23 -31 6 0
-23 -31 7 0
-23 -30 5 0
-23 -31 5 0
-38 -47 -1 1
-23 -29 7 0
-23 -29 8 0
-23 -29 4 0
-1 -14 5 1
-1 -16 1 1
-1 -15 1 1
-36 -49 3 0
-36 -49 4 0
-3 -32 8 0
-7 -28 5 0
-3 -31 8 0
-40 -50 4 1
-40 -50 5 1
-39 -50 4 1
-39 -50 5 1
-38 -50 3 1
-38 -50 4 1
-38 -50 5 1
-11 -25 1 1
-37 -50 3 0
-36 -50 3 0
-36 -50 4 0
-39 -50 -1 1
-39 -50 0 1
-39 -50 1 1
-38 -50 -1 1
-38 -50 0 1
-38 -50 1 1
-37 -50 -1 1
-37 -50 0 1
-37 -50 1 1
-37 -49 -1 1
-37 -49 0 1
-37 -49 1 1
-37 -48 -1 1
-37 -48 0 1
-37 -48 1 1
-38 -49 2 0
-21 -30 7 0
-21 -30 5 0
-22 -29 7 0
-25 -30 6 0
-25 -30 7 0
-25 -30 5 0
-24 -31 6 0
-25 -32 6 0
-24 -32 7 0
-24 -31 5 0
-25 -32 5 0
-23 -32 6 0
-23 -32 7 0
-23 -32 5 0
-22 -31 6 0
-22 -32 6 0
-22 -32 7 0
-22 -32 5 0
-23 -30 7 0
-23 -30 8 0
-23 -30 4 0
-13 -23 3 1
-13 -23 4 1
-13 -23 5 1
-13 -22 3 2
-13 -22 4 2
-13 -22 5 2
-13 -21 3 1
-13 -21 4 1
-36 -50 5 0
-36 -50 1 2
-12 -23 4 1
-12 -23 5 1
-12 -22 3 2
-37 -50 2 1
-37 -49 2 1
-12 -21 4 1
-12 -21 5 1
-11 -23 3 1
-36 -50 0 1
-36 -50 2 1
-36 -49 0 1
-36 -49 1 1
-36 -49 2 1
-11 -21 3 1
-11 -21 4 1
-11 -21 5 1
-35 -50 0 1
-35 -50 1 1
-35 -50 2 1
-35 -49 0 1
-35 -49 1 1
-35 -49 2 1
-12 -22 2 1
-12 -21 2 1
-11 -23 2 1
-11 -22 2 1
-11 -21 2 1
-12 -24 3 0
-13 -25 4 0
-13 -24 4 0
-13 -24 5 0
-13 -25 3 0
-13 -24 3 0
-14 -25 4 0
-14 -25 5 0
-14 -25 3 0
-13 -27 4 0
-13 -27 5 0
-13 -27 3 0
-12 -27 5 0
-12 -25 5 0
-12 -25 6 0
-12 -25 2 0
-1 -49 8 0
-1 -49 9 0
-1 -50 8 0
-2 -50 8 0
-1 -50 9 0
-1 -50 4 1
-1 -50 5 2
-1 -50 6 1
-1 -49 4 1
-1 -49 5 1
-1 -49 6 1
-34 -50 0 1
-34 -50 1 1
-34 -50 2 1
-48 -12 2 0
-11 -21 6 1
-47 -12 2 1
-32 -50 4 2
-47 -18 4 0
-48 -16 1 1
-48 -16 2 1
-48 -16 3 1
-47 -16 1 1
-47 -16 2 1
-47 -16 3 1
-46 -16 1 1
-46 -16 2 1
-46 -16 3 1
-49 -18 3 1
-49 -20 3 1
-49 -20 4 1
-49 -20 2 1
-49 -21 3 2
-48 -21 -1 1
-48 -21 0 1
-48 -21 1 1
-48 -20 -1 1
-48 -20 0 1
-48 -20 1 1
-48 -19 -1 1
-48 -19 0 2
-33 -32 5 1
-33 -31 3 1
-33 -31 4 2
-33 -31 5 1
-33 -33 -1 1
-33 -33 0 1
-33 -32 -1 1
-33 -32 0 1
-33 -32 1 1
-33 -31 -1 1
-33 -31 0 2
-33 -31 1 1
-31 -29 3 0
-33 -29 3 1
-34 -30 3 1
-34 -31 3 1
-35 -31 2 2
-36 -32 1 1
-36 -32 2 1
-3 -31 2 1
-3 -31 3 1
-3 -31 4 1
-3 -30 2 1
-3 -30 3 2
-3 -30 4 1
-3 -29 2 2
-3 -29 3 2
-3 -29 4 1
-2 -29 2 1
-2 -29 3 1
-2 -29 4 1
-1 -29 2 1
-1 -29 3 1
-1 -29 4 1
-3 -32 2 1
-4 -33 3 0
-4 -33 4 1
-3 -34 3 0
-3 -34 7 1
-3 -33 5 1
-3 -33 6 2
-3 -33 7 1
-3 -32 5 1
-3 -32 6 2
-3 -32 7 1
-3 -34 -1 1
-3 -34 0 1
-3 -34 1 1
-3 -33 -1 1
-3 -33 0 1
-3 -33 1 1
-3 -32 -1 1
-3 -32 0 2
-3 -32 1 1
-2 -33 2 0
-13 -44 5 0
-14 -45 -1 1
-14 -45 0 1
-14 -45 1 1
-14 -44 -1 1
-14 -44 0 2
-14 -44 1 1
-14 -43 -1 1
-14 -43 0 2
-14 -43 1 1
-13 -43 -1 1
-13 -43 0 1
-13 -43 1 1
-12 -43 -1 1
-12 -43 0 1
-12 -43 1 1
-13 -44 2 0
-2 -45 7 1
-4 -30 1 1
-4 -30 2 2
-4 -30 3 1
-4 -29 1 1
-4 -29 2 1
-4 -29 3 2
-4 -28 1 1
-4 -28 2 2
-4 -28 3 1
-3 -30 1 1
-3 -29 1 1
-12 -42 3 0
-12 -42 4 0
-14 -42 3 0
-14 -42 4 0
-15 -42 3 0
-15 -42 4 0
-16 -44 3 0
-15 -44 4 0
-15 -45 3 0
-15 -45 4 0
-14 -45 4 0
-14 -44 5 0
-15 -45 -1 1
-15 -45 0 1
-15 -45 1 1
-15 -44 -1 1
-50 -1 15 0
-6 -48 3 0
-6 -47 3 0
-6 -48 4 0
-8 -48 3 0
-8 -48 4 0
-8 -49 3 0
-8 -49 4 0
-6 -49 5 0
-7 -50 -1 1
-7 -50 0 1
-7 -50 1 1
-7 -49 -1 1
-7 -49 0 2
-7 -49 1 1
-7 -48 -1 1
-7 -48 0 1
-7 -48 1 1
-6 -48 -1 1
-6 -48 0 1
-6 -48 1 1
-5 -48 -1 1
-5 -48 0 1
-5 -48 1 1
-6 -49 2 0
-7 -48 4 0
-6 -47 4 0
-7 -48 3 0
-7 -47 3 0
-7 -47 4 0
-9 -47 3 0
-8 -47 4 0
-9 -49 3 0
-9 -49 4 0
-9 -50 3 0
-8 -50 4 0
-7 -49 5 0
-8 -50 -1 1
-8 -50 0 1
-8 -50 1 1
-8 -49 -1 1
-8 -49 0 1
-8 -49 1 1
-8 -48 -1 1
-8 -48 0 2
-8 -48 1 1
-7 -49 2 0
-49 -2 14 0
-13 -2 3 1
-13 -2 4 1
-14 -2 4 1
-13 -1 4 1
-12 -2 3 1
-12 -2 4 1
-2 -28 5 1
-14 -1 5 1
-13 -1 5 1
-12 -1 5 1
-17 -1 5 1
-17 -5 2 1
-17 -5 3 1
-17 -5 4 1
-18 -5 3 1
-18 -5 4 1
-18 -5 5 1
-17 -5 5 1
-13 -3 3 1
-13 -3 4 1
-15 -2 5 1
-28 -16 6 0
-28 -16 7 0
-11 -1 3 2
-11 -1 4 2
-11 -1 5 1
-16 -1 5 1
-15 -1 5 1
-13 -4 3 1
-13 -4 4 1
-13 -4 2 1
-14 -2 5 0
-13 -3 -1 1
-13 -2 -1 1
-13 -1 -1 1
-28 -14 7 1
-27 -14 7 1
-26 -14 7 1
-29 -15 6 0
-29 -15 7 0
-2 -30 8 0
-2 -30 9 0
-2 -29 8 0
-2 -29 9 0
-1 -30 8 0
-1 -30 9 0
-1 -29 8 0
-1 -29 9 0
-4 -30 8 0
-4 -29 8 0
-3 -30 8 0
-3 -30 9 0
-3 -29 8 0
-3 -29 9 0
-11 -22 6 1
-46 -30 5 0
-45 -30 5 0
-45 -28 4 0
-45 -28 5 0
-47 -28 4 0
-45 -31 4 0
-45 -31 5 0
-47 -30 6 0
-47 -30 2 0
-8 -30 6 0
-8 -29 6 0
-7 -30 6 0
-7 -30 7 0
-7 -29 6 0
-8 -31 4 0
-8 -31 5 0
-7 -32 4 1
-7 -32 5 1
-7 -31 5 1
-6 -29 5 0
-5 -29 5 1
-8 -30 5 0
-7 -30 5 0
-7 -34 5 1
-7 -33 4 1
-7 -33 5 1
-4 -26 6 0
-4 -26 7 0
-3 -26 6 0
-3 -26 7 0
-6 -26 8 0
-5 -26 8 0
-45 -4 4 0
-45 -7 4 0
-43 -5 6 0
-49 -8 4 0
-42 -5 5 0
-42 -4 5 0
-47 -1 0 1
-48 -1 2 1
-48 -1 1 1
-48 -1 0 1
-47 -12 5 0
-45 -5 5 0
-46 -5 3 0
-45 -6 5 0
-44 -7 5 0
-44 -5 5 0
-44 -5 6 0
-45 -6 -1 1
-45 -6 0 1
-45 -6 1 1
-45 -5 -1 1
-1 -32 10 0
-40 -3 0 2
-32 -1 12 0
-38 -8 8 0
-37 -2 0 1
-39 -8 7 0
-40 -8 8 0
-37 -3 0 2
-37 -3 -1 1
-47 -5 6 0
-18 -24 4 0
-17 -23 -1 1
-17 -23 0 1
-17 -23 1 1
-17 -22 -1 1
-17 -22 0 2
-17 -22 1 1
-17 -21 -1 1
-17 -21 0 1
-17 -21 1 1
-16 -23 -1 1
-16 -22 -1 1
-16 -21 -1 1
-16 -21 0 1
-16 -21 1 1
-15 -22 -1 1
-15 -21 -1 1
-15 -21 0 1
-15 -21 1 1
-33 -28 3 0
-17 -21 3 0
-17 -21 4 0
-19 -20 3 0
-19 -20 4 0
-19 -22 3 0
-19 -22 4 0
-19 -23 3 0
-19 -23 4 0
-17 -22 5 0
-18 -23 -1 1
-18 -23 0 1
-18 -23 1 1
-18 -22 -1 1
-18 -22 0 1
-18 -22 1 1
-18 -21 -1 1
-18 -21 0 1
-18 -21 1 1
-17 -22 2 0
-10 -26 7 0
-17 -17 2 1
-17 -17 3 1
-17 -17 4 1
-16 -17 2 1
-16 -17 3 1
-16 -17 4 1
-15 -17 2 1
-15 -17 3 1
-15 -17 4 1
-18 -20 3 0
-18 -20 4 0
-19 -19 3 1
-19 -19 4 1
-20 -19 3 1
-20 -20 4 0
-20 -21 3 0
-21 -21 3 0
-19 -21 4 0
-20 -21 4 0
-20 -22 3 0
-20 -22 4 0
-19 -21 3 0
-19 -21 5 0
-19 -21 0 2
-20 -22 -1 1
-20 -22 0 1
-20 -22 1 1
-20 -21 -1 1
-20 -21 0 1
-20 -21 1 1
-20 -20 -1 1
-20 -20 0 2
-20 -20 1 1
-19 -22 -1 1
-19 -22 0 1
-19 -22 1 1
-19 -21 -1 1
-19 -21 1 1
-19 -20 -1 1
-19 -20 0 1
-19 -20 1 1
-18 -20 -1 1
-18 -20 0 1
-18 -20 1 1
-19 -21 2 0
-11 -24 6 0
-18 -20 5 0
-18 -19 4 1
-18 -19 5 1
-18 -19 3 1
-20 -18 4 2
-21 -19 3 1
-21 -19 4 1
-21 -19 5 1
-21 -18 3 1
-21 -18 4 1
-21 -18 5 1
-21 -17 3 2
-21 -17 4 2
-21 -17 5 2
-20 -19 4 1
-20 -19 5 1
-20 -18 3 1
-20 -18 5 2
-20 -17 3 2
-20 -17 4 2
-20 -17 5 1
-19 -19 5 1
-19 -18 3 2
-48 -14 3 0
-19 -18 5 2
-19 -17 3 1
-19 -17 4 1
-19 -17 5 1
-21 -19 6 1
-21 -18 6 1
-21 -17 6 1
-20 -19 6 1
-20 -18 6 1
-20 -17 6 1
-19 -19 6 1
-19 -18 6 1
-19 -17 6 1
-21 -18 2 1
-21 -17 2 1
-21 -16 2 1
-21 -16 3 1
-21 -16 4 1
-45 -15 3 0
-47 -14 -1 1
-47 -14 0 1
-46 -14 -1 1
-46 -14 0 2
-45 -16 -1 1
-45 -16 0 1
-45 -16 1 1
-45 -15 -1 1
-45 -15 0 1
-45 -14 -1 1
-45 -14 0 1
-45 -14 1 1
-46 -15 2 0
-24 -19 6 0
-23 -19 6 0
-8 -27 9 0
-25 -21 4 0
-25 -21 5 0
-47 -13 3 0
-48 -12 3 0
-47 -13 -1 1
-47 -13 0 1
-47 -13 1 1
-46 -13 -1 1
-46 -13 0 1
-45 -13 -1 1
-45 -13 0 1
-45 -13 1 1
-46 -14 2 1
-34 -13 5 0
-46 -11 3 0
-48 -13 4 0
-47 -14 2 1
-47 -12 0 1
-45 -12 1 1
-46 -10 1 1
-4 -29 9 0
-42 -24 2 0
-26 -17 6 0
-9 -26 2 2
-10 -27 1 1
-10 -27 2 1
-10 -26 1 1
-10 -26 2 1
-10 -25 1 1
-10 -25 2 1
-46 -13 1 2
-9 -26 1 1
-9 -25 1 1
-9 -25 2 1
-8 -26 1 1
-8 -25 1 1
-8 -25 2 1
-10 -29 -1 1
-10 -29 0 1
-10 -28 -1 1
-10 -28 0 1
-10 -28 1 1
-10 -27 -1 1
-10 -27 0 2
-6 -26 4 1
-5 -26 4 1
-10 -25 4 1
-11 -26 3 1
-11 -26 4 1
-11 -27 3 1
-12 -27 3 0
-11 -27 4 1
-12 -30 2 1
-12 -30 3 1
-12 -30 4 1
-12 -29 2 1
-12 -29 3 1
-12 -29 4 1
-12 -28 2 1
-12 -28 3 1
-12 -28 4 1
-11 -28 -1 1
-11 -28 0 1
-11 -28 1 1
-11 -27 -1 1
-11 -27 0 1
-11 -27 1 1
-11 -26 -1 1
-11 -26 0 2
-11 -26 1 1
-10 -26 -1 1
-10 -26 0 1
-9 -26 -1 1
-9 -26 0 1
-46 -14 1 1
-34 -28 3 1
-45 -23 3 1
-45 -22 3 1
-10 -24 2 1
-44 -22 2 1
-44 -21 2 1
-9 -24 2 1
-42 -23 2 0
-12 -25 3 0
-12 -25 4 0
-12 -27 4 0
-11 -30 5 1
-11 -29 5 1
-11 -28 5 1
-10 -30 5 1
-10 -29 5 1
-9 -30 5 1
-9 -29 5 1
-42 -22 2 1
-43 -22 3 1
-11 -25 4 0
-11 -24 4 0
-11 -25 3 0
-11 -24 3 0
-12 -26 4 0
-13 -26 4 0
-12 -26 3 0
-27 -19 5 0
-26 -15 6 1
-50 -13 2 1
-50 -13 3 1
-50 -15 0 1
-50 -14 0 1
-50 -13 0 1
-1 -39 11 0
-22 -14 5 1
-1 -31 1 1
-1 -30 1 1
-1 -29 1 1
-4 -30 4 1
-4 -29 4 1
-4 -28 4 1
-3 -28 4 1
-2 -28 4 1
-4 -31 2 1
-5 -30 3 1
-5 -30 4 1
-5 -32 4 1
-5 -33 3 0
-5 -33 4 1
-38 -28 4 1
-38 -28 2 1
-37 -30 3 0
-37 -30 2 0
-37 -28 4 2
-37 -28 5 1
-37 -27 5 1
-36 -27 5 1
-37 -29 -1 1
-37 -29 0 1
-37 -29 1 1
-37 -28 -1 1
-37 -28 0 1
-37 -28 1 2
-37 -27 -1 1
-37 -27 0 1
-37 -27 1 1
-36 -27 -1 1
-36 -27 0 1
-36 -27 1 1
-35 -27 -1 1
-35 -27 0 1
-35 -27 1 1
-36 -26 4 1
-37 -26 3 1
-37 -25 4 2
-38 -26 3 1
-38 -26 4 1
-38 -26 5 1
-38 -25 3 1
-38 -25 4 1
-38 -25 5 1
-38 -24 3 1
-38 -24 4 1
-38 -24 5 1
-37 -26 4 1
-37 -26 5 1
-37 -25 3 1
-37 -25 5 1
-37 -24 3 1
-37 -24 4 1
-43 -24 2 0
-36 -26 5 1
-36 -25 3 1
-36 -25 4 1
-36 -25 5 1
-36 -24 3 1
-36 -24 4 1
-50 -18 4 2
-50 -17 4 1
-50 -17 3 1
-50 -19 4 1
-47 -20 3 1
-47 -20 2 1
-39 -28 2 2
-38 -29 3 1
-38 -29 4 1
-38 -28 5 1
-38 -27 4 2
-38 -27 5 1
-38 -29 0 1
-38 -29 1 1
-38 -28 0 1
-38 -28 1 1
-38 -27 0 2
-38 -27 1 1
-38 -27 2 1
-37 -28 2 1
-36 -27 2 1
-24 -14 6 1
-39 -28 1 1
-12 -22 8 1
-50 -21 3 1
-50 -21 0 2
-50 -22 -1 1
-50 -22 0 1
-50 -22 1 1
-50 -21 -1 1
-50 -21 1 1
-49 -22 -1 1
-49 -22 0 1
-49 -21 -1 1
-49 -21 0 1
-50 -21 2 1
-1 -31 10 0
-15 -44 0 1
-15 -44 1 1
-15 -43 -1 1
-15 -43 0 2
-15 -43 1 1
-14 -44 2 0
-1 -39 8 0
-1 -39 9 0
-2 -39 8 0
-2 -38 8 1
-2 -39 9 0
-2 -38 9 0
-3 -39 8 0
-3 -39 9 0
-4 -40 8 0
-4 -40 9 0
-2 -40 10 0
-2 -40 6 2
-3 -40 5 1
-3 -40 6 1
-3 -40 7 1
-3 -39 5 1
-3 -39 6 1
-3 -39 7 1
-2 -40 5 1
-2 -40 7 1
-2 -39 5 1
-2 -39 6 2
-2 -39 7 1
-1 -40 5 1
-1 -40 6 2
-1 -40 7 1
-1 -39 5 1
-1 -39 6 2
-1 -39 7 1
-13 -42 4 0
-14 -41 3 0
-14 -41 4 0
-16 -42 3 0
-15 -43 4 0
-16 -42 4 0
-15 -43 3 0
-16 -43 3 0
-16 -43 4 0
-16 -45 3 0
-16 -44 4 0
-14 -43 5 0
-15 -42 -1 1
-15 -42 0 1
-15 -42 1 1
-14 -42 -1 1
-14 -42 0 1
-14 -42 1 1
-13 -42 -1 1
-13 -42 0 1
-13 -42 1 1
-14 -43 2 0
-31 -16 5 0
-10 -32 6 0
-10 -32 7 0
-10 -31 6 0
-9 -32 6 0
-9 -32 7 0
-9 -31 6 0
-44 -13 3 0
-43 -14 4 0
-50 -6 1 0
-50 -5 1 0
-42 -15 4 0
-41 -14 5 0
-42 -13 2 0
-4 -31 9 0
-45 -13 4 0
-44 -14 4 0
-44 -14 3 0
-4 -32 9 0
-25 -34 2 1
-25 -34 3 1
-25 -34 4 1
-25 -33 2 1
-1 -31 3 2
-25 -33 3 1
-25 -33 4 1
-24 -35 2 1
-24 -35 3 1
-24 -35 4 1
-24 -34 2 2
-24 -34 4 2
-24 -33 2 1
-24 -33 3 1
-24 -33 4 1
-23 -34 2 1
-23 -34 3 1
-23 -34 4 1
-23 -33 2 1
-23 -33 3 1
-23 -33 4 1
-25 -35 5 1
-25 -34 5 1
-25 -33 5 1
-24 -35 5 1
-24 -34 5 1
-24 -33 5 1
-23 -35 5 1
-23 -34 5 1
-23 -33 5 1
-25 -35 1 1
-25 -34 1 1
-25 -33 1 1
-24 -35 1 1
-24 -34 1 1
-24 -33 1 1
-23 -35 1 1
-23 -34 1 1
-23 -33 1 1
-26 -35 3 1
-26 -35 4 2
-26 -35 2 0
-27 -39 3 1
-27 -39 4 1
-27 -39 5 1
-27 -38 5 1
-27 -37 5 1
-26 -39 5 1
-26 -38 5 1
-26 -37 5 1
-25 -39 5 1
-25 -38 5 1
-25 -37 5 1
-23 -38 2 0
-25 -38 -1 1
-25 -38 0 1
-25 -37 -1 1
-25 -37 0 1
-25 -36 -1 1
-25 -36 0 2
-24 -37 2 0
-24 -36 2 0
-23 -36 2 0
-27 -35 3 1
-27 -35 2 0
-25 -36 5 1
-26 -37 -1 1
-26 -37 0 1
-26 -36 -1 1
-26 -36 0 1
-26 -35 -1 1
-26 -35 0 2
-26 -35 1 1
-25 -35 -1 1
-25 -35 0 1
-24 -35 -1 1
-24 -35 0 1
-26 -34 3 1
-26 -33 3 0
-26 -34 4 1
-26 -34 2 0
-26 -33 2 0
-28 -34 3 1
-27 -34 4 1
-28 -34 2 0
-28 -35 3 1
-28 -35 4 1
-28 -35 2 0
-28 -37 3 0
-28 -37 2 0
-27 -36 5 1
-27 -35 4 2
-27 -35 5 1
-27 -34 3 1
-27 -34 5 1
-26 -36 5 1
-26 -35 5 1
-26 -34 5 1
-27 -36 -1 1
-27 -36 0 1
-27 -35 -1 1
-27 -35 0 2
-27 -35 1 1
-27 -34 -1 1
-27 -34 0 1
-9 -27 7 0
-24 -1 2 1
-15 -22 6 0
-24 -1 4 1
-23 -1 2 1
-23 -1 3 1
-23 -1 4 1
-22 -1 2 1
-22 -1 3 2
-22 -1 4 2
-3 -32 3 1
-2 -33 4 0
-3 -32 4 1
-2 -33 3 0
-3 -33 3 0
-3 -33 4 0
-3 -35 3 0
-2 -32 6 2
-2 -32 7 1
-1 -32 6 2
-1 -32 7 1
-2 -32 -1 1
-2 -32 0 1
-2 -32 1 1
-1 -32 -1 1
-1 -32 0 1
-1 -32 1 1
-1 -33 2 0
-48 -34 4 0
-50 -34 5 0
-49 -32 4 0
-50 -32 4 0
-49 -35 4 0
-49 -35 5 0
-50 -34 6 0
-50 -34 3 0
-50 -34 2 0
-27 -14 3 1
-3 -31 9 0
-27 -14 5 1
-27 -13 3 2
-27 -13 4 2
-27 -13 5 2
-27 -12 3 1
-27 -12 4 1
-27 -12 5 1
-26 -12 3 1
-26 -12 4 1
-26 -12 5 1
-25 -12 3 1
-25 -12 4 1
-25 -12 5 1
-27 -14 6 1
-27 -13 6 2
-27 -12 6 1
-26 -14 6 1
-26 -13 6 1
-26 -12 6 1
-25 -14 6 1
-25 -13 6 1
-25 -12 6 1
-27 -14 2 1
-27 -13 2 1
-27 -12 2 1
-26 -12 2 1
-25 -12 2 1
-28 -14 4 1
-28 -16 4 0
-28 -16 5 0
-45 -18 3 0
-45 -18 4 0
-45 -18 2 0
-46 -21 0 1
-46 -21 1 1
-50 -33 2 0
-46 -20 1 2
-46 -19 0 1
-46 -19 1 1
-26 -16 3 0
-26 -16 2 0
-8 -27 6 0
-47 -32 5 0
-48 -32 4 0
-47 -32 4 0
-47 -30 5 0
-28 -14 3 1
-49 -31 4 0
-49 -30 4 0
-50 -30 4 0
-47 -33 5 0
-47 -33 4 0
-49 -32 7 0
-49 -32 3 0
-28 -14 6 1
-47 -18 2 2
-11 -23 8 1
-32 -7 11 0
-49 -12 6 0
-49 -11 6 0
-49 -11 7 0
-43 -4 7 0
-34 -2 4 1
-38 -11 4 0
-39 -9 4 0
-39 -9 5 0
-39 -9 3 0
-40 -9 4 0
-40 -9 5 0
-40 -9 3 0
-40 -11 6 0
-9 -25 6 0
-34 -28 4 1
-1 -48 7 0
-8 -26 7 0
-6 -37 5 1
-5 -37 5 1
-9 -28 6 0
-3 -8 2 1
-4 -8 1 1
-4 -7 1 1
-4 -6 1 1
-3 -8 1 1
-3 -8 3 1
-3 -7 1 1
-3 -7 2 1
-3 -7 3 1
-3 -6 1 1
-3 -6 2 1
-3 -6 3 1
-3 -8 4 1
-3 -7 4 1
-3 -6 4 1
-6 -5 1 1
-5 -5 1 1
-5 -5 2 1
-5 -5 3 1
-4 -5 1 1
-4 -5 2 1
-4 -5 3 1
-6 -5 4 1
-6 -5 5 1
-5 -5 4 1
-5 -5 5 1
-4 -5 4 1
-4 -5 5 1
-8 -11 1 1
-8 -11 2 1
-8 -11 3 1
-6 -12 1 1
-6 -12 2 1
-6 -12 3 1
-5 -12 1 1
-5 -12 2 1
-5 -12 3 1
-4 -12 1 1
-4 -12 2 1
-4 -12 3 1
-4 -11 1 1
-7 -28 9 0
-4 -11 3 1
-4 -10 1 1
-4 -10 2 1
-4 -10 3 1
-5 -11 4 2
-6 -12 4 1
-6 -12 5 1
-6 -11 4 1
-6 -11 5 1
-6 -10 5 1
-5 -12 4 1
-5 -12 5 1
-5 -11 5 1
-5 -10 5 1
-4 -12 4 1
-4 -12 5 1
-4 -11 4 1
-4 -11 5 1
-4 -10 4 1
-4 -10 5 1
-4 -9 3 1
-4 -9 2 1
-4 -9 4 1
-6 -9 -1 1
-6 -9 0 1
-5 -9 -1 1
-5 -9 0 1
-4 -9 -1 1
-4 -9 0 2
-4 -9 1 1
-4 -8 -1 1
-4 -8 0 1
-4 -7 -1 1
-4 -7 0 1
-16 -3 5 1
-16 -2 5 1
-16 -1 -1 1
-16 -1 0 2
-12 -23 8 1
-17 -21 5 0
-11 -4 3 0
-10 -4 3 0
-10 -4 4 0
-11 -4 2 0
-10 -4 2 0
-10 -3 2 1
-10 -3 3 1
-10 -3 4 1
-9 -3 2 1
-9 -3 3 1
-9 -3 4 1
-10 -3 1 1
-9 -3 1 1
-9 -2 1 1
-9 -1 1 1
-12 -6 2 1
-44 -22 3 1
-44 -22 4 2
-12 -5 2 1
-12 -5 3 1
-12 -5 4 1
-12 -6 5 1
-12 -5 5 1
-12 -4 5 1
-10 -5 3 0
-10 -5 4 0
-10 -5 2 0
-13 -5 -1 1
-13 -5 0 1
-13 -5 1 1
-12 -5 -1 1
-12 -5 0 1
-12 -5 1 1
-11 -5 -1 1
-11 -5 0 1
-11 -5 1 1
-11 -4 -1 1
-11 -4 0 2
-2 -50 3 0
-5 -50 4 0
-5 -50 3 0
-34 -29 2 0
-9 -4 3 0
-9 -4 4 0
-9 -4 2 0
-13 -7 2 2
-13 -7 3 1
-13 -7 4 1
-12 -7 2 2
-12 -7 3 1
-12 -7 4 1
-11 -7 2 1
-11 -7 3 1
-11 -7 4 1
-11 -6 2 1
-11 -6 3 1
-11 -6 4 1
-13 -7 5 1
-12 -7 5 1
-11 -7 5 1
-11 -6 5 1
-11 -5 5 1
-14 -8 1 1
-14 -8 2 1
-14 -8 3 1
-14 -7 1 1
-14 -7 2 1
-14 -7 3 1
-26 -20 6 0
-26 -19 6 0
-25 -19 6 0
-48 -29 4 0
-47 -29 4 0
-46 -30 4 0
-45 -30 4 0
-4 -28 5 1
-3 -28 5 1
-3 -27 5 1
-11 -21 8 1
-12 -22 7 2
-40 -2 -1 1
-40 -2 0 2
-40 -2 1 1
-40 -1 -1 1
-40 -1 0 2
-50 -5 5 0
-49 -6 4 0
-39 -1 0 2
-47 -5 4 0
-47 -5 5 0
-49 -4 6 0
-38 -1 1 2
-46 -5 7 0
-36 -12 4 0
-42 -3 -1 1
-41 -12 4 0
-42 -3 0 2
-42 -3 1 1
-42 -2 -1 1
-42 -2 0 2
-42 -2 1 2
-42 -1 -1 1
-42 -1 0 1
-42 -1 1 1
-12 -25 1 1
-41 -3 0 2
-11 -25 0 1
-41 -2 -1 1
-41 -2 1 2
-41 -1 -1 1
-39 -9 7 0
-41 -1 1 1
-41 -5 -1 1
-41 -5 0 2
-41 -5 1 1
-41 -4 -1 1
-41 -4 0 2
-41 -4 1 1
-41 -6 -1 1
-41 -6 0 2
-41 -6 1 1
-39 -7 0 2
-41 -12 5 0
-39 -5 2 1
-37 -5 5 1
-36 -11 4 0
-44 -7 4 0
-44 -7 2 1
-38 -9 3 0
-37 -10 3 0
-37 -9 3 0
-38 -11 3 0
-44 -6 2 1
-50 -3 6 0
-44 -4 2 1
-43 -4 3 2
-43 -5 2 1
-43 -4 2 2
-42 -6 2 1
-44 -16 8 0
-43 -6 5 0
-44 -7 -1 1
-44 -7 0 1
-44 -7 1 1
-42 -3 8 0
-40 -2 10 0
-44 -4 4 1
-44 -3 2 1
-44 -3 3 1
-44 -3 4 1
-43 -3 3 1
-43 -3 4 1
-42 -3 3 1
-34 -4 5 1
-45 -6 4 0
-34 -8 7 0
-39 -6 3 0
-40 -4 3 0
-42 -5 3 1
-42 -6 3 0
-42 -7 3 0
-40 -8 3 0
-39 -7 3 0
-32 -4 11 0
-32 -3 11 0
-42 -7 2 1
-40 -6 3 0
-40 -6 4 0
-41 -5 3 1
-41 -4 3 1
-41 -6 3 0
-41 -7 3 0
-41 -8 3 0
-40 -7 3 0
-41 -6 4 0
-34 -6 12 0
-34 -6 13 0
-34 -5 12 0
-34 -5 13 0
-33 -6 12 0
-44 -11 8 0
-33 -5 12 0
-42 -2 9 0
-41 -3 9 0
-39 -3 9 0
-43 -7 8 0
-46 -12 8 0
-45 -12 8 0
-40 -1 9 0
-50 -3 3 0
-41 -2 9 0
-50 -3 2 1
-50 -6 3 0
-50 -6 2 0
-49 -2 8 0
-49 -1 8 0
-50 -3 8 0
-49 -4 8 0
-49 -7 11 0
-43 -6 3 0
-42 -8 3 0
-42 -8 2 1
-39 -8 3 0
-41 -6 5 0
-47 -7 10 0
-48 -6 10 0
-50 -8 10 0
-49 -9 10 0
-48 -8 10 0
-42 -5 4 1
-43 -6 4 0
-42 -8 4 0
-41 -8 4 0
-40 -8 4 0
-32 -10 7 0
-47 -1 8 0
-48 -4 7 0
-50 -3 7 0
-48 -1 8 0
-41 -5 8 0
-49 -3 8 0
-47 -2 8 0
-46 -4 8 0
-47 -14 6 0
-48 -3 8 0
-48 -3 9 0
-47 -4 8 0
-44 -2 0 1
-44 -2 1 1
-50 -4 2 0
-49 -5 2 0
-49 -4 1 1
-46 -7 2 0
-50 -23 5 0
-49 -23 5 0
-50 -23 6 0
-50 -22 5 1
-50 -22 6 0
-34 -8 8 0
-34 -8 9 0
-28 -13 6 1
-28 -12 6 2
-28 -14 2 1
-28 -13 2 1
-28 -12 2 1
-29 -13 4 1
-28 -15 4 0
-29 -15 4 0
-29 -15 5 0
-29 -15 3 0
-29 -16 4 0
-27 -17 4 0
-27 -15 5 0
-27 -15 6 0
-27 -15 3 0
-27 -15 2 0
-36 -9 7 0
-35 -10 6 0
-35 -10 7 0
-35 -9 6 0
-35 -9 7 0
-50 -4 1 0
-50 -2 7 0
-49 -22 5 1
-48 -22 5 1
-49 -22 6 0
-50 -21 5 1
-49 -21 5 1
-50 -21 6 0
-49 -21 6 0
-50 -20 5 1
-50 -20 6 0
-44 -6 6 0
-44 -4 7 0
-50 -7 10 0
-50 -7 11 0
-49 -8 10 0
-32 -8 10 0
-32 -7 10 0
-29 -13 3 1
-29 -13 5 1
-29 -12 3 2
-29 -12 4 1
-29 -12 5 2
-29 -11 3 2
-29 -11 4 1
-29 -11 5 1
-28 -11 3 1
-28 -11 4 1
-28 -11 5 1
-27 -11 3 1
-27 -11 4 1
-27 -11 5 1
-29 -13 6 1
-29 -12 6 1
-29 -11 6 1
-28 -11 6 1
-27 -11 6 1
-29 -13 2 1
-29 -12 2 1
-29 -11 2 1
-28 -11 2 1
-27 -11 2 1
-30 -13 4 1
-30 -13 3 1
-29 -14 4 1
-30 -14 4 0
-30 -14 5 0
-30 -14 3 0
-30 -15 4 0
-30 -15 3 0
-39 -1 9 0
-39 -1 7 0
-38 -2 8 0
-38 -3 8 0
-37 -2 8 0
-38 -2 9 0
-38 -3 7 0
-37 -3 8 0
-37 -3 9 0
-37 -3 7 1
-35 -3 8 0
-36 -2 9 0
-35 -3 7 1
-37 -1 9 0
-37 -1 10 0
-37 -1 6 1
-37 -5 6 1
-42 -8 0 2
-42 -8 1 1
-41 -8 -1 1
-41 -8 0 2
-41 -8 1 1
-37 -8 -1 1
-37 -8 0 2
-37 -8 1 1
-36 -8 -1 1
-36 -8 0 1
-36 -8 1 1
-36 -7 -1 1
-36 -7 0 1
-36 -7 1 1
-42 -14 5 0
-5 -32 8 0
-3 -32 9 0
-43 -8 6 0
-44 -7 8 0
-47 -6 8 0
-45 -9 8 0
-44 -8 8 0
-29 -10 4 2
-30 -11 3 2
-30 -11 4 2
-30 -11 5 2
-45 -22 4 2
-45 -22 5 1
-45 -21 4 1
-45 -21 5 1
-48 -6 9 0
-45 -9 2 1
-45 -7 0 1
-45 -7 1 1
-22 -40 0 1
-22 -40 1 1
-22 -39 -1 1
-22 -39 0 1
-22 -39 1 1
-22 -38 -1 1
-22 -38 0 2
-22 -38 1 1
-21 -39 2 0
-45 -10 6 0
-38 -9 4 0
-38 -9 5 0
-39 -8 4 0
-38 -8 4 0
-39 -8 5 0
-40 -7 5 0
-41 -8 5 0
-39 -10 5 0
-45 -29 4 0
-44 -29 4 0
-44 -29 3 0
-44 -27 4 0
-48 -8 5 0
-44 -28 5 0
-44 -28 3 0
-46 -15 1 1
-46 -27 4 0
-46 -27 3 0
-47 -28 3 0
-46 -31 3 0
-44 -30 5 0
-46 -29 3 0
-38 -9 7 0
-20 -38 4 0
-22 -36 2 0
-23 -37 2 0
-24 -38 3 1
-38 -8 5 0
-24 -38 4 1
-24 -38 2 1
-23 -39 -1 1
-23 -39 0 1
-23 -39 1 1
-23 -38 -1 1
-23 -38 0 1
-23 -38 1 1
-23 -37 -1 1
-23 -37 0 2
-23 -37 1 1
-22 -37 -1 1
-22 -37 0 1
-22 -37 1 1
-21 -37 -1 1
-21 -37 0 1
-22 -38 2 0
-50 -7 8 0
-50 -7 9 0
-40 -11 5 0
-44 -13 4 0
-41 -13 4 0
-41 -13 5 0
-41 -13 3 0
-9 -26 8 0
-44 -10 3 0
-39 -12 5 0
-39 -12 3 0
-40 -10 5 0
-41 -14 4 0
-44 -9 5 0
-41 -14 3 0
-41 -12 6 0
-41 -12 2 0
-49 -7 10 0
-45 -11 4 0
-45 -11 3 0
-44 -11 5 0
-42 -11 4 0
-42 -11 3 0
-44 -9 0 2
-45 -10 -1 1
-45 -10 0 2
-45 -10 1 1
-45 -9 -1 1
-45 -9 0 1
-45 -9 1 1
-45 -8 -1 1
-44 -28 4 0
-43 -28 4 0
-43 -28 5 0
-43 -28 3 0
-43 -27 4 0
-43 -27 5 0
-44 -27 3 0
-43 -27 3 0
-45 -27 4 0
-45 -26 4 0
-43 -10 -1 1
-45 -26 5 0
-45 -27 3 0
-45 -26 3 0
-46 -28 3 0
-45 -29 3 0
-43 -29 4 0
-43 -29 3 0
-45 -28 3 0
-45 -28 2 0
-42 -10 3 0
-41 -10 3 0
-37 -12 4 0
-40 -2 11 0
-43 -12 4 0
-40 -12 5 0
-40 -12 3 0
-42 -6 8 0
-40 -10 3 0
-42 -14 4 0
-43 -10 6 0
-42 -14 3 0
-40 -13 4 0
-40 -13 3 0
-42 -12 5 0
-42 -12 6 0
-42 -12 2 0
-42 -11 -1 1
-42 -11 0 1
-42 -11 1 1
-42 -10 -1 1
-44 -6 8 0
-42 -10 1 1
-42 -9 -1 1
-42 -9 0 1
-42 -9 1 1
-36 -6 -1 1
-36 -6 0 1
-36 -6 1 2
-39 -9 2 0
-46 -18 5 0
-39 -10 3 0
-39 -10 2 0
-37 -8 2 1
-46 -17 7 0
-38 -8 2 1
-38 -10 1 1
-38 -10 0 1
-38 -10 -1 1
-39 -10 1 1
-39 -10 0 1
-39 -10 -1 1
-40 -10 1 1
-40 -10 0 1
-40 -10 -1 1
-47 -12 1 1
-46 -13 2 1
-46 -12 0 1
-45 -14 2 1
-45 -12 0 1
-45 -12 2 1
-50 -5 10 0
-32 -1 11 0
-38 -11 5 0
-47 -17 6 0
-38 -9 2 0
-47 -17 5 0
-46 -17 5 0
-48 -17 6 0
-48 -16 6 0
-44 -3 7 0
-48 -16 7 0
-48 -17 5 0
-48 -16 5 0
-49 -17 7 0
-48 -18 4 1
-48 -18 6 0
-43 -6 7 0
-50 -4 10 0
-48 -29 6 0
-50 -30 5 0
-50 -29 5 0
-50 -30 6 0
-50 -29 6 0
-41 -9 2 0
-46 -6 -1 2
-47 -7 -2 1
-47 -7 -1 1
-47 -7 0 1
-47 -6 -2 1
-47 -6 -1 2
-47 -6 0 1
-47 -5 -2 1
-47 -5 -1 2
-46 -7 -2 1
-46 -7 -1 1
-6 -30 8 0
-46 -6 -2 1
-46 -6 0 1
-46 -5 -2 1
-46 -5 -1 1
-45 -7 -2 1
-45 -6 -2 1
-45 -5 -2 1
-46 -6 1 0
-47 -11 1 1
-43 -15 4 0
-46 -11 1 1
-43 -15 3 0
-43 -13 2 0
-42 -25 2 0
-43 -23 2 0
-49 -2 1 2
-48 -4 0 1
-48 -4 1 1
-48 -3 0 2
-48 -3 1 2
-49 -6 1 0
-48 -7 1 0
-47 -8 1 0
-48 -7 -2 1
-48 -7 -1 1
-48 -7 0 1
-48 -6 -2 1
-48 -6 -1 1
-48 -6 0 1
-48 -5 -2 1
-48 -5 -1 2
-48 -5 0 1
-47 -6 1 0
-14 -23 4 1
-14 -23 5 1
-14 -22 3 1
-14 -22 4 1
-14 -22 5 1
-14 -21 3 1
-14 -21 4 1
-14 -21 5 1
-14 -23 6 1
-14 -22 6 1
-14 -21 6 1
-13 -23 6 1
-13 -22 6 2
-49 -5 1 0
-49 -7 2 0
-48 -6 1 0
-49 -7 1 0
-47 -7 1 0
-46 -7 1 0
-48 -4 -2 1
-48 -4 -1 1
-47 -4 -2 1
-47 -4 -1 1
-46 -4 -2 1
-15 -25 5 0
-15 -25 3 0
-14 -26 4 0
-14 -26 5 0
-14 -26 3 0
-12 -26 5 0
-13 -25 5 0
-13 -25 6 0
-13 -25 2 0
-1 -43 8 0
-1 -43 9 0
-1 -42 8 0
-1 -42 9 0
-2 -41 8 0
-2 -42 9 0
-2 -41 9 0
-3 -42 8 0
-3 -42 9 0
-4 -43 8 0
-4 -43 9 0
-2 -43 10 0
-3 -44 7 1
-3 -43 7 1
-3 -42 5 1
-3 -42 6 1
-3 -42 7 1
-2 -43 7 1
-2 -42 5 1
-2 -42 6 2
-2 -42 7 1
-1 -44 7 1
-1 -43 7 1
-1 -42 5 1
-1 -42 6 2
-1 -42 7 1
-1 -41 8 0
-1 -41 9 0
-1 -40 9 0
-1 -40 8 0
-2 -40 8 0
-2 -40 9 0
-6 -29 7 0
-3 -40 8 0
-3 -41 9 0
-3 -40 9 0
-42 -20 3 0
-42 -20 4 0
-42 -20 2 1
-44 -20 3 0
-44 -21 4 1
-43 -21 -1 1
-43 -21 0 2
-43 -21 1 2
-42 -21 -1 1
-42 -21 0 1
-42 -21 1 1
-41 -21 -1 1
-41 -21 0 1
-41 -21 1 1
-9 -31 4 0
-9 -31 5 0
-41 -20 2 0
-43 -20 3 0
-43 -19 3 0
-43 -20 4 0
-43 -19 2 1
-44 -21 3 1
-44 -20 4 0
-44 -20 2 1
-47 -22 3 1
-47 -21 3 2
-46 -22 3 1
-45 -20 3 1
-46 -24 3 1
-46 -23 3 1
-43 -21 5 1
-44 -22 -1 1
-44 -22 0 1
-8 -26 6 0
-44 -21 -1 1
-8 -25 6 0
-34 -14 5 0
-7 -26 6 0
-7 -26 7 0
-11 -23 7 1
-3 -36 4 1
-3 -36 5 1
-3 -36 6 2
-3 -35 4 1
-3 -35 5 1
-3 -35 6 2
-3 -34 4 1
-3 -34 5 1
-3 -34 6 2
-2 -34 4 1
-2 -34 5 1
-2 -34 6 2
-1 -34 4 1
-1 -35 3 0
-2 -38 4 1
-2 -38 5 1
-2 -38 6 2
-1 -38 4 1
-1 -38 5 1
-1 -38 6 2
-42 -27 3 0
-42 -27 4 0
-43 -26 3 0
-42 -26 3 1
-43 -26 4 0
-6 -29 8 0
-44 -25 3 0
-44 -26 4 0
-44 -25 4 1
-42 -28 3 0
-44 -27 5 0
-44 -27 2 0
-44 -27 1 0
-50 -22 3 1
-36 -3 12 0
-40 -4 6 0
-44 -4 8 0
-12 -23 7 1
-39 -1 6 0
-6 -29 6 0
-41 -1 6 0
-5 -30 7 1
-5 -29 6 1
-5 -29 7 1
-4 -29 5 1
-3 -29 5 1
-6 -28 6 0
-6 -28 7 0
-6 -27 6 0
-6 -27 7 0
-5 -28 6 0
-5 -28 7 0
-5 -27 6 0
-5 -27 7 0
-46 -19 6 1
-46 -19 7 0
-45 -20 6 1
-36 -5 -1 1
-36 -5 0 2
-36 -5 1 2
-36 -4 -1 1
-36 -4 0 1
-36 -4 1 1
-42 -7 -1 1
-42 -7 0 2
-42 -7 1 2
-40 -8 -1 1
-40 -8 0 2
-40 -8 1 1
-39 -8 -1 1
-39 -8 0 2
-39 -8 1 1
-38 -8 -1 1
-38 -8 0 1
-38 -8 1 1
-40 -6 2 1
-40 -5 2 1
-40 -4 2 1
-39 -4 2 1
-38 -4 2 1
-37 -11 6 0
-41 -10 5 0
-2 -29 10 0
-17 -38 3 2
-44 -1 0 1
-18 -38 2 1
-18 -38 3 1
-18 -38 4 1
-18 -37 2 2
-43 -5 -1 1
-18 -37 3 1
-18 -37 4 1
-17 -38 2 1
-43 -4 0 1
-43 -4 1 1
-44 -12 5 0
-44 -7 3 0
-42 -9 3 0
-42 -7 5 0
-41 -12 3 0
-35 -6 0 1
-35 -6 1 1
-50 -3 12 0
-35 -5 0 1
-35 -5 1 1
-1 -28 5 1
-4 -32 8 0
-12 -31 6 0
-37 -16 3 0
-11 -31 6 0
-38 -14 4 0
-39 -14 3 0
-39 -14 4 0
-40 -15 3 0
-40 -15 4 0
-39 -16 5 0
-39 -16 2 0
-39 -16 1 0
-7 -27 8 0
-46 -7 3 0
-46 -7 5 0
-46 -7 4 0
-47 -7 3 0
-47 -7 5 0
-47 -7 4 0
-47 -6 4 0
-48 -7 3 0
-48 -7 5 0
-48 -7 4 0
-49 -5 3 0
-45 -11 7 0
-45 -11 6 0
-45 -12 7 0
-45 -12 6 0
-46 -11 7 0
-46 -11 6 0
-46 -12 7 0
-46 -12 6 0
-49 -10 7 0
-49 -10 6 0
-50 -10 7 0
-50 -10 6 0
-43 -12 7 0
-49 -29 4 0
-49 -29 8 0
-44 -15 5 0
-44 -15 4 0
-48 -30 5 0
-44 -16 4 0
-48 -30 6 0
-50 -28 5 0
-49 -29 5 0
-50 -28 6 0
-49 -29 6 0
-49 -27 5 0
-49 -28 5 0
-49 -27 6 0
-49 -28 6 0
-47 -28 5 0
-47 -28 6 0
-47 -29 5 0
-42 -15 5 0
-6 -30 7 1
-48 -4 2 1
-33 -1 12 0
-33 -2 12 0
-39 -13 3 0
-34 -1 12 0
-38 -13 3 0
-38 -13 4 0
-4 -30 9 0
-40 -14 3 0
-41 -15 3 0
-41 -15 4 0
-38 -15 3 0
-38 -15 4 0
-40 -14 5 0
-40 -14 2 0
-40 -14 1 0
-37 -6 7 1
-37 -4 7 0
-41 -6 8 0
-41 -6 9 0
-39 -6 8 0
-40 -7 8 0
-40 -7 9 0
-39 -6 1 1
-39 -5 -1 1
-39 -5 0 2
-39 -5 1 2
-39 -4 -1 1
-37 -7 8 0
-39 -4 0 2
-39 -4 1 1
-38 -6 -1 1
-38 -6 0 2
-38 -6 1 1
-38 -5 -1 1
-38 -5 1 1
-38 -4 -1 1
-38 -4 0 2
-38 -4 1 1
-37 -6 -1 1
-44 -3 6 0
-37 -6 0 2
-37 -6 1 1
-37 -5 -1 1
-37 -5 0 2
-37 -5 1 1
-37 -4 -1 1
-37 -4 0 2
-37 -4 1 1
-40 -6 -1 1
-49 -5 4 0
-40 -6 0 2
-40 -6 1 1
-40 -5 -1 1
-40 -5 0 2
-40 -5 1 1
-40 -4 -1 1
-40 -4 0 2
-40 -4 1 1
-3 -48 9 0
-1 -48 10 0
-1 -48 11 0
-39 -3 0 2
-39 -3 1 1
-39 -2 -1 1
-44 -9 6 0
-39 -2 0 2
-39 -2 1 1
-38 -3 -1 1
-38 -3 1 2
-38 -2 -1 1
-38 -2 0 2
-38 -2 1 2
-43 -9 7 0
-36 -9 -1 1
-42 -9 6 0
-41 -3 3 1
-40 -3 3 0
-46 -10 6 0
-46 -10 7 0
-46 -9 7 0
-45 -10 7 0
-39 -3 4 0
-44 -6 0 1
-37 -3 2 1
-37 -4 2 1
-44 -12 6 0
-43 -13 3 0
-41 -1 4 0
-36 -1 13 0
-41 -1 5 0
-45 -21 8 0
-35 -1 12 0
-47 -31 5 0
-49 -29 7 0
-46 -25 7 0
-46 -25 5 1
-48 -8 7 0
-32 -9 8 0
-35 -1 11 0
-44 -1 8 0
-35 -11 3 0
-34 -9 3 0
-36 -4 12 0
-48 -8 8 0
-46 -16 6 0
-46 -16 7 0
-34 -4 14 0
-46 -15 6 0
-49 -1 4 0
-45 -16 6 0
-45 -16 7 0
-45 -15 6 0
-45 -15 7 0
-34 -4 11 0
-44 -8 4 0
-43 -8 5 0
-47 -8 4 0
-46 -9 4 0
-46 -9 5 0
-46 -9 3 0
-45 -10 4 0
-44 -16 6 0
-44 -16 7 0
-45 -7 8 0
-44 -15 7 0
-43 -16 6 0
-43 -16 7 0
-44 -3 0 2
-49 -2 3 0
-44 -4 6 0
-47 -2 3 1
-46 -1 0 1
-45 -17 6 0
-46 -1 1 1
-46 -1 2 1
-42 -16 6 0
-46 -2 7 0
-46 -2 6 0
-37 -25 2 0
-38 -25 2 0
-39 -25 2 0
-40 -27 2 1
-39 -28 5 1
-39 -28 -1 1
-39 -28 0 1
-39 -27 -1 1
-39 -27 0 1
-39 -27 1 1
-39 -26 -1 1
-39 -26 0 2
-39 -26 1 1
-38 -28 -1 1
-38 -27 -1 1
-38 -26 -1 1
-38 -26 0 1
-38 -26 1 1
-37 -26 -1 1
-37 -26 0 1
-37 -26 1 1
-2 -48 9 0
-1 -47 10 0
-1 -47 5 2
-2 -48 4 1
-2 -48 5 1
-2 -48 6 1
-2 -47 4 1
-2 -47 5 1
-2 -47 6 1
-2 -46 4 1
-2 -46 5 1
-2 -46 6 1
-1 -47 4 1
-1 -47 6 1
-1 -46 4 1
-1 -46 5 2
-1 -46 6 1
-3 -47 9 0
-1 -47 11 0
-39 -24 2 0
-40 -25 2 0
-41 -26 2 0
-40 -28 3 1
-40 -28 2 1
-40 -29 4 1
-40 -28 4 1
-39 -29 2 1
-1 -46 11 0
-39 -29 4 1
-39 -27 2 1
-40 -29 5 1
-40 -28 5 1
-39 -29 5 1
-40 -29 1 1
-40 -28 1 1
-40 -27 1 1
-39 -29 1 1
-40 -27 -1 1
-40 -27 0 1
-40 -26 -1 1
-40 -26 0 1
-40 -26 1 1
-39 -25 -1 1
-39 -25 0 1
-39 -25 1 1
-38 -25 -1 1
-38 -25 0 1
-38 -25 1 1
-39 -26 2 0
-38 -24 2 0
-41 -27 2 0
-38 -12 3 0
-38 -12 4 0
-40 -12 2 0
-40 -12 1 0
-48 -2 9 0
-45 -1 8 0
-46 -2 8 0
-47 -1 9 0
-25 -20 5 0
-25 -18 7 0
-24 -20 4 0
-24 -20 5 0
-40 -11 1 0
-29 -18 4 0
-11 -22 8 1
-2 -28 6 2
-2 -28 7 1
-2 -27 6 1
-2 -27 7 1
-1 -28 6 2
-1 -28 7 1
-1 -27 6 1
-1 -27 7 1
-24 -15 6 1
-11 -21 7 1
-43 -10 2 1
-46 -9 -1 1
-46 -9 0 1
-46 -9 1 1
-11 -25 8 0
-35 -29 1 1
-42 -10 2 0
-46 -8 2 0
-45 -21 3 1
-40 -26 4 2
-40 -26 5 1
-40 -25 3 1
-40 -25 4 1
-40 -25 5 1
-40 -24 3 1
-40 -24 4 1
-40 -24 5 1
-43 -25 3 0
-6 -36 6 1
-43 -21 4 1
-6 -35 6 1
-6 -35 7 1
-5 -36 6 2
-5 -36 7 1
-5 -35 6 2
-5 -35 7 1
-4 -36 5 1
-4 -35 5 1
-6 -34 6 1
-6 -34 7 1
-1 -39 10 0
-6 -33 7 1
-5 -34 6 2
-5 -34 7 1
-5 -33 6 2
-5 -33 7 1
-36 -2 1 1
-34 -8 11 0
-36 -3 2 1
-36 -3 1 1
-36 -3 0 1
-36 -4 2 1
-35 -1 2 2
-36 -11 8 0
-35 -2 2 1
-35 -2 1 1
-35 -3 2 2
-35 -3 1 1
-35 -4 2 1
-35 -5 3 2
-35 -5 2 1
-35 -6 3 2
-35 -6 2 1
-36 -5 3 2
-36 -6 3 2
-36 -6 2 1
-37 -6 2 1
-36 -5 2 2
-37 -5 4 1
-37 -5 3 1
-49 -7 5 0
-49 -7 9 0
-49 -7 8 0
-44 -3 8 0
-49 -9 8 0
-50 -8 6 0
-50 -8 8 0
-50 -9 7 0
-50 -8 7 0
-50 -6 6 0
-50 -6 8 0
-50 -6 7 0
-49 -5 6 0
-49 -5 8 0
-49 -5 7 0
-48 -6 8 0
-47 -7 8 0
-49 -3 4 0
-48 -22 6 0
-32 -3 13 0
-32 -3 12 0
-44 -17 5 0
-47 -6 2 0
-44 -18 5 0
-44 -18 4 0
-48 -3 2 1
-32 -8 9 0
-50 -19 5 1
-50 -19 6 1
-48 -19 5 1
-49 -20 5 1
-48 -19 6 1
-49 -20 6 0
-45 -20 5 1
-45 -20 4 1
-46 -20 5 1
-46 -20 4 1
-46 -21 4 2
-46 -22 4 1
-47 -20 6 1
-47 -20 5 2
-47 -20 4 2
-47 -21 5 1
-47 -21 4 2
-47 -22 4 1
-45 -20 7 0
-45 -19 6 0
-45 -19 7 0
-44 -20 6 0
-44 -20 7 0
-44 -19 6 0
-44 -19 7 0
-43 -20 6 0
-43 -20 7 0
-43 -19 6 0
-43 -19 7 0
-36 -9 10 0
-41 -3 4 1
-36 -10 10 0
-37 -1 1 1
-35 -9 10 0
-35 -9 11 0
-35 -8 7 0
-35 -8 6 0
-34 -7 11 0
-34 -7 10 0
-34 -8 10 0
-40 -4 7 0
-33 -9 11 0
-34 -4 6 1
-35 -1 10 0
-34 -3 6 1
-48 -5 3 0
-45 -5 2 1
-48 -6 6 0
-49 -8 5 0
-32 -7 12 0
-49 -2 5 0
-46 -9 6 0
-43 -15 6 0
-43 -15 7 0
-38 -2 7 0
-34 -2 6 1
-38 -2 6 0
-49 -4 2 1
-49 -4 3 0
-38 -1 -1 1
-39 -1 -1 1
-40 -1 1 1
-50 -5 4 0
-44 -1 3 0
-32 -2 13 0
-38 -8 7 0
-37 -2 -1 1
-41 -8 7 0
-48 -10 5 0
-49 -3 2 1
-48 -4 5 0
-48 -4 4 0
-49 -5 5 0
-48 -3 5 0
-48 -8 3 0
-39 -6 10 0
-39 -6 9 0
-37 -7 7 1
-37 -7 9 0
-39 -7 7 0
-39 -7 9 0
-34 -2 2 1
-44 -24 6 1
-44 -24 7 0
-44 -24 5 1
-45 -23 6 1
-45 -23 7 0
-44 -23 7 0
-47 -23 7 0
-47 -22 5 1
-47 -24 6 0
-46 -24 7 0
-47 -24 5 0
-46 -26 7 0
-46 -26 5 0
-46 -24 8 0
-46 -24 5 1
-46 -24 4 1
-45 -1 2 1
-45 -1 1 2
-45 -1 0 1
-47 -3 2 1
-47 -3 1 2
-42 -9 4 0
-9 -26 6 0
-17 -1 2 1
-17 -1 3 2
-17 -2 2 1
-17 -2 3 2
-17 -2 4 1
-17 -1 4 1
-16 -2 2 1
-16 -2 3 1
-16 -2 4 1
-16 -1 2 1
-16 -1 3 2
-16 -1 4 2
-8 -33 6 0
-7 -34 6 1
-7 -33 6 1
-1 -10 2 0
-1 -10 3 0
-1 -9 2 0
-1 -9 3 0
-3 -11 2 0
-3 -11 3 0
-3 -12 2 0
-3 -12 3 0
-1 -12 2 0
-1 -12 3 0
-9 -25 8 0
-2 -11 -1 1
-2 -11 0 1
-2 -11 1 1
-2 -10 -1 1
-2 -10 0 1
-2 -10 1 1
-2 -9 -1 1
-2 -9 0 1
-2 -9 1 1
-15 -1 2 1
-19 -23 6 0
-15 -1 4 1
-14 -1 2 1
-14 -1 3 1
-14 -1 4 1
-2 -29 5 1
-4 -28 6 1
-4 -28 7 1
-4 -27 6 0
-4 -27 7 0
-3 -28 6 1
-3 -28 7 1
-3 -27 6 1
-3 -27 7 1
-21 -1 0 1
-20 -1 0 1
-40 -11 2 0
-47 -1 7 0
-47 -1 3 2
-47 -9 4 0
-19 -1 -1 1
-45 -9 4 0
-45 -9 5 0
-45 -9 3 0
-44 -9 4 0
-44 -8 5 0
-44 -9 3 0
-45 -7 5 0
-45 -7 6 0
-45 -7 2 1
-49 -11 8 0
-38 -10 4 0
-38 -10 5 0
-38 -10 3 0
-40 -10 6 0
-40 -10 2 0
-36 -12 6 0
-36 -11 6 0
-36 -11 7 0
-35 -12 6 0
-35 -12 7 0
-35 -11 6 0
-35 -11 7 0
-44 -14 5 0
-43 -14 5 0
-37 -8 6 0
-43 -1 5 0
-43 -1 4 0
-45 -1 7 0
-39 -1 2 1
-36 -8 3 0
-36 -7 2 1
-36 -7 3 1
-35 -8 3 0
-35 -7 2 1
-35 -7 3 1
-36 -10 2 0
-36 -10 3 0
-36 -9 2 0
-36 -9 3 0
-43 -5 4 1
-42 -6 5 0
-43 -7 5 0
-43 -8 4 0
-42 -8 5 0
-41 -9 5 0
-40 -8 5 0
-41 -11 4 0
-41 -11 5 0
-41 -11 3 0
-43 -13 4 0
-38 -5 6 0
-39 -4 6 0
-38 -3 6 0
-43 -11 5 0
-39 -4 7 0
-38 -4 5 0
-40 -3 6 0
-40 -3 7 0
-40 -3 5 0
-41 -3 6 0
-41 -4 7 0
-41 -4 5 0
-41 -5 6 0
-42 -5 6 0
-42 -5 7 0
-39 -6 7 0
-40 -5 7 0
-40 -5 8 0
-50 -6 4 0
-50 -6 5 0
-44 -8 7 0
-44 -7 7 0
-46 -14 6 0
-46 -14 7 0
-46 -13 6 0
-46 -13 7 0
-40 -11 3 0
-43 -8 3 0
-45 -13 6 0
-45 -13 7 0
-42 -13 3 0
-38 -1 4 0
-38 -1 5 0
-38 -1 3 0
-38 -4 4 1
-38 -4 3 1
-50 -7 4 0
-49 -7 4 0
-50 -5 6 0
-50 -5 3 0
-50 -5 2 0
-36 -1 0 1
-36 -1 1 1
-36 -1 2 2
-36 -6 4 1
-36 -5 4 2
-35 -6 4 2
-35 -5 4 1
-34 -6 2 1
-34 -6 3 1
-34 -6 4 1
-34 -5 2 1
-42 -17 7 0
-48 -6 5 0
-48 -6 3 0
-46 -6 4 0
-47 -6 5 0
-46 -6 3 0
-48 -4 6 0
-48 -4 3 0
-36 -6 10 0
-36 -6 11 0
-37 -10 6 0
-37 -10 7 0
-35 -6 11 0
-35 -5 10 0
-35 -5 11 0
-36 -6 5 1
-36 -5 5 1
-13 -22 7 2
-35 -5 5 1
-36 -8 4 0
-36 -8 5 0
-36 -7 4 1
-36 -7 5 1
-42 -7 6 0
-42 -10 6 0
-41 -10 6 0
-39 -10 6 0
-40 -2 2 1
-34 -3 5 1
-34 -6 9 0
-44 -5 7 0
-43 -5 7 0
-46 -4 6 0
-34 -11 8 0
-34 -11 9 0
-45 -4 6 0
-38 -5 3 0
-38 -5 4 0
-49 -18 7 0
-49 -18 5 1
-49 -17 5 1
-50 -18 6 1
-50 -18 7 0
-49 -19 5 1
-50 -18 5 2
-50 -19 7 0
-49 -21 7 0
-48 -20 6 1
-47 -21 7 0
-48 -20 5 1
-49 -19 7 0
-49 -19 8 0
-49 -19 4 2
-35 -10 8 0
-47 -5 3 0
-47 -5 2 1
-38 -8 3 0
-38 -7 3 0
-37 -8 3 0
-37 -7 2 1
-37 -7 3 1
-36 -10 4 0
-36 -10 5 0
-36 -9 4 0
-36 -9 5 0
-35 -10 4 0
-35 -10 5 0
-35 -9 4 0
-35 -9 5 0
-49 -1 0 1
-49 -1 1 1
-49 -1 2 1
-48 -12 5 0
-48 -20 7 0
-46 -19 5 1
-48 -18 7 0
-48 -18 8 0
-48 -18 5 1
-46 -15 5 0
-47 -1 2 1
-45 -16 5 0
-48 -8 4 0
-50 -4 11 0
-48 -10 8 0
-42 -8 8 0
-48 -9 8 0
-42 -7 8 0
-47 -10 8 0
-47 -9 8 0
-41 -7 8 0
-41 -7 9 0
-40 -2 4 0
-42 -23 4 1
-42 -23 5 1
-42 -23 6 1
-47 -8 3 0
-46 -8 4 0
-46 -8 5 0
-46 -8 3 0
-45 -8 4 0
-45 -8 5 0
-45 -8 3 0
-46 -6 5 0
-46 -6 6 0
-46 -6 2 0
-46 -12 4 0
-46 -12 5 0
-46 -11 5 0
-48 -12 6 0
-48 -12 7 0
-48 -11 6 0
-48 -11 7 0
-47 -12 6 0
-47 -12 7 0
-47 -11 6 0
-47 -11 7 0
-40 -10 7 0
-42 -11 6 0
-42 -13 4 0
-43 -11 2 1
-41 -7 6 0
-47 -13 7 0
-37 -12 5 0
-42 -1 9 0
-44 -10 5 0
-47 -4 6 0
-40 -10 4 0
-48 -3 6 0
-42 -10 0 1
-9 -28 8 0
-44 -9 2 1
-37 -11 4 0
-35 -12 4 0
-47 -11 8 0
-35 -11 4 0
-46 -2 -1 1
-42 -7 7 0
-41 -2 2 1
-48 -1 6 0
-45 -14 6 0
-33 -12 5 0
-48 -13 5 0
-39 -2 8 0
-47 -13 5 0
-33 -10 6 1
-45 -12 5 0
-46 -3 3 0
-33 -8 7 0
-36 -7 12 0
-35 -7 4 1
-35 -8 12 0
-35 -8 5 0
-34 -2 3 1
-35 -8 4 0
-41 -5 4 1
-36 -9 1 1
-39 -2 5 0
-37 -7 5 1
-50 -4 4 0
-47 -4 3 0
-47 -1 1 2
-40 -4 9 0
-39 -2 4 0
-40 -1 6 0
-40 -1 7 0
-49 -4 4 0
-39 -1 4 0
-43 -1 6 0
-42 -1 7 0
-43 -1 7 0
-43 -2 6 0
-43 -2 7 0
-41 -2 8 0
-41 -2 5 0
-41 -2 4 0
-47 -3 0 2
-39 -8 8 0
-48 -3 4 0
-43 -6 6 0
-49 -3 6 0
-49 -3 3 0
-44 -1 2 1
-38 -1 6 0
-44 -4 3 1
-43 -5 3 1
-38 -6 9 0
-37 -6 9 0
-42 -2 4 0
-34 -11 5 0
-42 -2 5 0
-46 -7 6 0
-41 -2 0 2
-34 -8 12 0
-34 -7 12 0
-34 -7 13 0
-33 -8 12 0
-34 -1 1 1
-39 -6 0 2
-39 -7 8 0
-32 -1 13 0
-34 -4 12 0
-50 -4 6 0
-39 -6 -1 1
-37 -9 -1 1
-37 -3 1 2
-45 -6 3 0
-34 -3 3 1
-48 -5 7 0
-43 -4 4 1
-44 -1 7 0
-37 -9 6 0
-42 -1 8 0
-42 -1 5 0
-42 -1 4 0
-49 -6 2 0
-40 -3 -1 1
-35 -7 12 0
-39 -6 4 0
-38 -1 0 1
-40 -1 8 0
-45 -8 2 1
-45 -8 6 0
-43 -9 3 0
-43 -9 5 0
-43 -9 4 0
-45 -10 3 0
-45 -10 5 0
-41 -1 8 0
-40 -9 2 0
-34 -1 14 0
-43 -1 8 0
-28 -13 7 1
-24 -21 5 0
-23 -22 6 0
-23 -22 4 0
-19 -23 7 0
-19 -23 5 0
-18 -25 6 0
-19 -25 6 0
-19 -25 7 0
-18 -25 5 0
-19 -25 5 0
-19 -26 6 0
-19 -26 7 0
-19 -26 5 0
-17 -27 6 0
-17 -25 8 0
-10 -27 8 0
-24 -20 6 0
-17 -24 7 0
-18 -23 7 0
-19 -24 6 0
-20 -23 6 0
-20 -24 7 0
-19 -24 5 0
-20 -23 5 0
-20 -25 6 0
-20 -25 7 0
-20 -25 5 0
-20 -26 6 0
-20 -26 7 0
-20 -26 5 0
-18 -27 6 0
-18 -27 7 0
-18 -27 5 0
-18 -25 7 0
-18 -25 8 0
-18 -25 4 0
-1 -32 8 1
-1 -32 9 0
-2 -33 8 1
-2 -33 9 0
-3 -34 8 0
-1 -34 10 0
-2 -32 8 1
-2 -32 9 0
-20 -24 6 0
-20 -23 7 0
-20 -24 5 0
-21 -24 6 0
-21 -24 7 0
-21 -24 5 0
-21 -25 6 0
-22 -25 6 0
-21 -25 7 0
-21 -25 5 0
-22 -25 5 0
-21 -27 6 0
-21 -27 7 0
-21 -27 5 0
-46 -21 3 1
-41 -26 3 1
-42 -26 4 1
-41 -26 4 1
-2 -31 8 0
-41 -24 3 1
-41 -25 4 2
-42 -26 5 1
-42 -25 4 1
-42 -25 5 1
-42 -24 3 1
-42 -24 4 1
-42 -24 5 2
-41 -26 5 1
-41 -25 3 1
-41 -25 5 1
-41 -24 4 1
-41 -24 5 1
-40 -26 3 1
-30 -17 5 0
-1 -31 8 0
-1 -31 9 0
-1 -31 7 1
-1 -31 6 2
-20 -2 0 1
-19 -2 0 1
-18 -2 0 1
-19 -4 2 1
-19 -4 3 1
-19 -4 4 1
-18 -4 2 1
-17 -4 2 1
-16 -3 2 1
-15 -2 2 1
-15 -2 3 1
-15 -2 4 1
-17 -2 -1 1
-17 -2 0 1
-17 -2 1 1
-16 -2 -1 1
-16 -2 0 1
-16 -2 1 1
-15 -2 -1 1
-15 -2 0 2
-15 -2 1 1
-15 -1 -1 1
-8 -25 8 0
-9 -26 7 0
-26 -12 7 1
-48 -15 1 1
-47 -15 -1 1
-47 -15 0 1
-47 -15 1 1
-46 -15 -1 1
-46 -15 0 2
-2 -28 8 0
-2 -28 9 0
-2 -27 8 0
-1 -28 8 0
-1 -28 9 0
-14 -2 2 1
-13 -2 2 1
-14 -2 3 1
-12 -2 1 2
-13 -3 0 2
-13 -3 1 1
-13 -3 2 1
-13 -2 0 1
-13 -2 1 1
-12 -3 0 1
-12 -3 1 1
-12 -3 2 1
-12 -2 0 1
-12 -2 2 1
-12 -1 0 1
-12 -1 1 1
-12 -1 2 1
-11 -3 0 1
-11 -3 1 1
-11 -3 2 1
-11 -2 0 1
-11 -2 1 1
-11 -2 2 1
-11 -1 0 1
-11 -1 1 1
-11 -1 2 2
-2 -30 6 2
-2 -30 7 1
-2 -29 6 2
-2 -29 7 1
-12 -1 3 2
-1 -30 7 1
-1 -29 6 1
-1 -29 7 1
-4 -30 7 1
-4 -29 6 1
-15 -4 2 2
-16 -5 1 1
-3 -29 6 2
-16 -5 2 1
-16 -5 3 1
-16 -4 1 1
-16 -4 2 1
-16 -3 1 1
-15 -5 1 2
-15 -5 2 2
-15 -5 3 1
-15 -4 1 1
-15 -4 3 2
-15 -3 1 1
-15 -3 2 1
-15 -3 3 1
-14 -5 1 1
-14 -5 2 1
-14 -5 3 2
-14 -4 1 1
-14 -4 2 1
-14 -4 3 2
-14 -3 1 1
-14 -3 2 1
-14 -3 3 1
-15 -4 4 2
-16 -5 4 1
-16 -5 5 1
-15 -5 4 1
-15 -5 5 1
-15 -4 5 1
-15 -3 4 1
-15 -3 5 1
-14 -5 4 2
-14 -5 5 1
-14 -4 4 1
-14 -4 5 1
-14 -3 4 1
-14 -3 5 1
-16 -6 0 1
-16 -6 1 1
-16 -6 2 1
-16 -5 0 1
-16 -4 0 1
-15 -6 0 1
-15 -6 1 1
-15 -6 2 1
-15 -5 0 1
-15 -4 0 1
-14 -6 0 1
-14 -6 1 1
-14 -6 2 1
-14 -5 0 1
-14 -4 0 1
-16 -3 -1 1
-16 -3 0 1
-15 -3 -1 1
-15 -3 0 1
-14 -3 -1 1
-14 -3 0 1
-14 -2 -1 1
-14 -2 0 2
-14 -2 1 1
-14 -1 -1 1
-31 -16 4 0
-15 -41 3 0
-15 -41 4 0
-16 -41 3 0
-16 -41 4 0
-17 -43 3 0
-17 -43 4 0
-15 -43 5 0
-15 -23 4 0
-15 -23 5 0
-15 -23 3 0
-15 -24 4 0
-16 -24 4 0
-15 -24 5 0
-15 -24 3 0
-15 -26 4 0
-15 -26 5 0
-15 -26 3 0
-14 -24 6 0
-14 -24 2 1
-50 -11 7 0
-50 -9 4 0
-2 -50 4 1
-2 -50 5 2
-2 -50 6 1
-16 -22 4 0
-16 -22 5 0
-16 -22 3 0
-16 -24 5 0
-16 -24 3 0
-16 -25 4 0
-16 -25 5 0
-16 -25 3 0
-14 -24 0 2
-15 -25 -1 1
-15 -25 0 1
-15 -25 1 1
-15 -24 -1 1
-15 -24 0 1
-15 -24 1 1
-15 -23 -1 1
-15 -23 0 1
-15 -23 1 2
-14 -25 -1 1
-14 -25 0 1
-14 -25 1 1
-14 -24 -1 1
-14 -24 1 1
-14 -23 -1 1
-14 -23 0 1
-14 -23 1 1
-17 -43 1 1
-17 -42 -1 1
-17 -42 0 1
-17 -42 1 1
-17 -41 -1 1
-17 -41 0 2
-17 -41 1 1
-16 -41 -1 1
-16 -41 0 1
-16 -41 1 1
-15 -41 -1 1
-15 -41 0 1
-15 -41 1 1
-16 -42 2 0
-47 -22 2 1
-3 -50 4 1
-3 -50 5 1
-3 -50 6 1
-3 -49 4 1
-3 -49 5 2
-3 -49 6 1
-2 -49 4 1
-2 -49 5 1
-2 -49 6 1
-17 -39 3 1
-17 -40 4 0
-17 -39 4 1
-18 -41 3 0
-18 -40 3 0
-18 -41 4 0
-18 -40 4 0
-19 -41 3 0
-46 -18 4 0
-19 -41 4 0
-18 -43 3 0
-17 -41 5 0
-18 -42 -1 1
-47 -20 0 2
-47 -19 -1 1
-47 -19 0 1
-18 -41 0 2
-18 -41 1 1
-18 -40 -1 1
-18 -40 0 1
-18 -40 1 1
-17 -40 -1 1
-17 -40 0 1
-17 -40 1 1
-16 -40 -1 1
-16 -40 0 1
-16 -40 1 1
-17 -41 2 0
-15 -22 4 0
-15 -22 3 0
-1 -48 4 1
-15 -21 3 0
-17 -22 4 0
-17 -22 3 0
-16 -23 4 0
-17 -23 4 0
-16 -23 3 0
-17 -23 3 0
-17 -24 4 0
-17 -24 3 0
-15 -23 6 0
-16 -24 0 1
-16 -24 1 1
-16 -24 2 1
-16 -23 0 1
-16 -23 1 1
-16 -23 2 1
-16 -22 0 2
-16 -22 1 1
-16 -22 2 1
-15 -24 2 1
-15 -23 2 1
-15 -22 0 1
-15 -22 1 1
-15 -22 2 1
-14 -22 0 1
-14 -22 1 1
-19 -40 3 0
-19 -39 3 0
-19 -39 4 0
-19 -39 2 0
-20 -41 3 0
-4 -50 4 1
-4 -50 5 1
-4 -50 6 1
-4 -49 4 1
-4 -49 5 1
-4 -49 6 1
-4 -48 4 1
-4 -48 5 1
-4 -48 6 1
-3 -48 4 1
-3 -48 5 1
-3 -48 6 1
-3 -50 3 0
-29 -11 7 1
-27 -18 5 0
-14 -21 8 1
-5 -36 8 1
-50 -13 1 1
-4 -36 6 2
-4 -36 7 2
-4 -35 6 2
-4 -35 7 1
-3 -36 7 1
-3 -35 7 1
-16 -23 6 0
-16 -22 6 0
-16 -23 5 0
-17 -24 6 0
-18 -23 6 0
-17 -23 7 0
-17 -24 5 0
-18 -23 5 0
-18 -24 6 0
-18 -24 7 0
-18 -24 5 0
-18 -26 6 0
-17 -26 7 0
-18 -26 5 0
-16 -24 8 0
-44 -21 0 1
-44 -21 1 1
-44 -20 -1 1
-44 -20 0 2
-44 -20 1 2
-43 -20 -1 1
-43 -20 0 1
-43 -20 1 1
-42 -20 -1 1
-42 -20 0 1
-42 -20 1 1
-42 -19 3 0
-43 -19 4 0
-45 -19 3 0
-45 -20 2 1
-4 -38 7 1
-4 -37 6 1
-4 -37 7 1
-3 -37 6 2
-30 -34 0 1
-30 -34 1 1
-30 -33 -1 1
-30 -32 -1 1
-30 -32 0 1
-29 -32 -1 1
-29 -32 0 1
-29 -32 1 1
-42 -19 4 0
-42 -19 2 0
-45 -19 4 0
-45 -19 2 1
-48 -22 3 2
-48 -22 4 1
-48 -21 3 2
-48 -21 4 2
-48 -21 5 1
-48 -20 3 1
-48 -20 4 1
-43 -20 2 1
-44 -19 3 0
-44 -18 3 0
-44 -18 2 0
-46 -20 2 1
-44 -20 5 0
-45 -21 -1 1
-29 -31 3 0
-29 -31 2 0
-45 -20 -1 1
-31 -30 2 0
-33 -32 3 1
-33 -32 2 0
-32 -34 3 1
-32 -34 2 2
-33 -35 1 1
-33 -35 2 1
-33 -35 3 1
-33 -34 1 1
-33 -34 2 1
-33 -34 3 1
-33 -33 1 1
-33 -33 2 1
-33 -33 3 1
-32 -35 1 1
-32 -35 2 1
-32 -35 3 1
-32 -34 1 1
-31 -35 1 1
-31 -35 2 1
-31 -35 3 1
-32 -33 4 1
-32 -33 5 1
-32 -32 4 2
-32 -32 5 1
-32 -31 4 1
-32 -31 5 1
-31 -31 4 1
-31 -31 5 1
-30 -31 4 1
-30 -31 5 1
-32 -33 -1 1
-32 -33 0 1
-32 -32 -1 1
-32 -32 0 2
-32 -31 -1 1
-32 -31 0 1
-31 -31 -1 1
-31 -31 0 1
-48 -19 3 1
-30 -31 0 1
-47 -19 3 1
-47 -19 4 1
-46 -19 3 1
-46 -19 4 1
-43 -22 2 1
-30 -30 3 0
-30 -30 2 0
-32 -30 3 1
-32 -30 2 0
-33 -30 3 1
-33 -30 2 0
-46 -12 3 0
-34 -32 2 1
-46 -13 4 0
-46 -13 3 0
-46 -14 4 0
-46 -14 3 0
-44 -15 3 0
-44 -13 2 0
-44 -2 8 0
-16 -19 3 2
-17 -20 2 1
-17 -20 3 1
-17 -20 4 1
-17 -19 2 1
-17 -19 3 1
-17 -19 4 1
-17 -18 2 1
-17 -18 3 1
-17 -18 4 1
-16 -20 2 1
-16 -20 3 1
-16 -20 4 1
-16 -19 2 1
-16 -19 4 1
-16 -18 2 1
-16 -18 3 2
-16 -18 4 1
-15 -20 2 1
-15 -20 3 1
-15 -20 4 1
-15 -19 2 1
-15 -19 3 1
-15 -19 4 1
-15 -18 2 1
-15 -18 3 1
-15 -18 4 1
-16 -21 3 0
-16 -21 4 0
-18 -21 3 0
-18 -21 4 0
-18 -22 3 0
-18 -22 4 0
-18 -24 3 0
-44 -2 10 0
-8 -27 8 0
-27 -34 1 1
-26 -34 -1 1
-26 -34 0 1
-26 -34 1 1
-25 -34 -1 1
-25 -34 0 1
-50 -20 4 1
-26 -33 4 0
-27 -34 2 0
-8 -32 6 0
-8 -32 7 0
-8 -31 6 0
-29 -33 3 1
-7 -32 6 1
-29 -33 4 1
-7 -31 6 1
-29 -35 3 1
-29 -35 4 1
-29 -35 2 0
-21 -32 6 0
-21 -32 7 0
-21 -32 5 0
-24 -32 6 0
-25 -32 7 0
-24 -32 5 0
-25 -33 6 0
-25 -33 7 0
-23 -33 6 0
-23 -34 6 0
-23 -33 7 0
-22 -33 6 0
-22 -33 7 0
-22 -33 5 0
-23 -32 8 0
-23 -32 4 0
-28 -34 0 2
-28 -34 1 1
-7 -28 6 0
-7 -27 6 0
-42 -9 2 0
-41 -10 2 0
-21 -33 6 0
-21 -33 7 0
-21 -33 5 0
-25 -31 6 0
-24 -33 6 0
-24 -34 6 0
-25 -34 6 0
-24 -34 7 0
-23 -35 6 0
-23 -35 7 0
-22 -34 6 0
-22 -34 7 0
-22 -34 5 0
-23 -33 8 0
-41 -5 2 1
-42 -6 -1 1
-42 -6 0 2
-42 -6 1 1
-42 -5 -1 1
-42 -5 0 2
-42 -5 1 1
-42 -4 -1 1
-42 -4 0 2
-42 -4 1 1
-41 -6 2 1
-41 -7 -1 1
-41 -7 0 2
-41 -7 1 2
-40 -7 -1 1
-38 -6 7 0
-39 -5 6 0
-12 -21 7 1
-39 -7 1 1
-38 -5 7 0
-39 -5 5 0
-35 -3 12 0
-35 -3 13 0
-40 -4 5 0
-37 -7 -1 1
-21 -34 6 0
-21 -34 7 0
-21 -34 5 0
-24 -33 7 0
-25 -34 7 0
-24 -36 6 0
-24 -35 7 0
-23 -36 6 0
-23 -36 7 0
-22 -35 6 0
-21 -36 6 0
-21 -35 7 0
-22 -35 5 0
-21 -35 5 0
-23 -34 7 0
-23 -34 8 0
-37 -1 3 1
-49 -33 5 0
-37 -1 5 1
-36 -1 3 2
-36 -1 4 1
-36 -1 5 2
-35 -4 -1 1
-1 -29 5 1
-35 -4 1 1
-38 -2 3 1
-33 -9 6 1
-33 -9 7 0
-48 -31 5 0
-48 -31 6 0
-49 -30 5 0
-48 -29 5 0
-41 -4 2 1
-36 -8 7 0
-37 -1 2 1
-41 -8 2 1
-41 -7 2 1
-40 -8 2 1
-39 -8 2 1
-40 -5 3 0
-40 -5 4 0
-42 -4 4 1
-44 -5 3 1
-44 -5 4 1
-44 -8 3 0
-50 -4 9 0
-48 -10 6 0
-48 -10 7 0
-32 -29 4 0
-45 -6 7 0
-49 -1 3 0
-48 -2 0 1
-48 -2 1 1
-35 -1 6 1
-47 -2 0 1
-47 -2 1 1
-47 -2 2 1
-44 -10 7 0
-44 -9 7 0
-50 -6 9 0
-50 -5 9 0
-49 -6 9 0
-49 -5 9 0
-45 -5 8 0
-48 -2 3 1
-48 -1 3 1
-42 -9 7 0
-46 -7 8 0
-38 -4 7 0
-39 -2 6 0
-41 -9 4 0
-39 -3 7 0
-39 -3 5 0
-40 -2 6 0
-40 -2 7 0
-40 -2 5 0
-42 -2 6 0
-42 -3 7 0
-42 -3 5 0
-42 -4 6 0
-42 -4 7 0
-39 -5 7 0
-40 -4 8 0
-40 -4 4 0
-50 -4 8 0
-39 -7 5 0
-40 -6 5 0
-41 -5 5 0
-38 -10 2 0
-40 -2 9 0
-48 -21 6 1
-46 -21 5 2
-41 -9 8 0
-36 -4 6 1
-5 -28 8 0
-35 -4 6 1
-5 -27 8 0
-47 -19 6 1
-47 -19 7 0
-47 -19 5 1
-47 -18 6 0
-47 -18 7 0
-47 -18 5 0
-49 -18 6 1
-49 -17 6 1
-49 -19 6 1
-50 -32 5 0
-50 -32 6 0
-33 -7 12 0
-50 -35 5 0
-50 -35 6 0
-50 -2 5 0
-34 -10 8 0
-34 -10 9 0
-34 -9 8 0
-34 -9 9 0
-33 -10 8 0
-33 -10 9 0
-33 -9 8 0
-50 -21 7 0
-50 -21 8 0
-36 -2 3 2
-36 -2 4 2
-38 -3 4 1
-35 -4 3 2
-39 -3 3 0
-35 -4 4 1
-35 -4 5 1
-35 -3 3 2
-35 -3 4 1
-35 -3 5 2
-34 -12 6 0
-45 -17 5 0
-46 -15 7 0
-39 -7 6 0
-39 -6 5 0
-38 -5 5 0
-49 -8 9 0
-34 -10 4 0
-34 -10 5 0
-38 -6 5 0
-40 -5 5 0
-40 -5 6 0
-41 -6 6 0
-40 -7 6 0
-39 -8 6 0
-40 -7 7 0
-1 -33 4 0
-1 -33 3 0
-39 -3 2 1
-36 -30 0 1
-43 -2 2 1
-1 -36 3 0
-42 -3 2 1
-1 -35 -1 1
-1 -35 0 1
-1 -35 1 1
-1 -34 -1 1
-45 -2 2 1
-44 -2 2 1
-34 -1 3 1
-40 -2 3 0
-40 -1 4 0
-40 -1 5 0
-40 -1 3 0
-43 -1 3 0
-46 -18 6 0
-46 -18 7 0
-46 -17 6 0
-44 -1 4 0
-47 -1 4 1
-47 -2 5 0
-47 -4 4 0
-47 -4 5 0
-44 -18 6 0
-44 -18 7 0
-44 -17 6 0
-44 -17 7 0
-43 -18 6 0
-43 -18 7 0
-43 -17 6 0
-43 -17 7 0
-44 -1 5 0
-47 -1 5 0
-13 -22 8 1
-45 -2 6 0
-39 -2 3 0
-42 -1 3 0
-40 -3 4 0
-41 -2 3 0
-50 -1 8 0
-44 -2 6 0
-39 -2 2 1
-38 -2 2 1
-39 -1 5 0
-39 -1 3 0
-37 -2 2 1
-44 -6 -1 1
-39 -4 5 0
-39 -4 3 0
-44 -6 1 1
-44 -5 -1 1
-44 -5 0 2
-44 -5 1 1
-44 -4 -1 1
-44 -4 0 2
-44 -4 1 1
-43 -8 -1 1
-43 -8 0 1
-43 -8 1 1
-43 -7 -1 1
-43 -7 0 1
-43 -7 1 1
-40 -9 -1 1
-40 -9 0 1
-40 -9 1 1
-39 -9 -1 1
-39 -9 0 2
-39 -9 1 1
-38 -9 -1 1
-38 -9 0 1
-38 -9 1 1
-48 -9 4 0
-46 -28 6 0
-46 -28 7 0
-46 -28 5 0
-47 -27 6 0
-46 -27 6 0
-47 -27 7 0
-44 -13 8 0
-46 -27 5 0
-48 -27 6 0
-48 -26 6 0
-48 -26 7 0
-48 -27 5 0
-48 -26 5 0
-42 -16 7 0
-50 -28 7 0
-48 -30 7 0
-46 -29 6 0
-47 -29 7 0
-46 -29 5 0
-48 -28 7 0
-48 -28 8 0
-48 -28 5 0
-48 -28 4 0
-48 -28 6 0
-46 -1 5 0
-46 -1 4 1
-48 -2 5 0
-47 -2 6 0
-48 -2 4 1
-47 -3 6 0
-46 -3 6 0
-34 -6 10 0
-34 -6 11 0
-34 -5 10 0
-34 -5 11 0
-33 -6 10 0
-33 -6 11 0
-33 -5 10 0
-33 -5 11 0
-45 -27 6 0
-45 -27 7 0
-45 -27 5 0
-46 -26 6 0
-46 -25 6 1
-36 -1 7 1
-36 -1 8 0
-47 -26 6 0
-47 -25 6 0
-47 -25 7 0
-47 -25 5 0
-48 -25 6 0
-44 -13 5 0
-48 -25 5 0
-47 -27 8 0
-47 -27 4 0
-46 -14 5 0
-46 -13 5 0
-45 -14 5 0
-48 -1 5 0
-45 -13 5 0
-48 -1 4 1
-46 -1 6 0
-46 -1 7 0
-46 -1 3 1
-37 -1 7 1
-45 -25 6 1
-44 -25 6 1
-38 -1 8 0
-36 -2 7 1
-36 -2 8 0
-35 -1 7 1
-35 -1 8 0
-46 -24 6 1
-46 -23 6 1
-46 -23 7 0
-46 -23 5 1
-48 -24 6 0
-47 -24 7 0
-48 -24 5 0
-47 -26 7 0
-46 -27 7 0
-45 -26 6 0
-35 -1 9 0
-46 -25 8 0
-46 -25 4 1
-7 -28 8 0
-45 -12 3 0
-45 -13 3 0
-45 -14 3 0
-1 -27 5 1
-10 -27 9 0
-23 -16 6 1
-22 -14 6 1
-48 -17 4 0
-49 -19 3 1
-49 -18 4 1
-49 -18 2 0
-50 -19 2 0
-49 -21 4 2
-49 -21 2 1
-49 -22 2 1
-49 -22 3 1
-49 -22 4 1
-49 -22 1 1
-49 -21 1 1
-14 -22 7 1
-48 -22 1 1
-47 -22 1 1
-12 -25 8 0
-12 -26 8 0
-12 -28 8 0
-10 -26 9 0
-49 -19 1 1
-49 -18 -1 1
-49 -18 0 1
-49 -18 1 1
-48 -18 -1 1
-48 -18 0 2
-47 -18 -1 1
-47 -18 0 1
-50 -37 5 0
-29 -16 5 0
-48 -29 3 0
-47 -30 3 0
-46 -20 3 1
-11 -26 8 0
-11 -26 9 0
-49 -38 6 0
-49 -38 4 0
-49 -36 5 0
-50 -37 6 0
-49 -36 4 0
-50 -39 5 0
-49 -39 5 0
-50 -39 6 0
-49 -39 4 0
-38 -29 2 1
-13 -25 8 0
-13 -27 8 0
-12 -26 9 0
-46 -12 1 2
-45 -22 2 0
-46 -21 2 1
-48 -39 5 0
-47 -39 5 0
-48 -39 6 0
-47 -39 4 0
-49 -17 3 1
-49 -17 4 1
-49 -17 2 0
-13 -23 8 1
-12 -25 9 0
-50 -17 5 1
-50 -16 3 1
-50 -16 4 2
-50 -16 5 1
-50 -20 3 1
-50 -20 2 1
-50 -20 -1 1
-50 -20 0 2
-50 -20 1 1
-50 -19 -1 1
-50 -19 0 1
-50 -19 1 1
-50 -18 -1 1
-50 -18 0 2
-50 -18 1 1
-49 -19 2 0
-9 -27 8 0
-1 -36 5 2
-2 -37 4 1
-2 -37 5 1
-2 -37 6 2
-2 -36 4 1
-2 -36 5 1
-2 -36 6 2
-2 -35 4 1
-2 -35 5 2
-2 -35 6 2
-1 -37 4 1
-1 -37 5 2
-1 -37 6 2
-1 -36 4 1
-40 -29 3 1
-35 -30 2 1
-8 -29 4 1
-8 -28 2 1
-8 -28 3 1
-8 -28 4 1
-8 -27 2 1
-8 -27 3 1
-8 -27 4 1
-9 -28 3 1
-9 -27 4 2
-10 -28 3 1
-10 -28 4 1
-10 -28 5 1
-10 -27 3 1
-10 -27 4 2
-10 -27 5 1
-10 -26 3 1
-10 -26 4 1
-10 -26 5 1
-9 -28 4 1
-9 -28 5 1
-9 -27 3 1
-9 -27 5 1
-9 -26 3 1
-9 -26 4 1
-9 -26 5 1
-8 -28 5 1
-8 -27 5 1
-8 -26 3 1
-8 -26 4 1
-8 -26 5 1
-11 -30 2 1
-11 -30 3 1
-11 -30 4 1
-11 -29 2 1
-11 -29 3 2
-11 -29 4 1
-11 -28 2 1
-11 -28 3 1
-11 -28 4 1
-10 -30 4 1
-10 -29 4 2
-10 -28 2 1
-9 -30 4 1
-9 -29 4 1
-22 -21 5 0
-14 -23 8 1
-14 -22 8 1
-13 -25 9 0
-8 -29 -1 1
-8 -29 0 1
-8 -28 -1 1
-8 -28 0 2
-8 -28 1 1
-7 -28 -1 1
-7 -28 0 1
-7 -28 1 1
-6 -28 -1 1
-6 -28 0 1
-6 -28 1 1
-29 -18 5 0
-19 -16 5 1
-22 -18 6 1
-22 -17 6 1
-22 -16 6 1
-21 -16 6 1
-20 -16 6 1
-6 -26 2 2
-14 -25 9 0
-23 -17 5 1
-7 -26 2 1
-7 -26 3 1
-7 -25 1 1
-7 -25 2 1
-7 -25 3 1
-6 -27 1 1
-22 -15 3 1
-22 -15 4 1
-22 -15 5 1
-21 -15 3 1
-21 -15 4 1
-21 -15 5 1
-23 -17 2 1
-5 -26 3 1
-5 -25 1 1
-22 -15 2 1
-5 -25 3 1
-8 -25 4 2
-9 -25 3 2
-9 -25 4 1
-23 -20 5 0
-23 -20 3 0
-22 -19 5 0
-22 -19 6 0
-22 -19 2 0
-8 -25 5 1
-8 -24 3 1
-8 -24 4 1
-8 -24 5 1
-7 -26 4 1
-7 -26 5 1
-7 -25 4 1
-7 -25 5 1
-7 -24 3 1
-7 -24 4 1
-7 -24 5 1
-8 -26 2 1
-9 -27 2 1
-9 -29 -1 1
-9 -29 0 1
-9 -28 -1 1
-9 -28 0 2
-9 -28 1 1
-9 -27 -1 1
-9 -27 0 1
-9 -27 1 1
-8 -27 -1 1
-8 -27 0 1
-8 -27 1 1
-7 -27 -1 1
-7 -27 0 1
-8 -28 8 0
-36 -30 1 1
-6 -26 6 0
-6 -26 7 0
-5 -26 6 0
-5 -26 7 0
-7 -34 4 1
-25 -20 4 0
-50 -2 13 0
-11 -45 4 0
-12 -44 3 0
-12 -43 3 0
-12 -44 4 0
-12 -43 4 0
-11 -49 6 0
-10 -49 6 0
-10 -49 7 0
-11 -49 5 0
-10 -49 5 0
-12 -49 6 0
-11 -48 7 0
-12 -49 5 0
-11 -48 5 0
-14 -49 7 0
-12 -45 5 0
-12 -45 0 2
-13 -46 -1 1
-13 -46 0 1
-13 -46 1 1
-30 -50 3 1
-30 -50 4 1
-30 -50 5 1
-13 -44 -1 1
-13 -44 0 2
-12 -49 8 0
-12 -49 4 0
-12 -46 0 1
-12 -46 1 1
-29 -50 3 1
-4 -34 5 1
-6 -32 6 1
-12 -44 0 1
-6 -31 6 1
-6 -31 7 1
-5 -32 7 1
-5 -31 7 1
-12 -45 2 0
-8 -29 8 0
-50 -3 11 0
-50 -3 10 0
-50 -1 12 0
-50 -1 13 0
-50 -1 9 0
-50 -2 12 0
-49 -2 12 0
-50 -3 13 0
-50 -16 -1 1
-50 -16 0 1
-19 -38 6 0
-19 -38 7 0
-19 -38 5 0
-19 -36 6 0
-19 -37 7 0
-21 -36 7 0
-22 -38 6 0
-22 -38 7 0
-22 -39 6 0
-22 -39 7 0
-22 -39 5 0
-21 -40 6 0
-21 -40 7 0
-21 -40 5 0
-20 -39 6 0
-19 -39 6 0
-19 -39 7 0
-19 -39 5 0
-21 -38 8 0
-18 -39 6 0
-18 -39 7 0
-18 -39 5 0
-22 -40 6 0
-20 -40 6 0
-20 -41 6 0
-20 -41 7 0
-20 -40 5 0
-20 -41 5 0
-19 -40 6 0
-19 -40 7 0
-20 -39 7 0
-20 -39 8 0
-1 -41 10 0
-1 -41 11 0
-15 -43 6 0
-17 -42 7 0
-17 -45 6 0
-17 -45 5 0
-17 -46 6 0
-24 -15 4 2
-17 -46 7 0
-17 -46 5 0
-16 -45 6 0
-15 -45 6 0
-16 -45 7 0
-16 -45 5 0
-15 -45 5 0
-17 -44 7 0
-17 -44 8 0
-17 -44 5 0
-17 -44 4 0
-17 -44 6 0
-24 -18 4 0
-25 -18 4 0
-25 -18 5 0
-25 -18 3 0
-24 -19 5 0
-23 -18 5 1
-23 -18 6 1
-23 -18 3 0
-23 -18 2 0
-23 -18 4 1
-1 -40 11 0
-14 -45 6 0
-14 -45 7 0
-14 -45 5 0
-14 -44 6 0
-16 -46 6 0
-17 -47 6 0
-17 -47 7 0
-16 -46 5 0
-17 -47 5 0
-16 -47 6 0
-16 -3 4 1
-25 -16 3 1
-25 -16 4 1
-25 -16 5 1
-25 -15 3 1
-25 -15 4 1
-25 -15 5 1
-25 -14 3 2
-25 -14 4 2
-25 -14 5 2
-24 -14 5 1
-23 -14 5 1
-25 -16 2 1
-25 -15 2 1
-25 -14 2 1
-25 -17 4 0
-26 -17 4 0
-26 -17 5 0
-26 -17 3 0
-25 -19 4 0
-24 -17 6 1
-24 -17 2 0
-26 -15 3 1
-26 -15 4 1
-26 -15 5 1
-26 -14 3 1
-26 -14 4 1
-26 -14 5 1
-26 -13 3 2
-26 -13 4 2
-26 -13 5 2
-25 -13 3 1
-25 -13 4 1
-25 -13 5 1
-24 -13 3 1
-24 -13 4 1
-24 -13 5 1
-26 -15 2 1
-26 -14 2 1
-26 -13 2 1
-25 -13 2 1
-24 -13 2 1
-26 -16 4 0
-27 -15 4 0
-27 -16 4 0
-27 -16 5 0
-27 -16 3 0
-27 -18 4 0
-26 -18 5 0
-26 -18 3 0
-24 -18 5 0
-24 -18 3 0
-25 -16 6 1
-50 -35 4 0
-50 -35 3 0
-50 -34 4 0
-50 -37 4 0
-33 -50 3 1
-33 -50 4 1
-33 -50 5 1
-33 -49 3 1
-33 -49 4 1
-33 -49 5 1
-32 -50 3 1
-32 -50 5 1
-32 -49 3 1
-32 -49 4 1
-32 -49 5 1
-49 -34 4 0
-49 -34 5 0
-7 -27 7 0
-31 -50 3 1
-31 -50 4 1
-31 -50 5 1
-31 -49 3 1
-31 -49 4 1
-31 -49 5 1
-20 -17 2 1
-20 -16 2 1
-33 -50 2 1
-20 -16 4 1
-19 -18 2 1
-32 -50 2 1
-19 -16 2 1
-19 -16 3 1
-19 -16 4 1
-21 -20 4 0
-31 -50 2 1
-22 -20 5 0
-21 -20 3 0
-22 -20 3 0
-21 -21 4 0
-21 -21 5 0
-20 -22 5 0
-18 -21 5 0
-20 -20 5 0
-20 -20 6 0
-21 -21 -1 1
-21 -21 0 1
-21 -21 1 1
-21 -20 -1 1
-21 -20 0 1
-21 -20 1 1
-21 -19 -1 1
-21 -19 0 1
-21 -19 1 1
-20 -19 -1 1
-8 -46 4 0
-10 -46 3 0
-19 -19 -1 1
-19 -19 0 1
-19 -19 1 1
-20 -20 3 0
-20 -20 2 0
-9 -48 4 0
-10 -48 4 0
-10 -49 3 0
-8 -50 3 0
-8 -48 5 0
-9 -49 -1 1
-9 -49 0 1
-10 -50 6 0
-9 -49 6 0
-10 -50 5 0
-11 -50 6 0
-11 -49 7 0
-11 -50 5 0
-9 -47 1 1
-8 -47 -1 1
-8 -47 0 1
-8 -47 1 1
-7 -47 -1 1
-7 -47 0 1
-7 -47 1 1
-8 -48 2 0
-47 -30 4 0
-23 -2 2 1
-23 -2 3 1
-23 -2 4 1
-23 -2 5 1
-19 -2 2 2
-19 -2 3 2
-19 -2 4 2
-19 -1 2 2
-19 -1 3 2
-19 -1 4 1
-19 -2 5 1
-19 -1 5 1
-19 -1 1 2
-2 -31 10 0
-9 -46 3 0
-9 -46 4 0
-8 -50 6 0
-8 -50 7 0
-8 -50 5 0
-10 -50 7 0
-11 -50 7 0
-18 -18 4 1
-18 -18 5 1
-18 -17 3 1
-18 -17 4 1
-18 -17 5 1
-18 -19 6 1
-18 -18 6 1
-18 -17 6 1
-20 -19 2 1
-19 -19 2 1
-18 -19 2 1
-18 -18 2 1
-18 -17 2 1
-22 -18 3 1
-22 -18 4 1
-22 -18 5 1
-22 -17 3 1
-22 -17 4 1
-22 -17 5 2
-22 -16 3 2
-22 -16 4 2
-22 -16 5 2
-21 -16 5 1
-20 -16 5 1
-22 -18 2 1
-22 -17 2 1
-22 -16 2 1
-22 -19 4 0
-23 -19 4 0
-23 -19 5 0
-22 -19 3 0
-23 -19 3 0
-22 -21 4 0
-7 -6 2 0
-6 -6 2 1
-8 -6 3 0
-7 -6 3 0
-7 -5 2 0
-8 -9 2 2
-9 -10 1 1
-9 -10 2 1
-9 -10 3 1
-10 -45 3 0
-9 -9 2 1
-9 -9 3 1
-9 -8 1 1
-9 -8 2 1
-9 -8 3 1
-12 -45 3 0
-8 -10 2 1
-11 -46 4 0
-12 -45 4 0
-8 -9 3 1
-12 -46 4 0
-12 -48 3 0
-12 -47 4 0
-7 -10 1 1
-7 -10 2 2
-7 -10 3 1
-7 -9 1 1
-7 -9 2 2
-7 -9 3 2
-7 -8 1 1
-7 -8 2 1
-7 -8 3 1
-8 -9 4 2
-9 -10 4 1
-9 -10 5 1
-9 -9 4 1
-9 -9 5 1
-9 -8 4 1
-9 -8 5 1
-8 -10 4 1
-8 -10 5 1
-8 -9 5 1
-8 -8 4 1
-8 -8 5 1
-7 -10 4 1
-7 -10 5 1
-7 -9 4 1
-7 -9 5 1
-7 -8 4 1
-7 -8 5 1
-7 -7 2 1
-7 -7 3 1
-8 -6 4 0
-9 -7 -1 1
-9 -7 0 1
-9 -7 1 1
-8 -7 -1 1
-8 -7 0 1
-8 -7 1 1
-7 -7 -1 1
-7 -7 0 2
-7 -7 1 1
-11 -24 7 0
-7 -6 0 1
-7 -6 1 1
-7 -5 -1 1
-9 -27 6 0
-7 -5 1 1
-8 -6 2 0
-20 -3 1 1
-20 -3 2 1
-20 -3 3 1
-19 -3 1 1
-19 -3 2 1
-19 -3 3 1
-19 -2 1 1
-18 -3 1 1
-18 -3 2 1
-18 -3 3 2
-18 -2 1 1
-18 -2 2 1
-18 -2 3 2
-18 -1 1 1
-18 -1 2 1
-18 -1 3 1
-20 -3 4 1
-20 -3 5 1
-19 -3 4 1
-19 -3 5 1
-18 -3 4 1
-18 -3 5 1
-18 -2 4 2
-18 -2 5 1
-18 -1 4 1
-18 -1 5 1
-11 -22 7 1
-42 -18 7 0
-45 -18 7 0
-45 -18 6 0
-45 -14 7 0
-43 -13 6 0
-37 -6 5 1
-40 -9 8 0
-43 -7 7 0
-43 -2 5 0
-45 -2 4 0
-45 -1 4 0
-45 -2 5 0
-45 -2 3 0
-46 -2 5 0
-46 -3 4 0
-47 -3 4 0
-35 -3 11 0
-47 -3 3 0
-35 -4 11 0
-46 -4 -1 1
-46 -3 1 1
-46 -2 0 1
-36 -4 11 0
-45 -26 7 0
-45 -24 5 2
-45 -24 7 0
-44 -8 6 0
-46 -8 7 0
-45 -7 9 0
-47 -5 7 0
-44 -25 7 0
-48 -25 7 0
-44 -3 5 0
-45 -3 4 0
-45 -4 5 0
-45 -3 3 0
-46 -5 4 0
-45 -5 0 1
-45 -5 1 1
-45 -4 -1 1
-45 -4 0 1
-45 -4 1 1
-48 -15 7 0
-48 -15 5 0
-45 -18 5 0
-47 -17 7 0
-47 -17 8 0
-47 -17 4 0
-43 -3 5 0
-44 -2 4 0
-44 -2 3 0
-45 -3 5 0
-46 -4 4 0
-46 -4 5 0
-46 -4 3 0
-44 -6 5 0
-44 -4 5 0
-44 -19 8 0
-45 -3 -1 1
-45 -3 0 2
-45 -3 1 2
-44 -19 4 0
-44 -19 5 0
-44 -3 1 1
-44 -22 5 1
-40 -7 4 0
-39 -7 4 0
-42 -6 4 0
-43 -7 3 0
-42 -7 4 0
-43 -7 4 0
-41 -9 3 0
-41 -7 4 0
-41 -7 5 0
-47 -16 5 0
-46 -15 8 0
-46 -15 4 0
-50 -8 4 0
-45 -15 1 1
-48 -6 2 0
-43 -4 5 0
-43 -2 4 0
-43 -2 3 0
-44 -2 5 0
-46 -2 4 1
-46 -3 5 0
-46 -2 3 1
-46 -5 5 0
-45 -14 8 0
-45 -14 4 0
-43 -13 7 0
-43 -11 7 0
-47 -7 2 0
-47 -6 3 0
-46 -22 6 1
-46 -22 7 0
-46 -21 6 1
-46 -21 7 0
-45 -22 6 1
-10 -27 6 0
-45 -21 6 1
-45 -21 7 0
-44 -22 6 0
-15 -47 6 0
-16 -48 6 0
-44 -21 7 0
-16 -48 7 0
-15 -47 5 0
-16 -48 5 0
-15 -48 6 0
-15 -49 6 0
-15 -49 7 0
-15 -48 5 0
-15 -49 5 0
-13 -48 6 0
-13 -48 7 0
-13 -48 5 0
-15 -47 8 0
-15 -47 4 0
-48 -1 9 0
-47 -2 9 0
-46 -3 9 0
-45 -2 8 0
-45 -2 9 0
-46 -1 9 0
-46 -1 10 0
-45 -1 9 0
-1 -38 8 1
-1 -38 9 0
-2 -37 8 1
-2 -37 9 0
-3 -37 8 1
-3 -37 9 0
-4 -39 8 0
-2 -39 10 0
-3 -38 5 1
-3 -38 6 1
-3 -38 7 1
-2 -38 7 1
-1 -38 7 1
-1 -37 8 1
-1 -37 9 0
-44 -1 10 0
-43 -1 9 0
-43 -1 10 0
-3 -36 8 1
-3 -36 9 0
-1 -37 10 0
-2 -37 7 2
-2 -36 7 1
-1 -37 7 2
-1 -36 7 1
-33 -14 4 0
-12 -21 8 1
-27 -19 4 0
-16 -47 7 0
-16 -47 5 0
-15 -46 6 0
-14 -47 6 0
-15 -47 7 0
-15 -46 5 0
-14 -47 5 0
-16 -45 8 0
-16 -45 4 0
-13 -8 1 1
-13 -8 2 1
-13 -8 3 1
-13 -7 1 1
-13 -6 1 1
-12 -8 1 1
-13 -47 6 0
-13 -47 7 0
-13 -47 5 0
-14 -46 6 0
-13 -45 6 0
-13 -45 7 0
-14 -46 5 0
-13 -45 5 0
-15 -45 7 0
-10 -5 -1 1
-10 -5 0 2
-10 -5 1 1
-10 -4 -1 1
-10 -4 0 1
-10 -4 1 1
-10 -3 -1 1
-10 -3 0 1
-39 -24 3 0
-39 -24 4 0
-40 -23 3 0
-40 -23 4 0
-41 -23 3 0
-41 -22 3 0
-41 -23 4 1
-41 -22 4 0
-43 -23 3 1
-41 -27 5 1
-40 -27 3 1
-40 -27 4 1
-40 -27 5 1
-39 -27 3 1
-39 -27 4 1
-39 -27 5 1
-39 -26 3 1
-39 -26 4 1
-39 -26 5 1
-39 -25 3 1
-39 -25 4 1
-39 -25 5 1
-42 -23 -1 1
-42 -23 0 2
-42 -23 1 1
-9 -5 3 0
-41 -23 0 2
-9 -5 2 0
-8 -5 2 0
-11 -8 1 1
-11 -8 2 1
-11 -8 3 1
-11 -7 1 1
-11 -6 1 1
-10 -7 3 0
-40 -23 0 2
-9 -6 3 0
-9 -6 2 0
-10 -5 5 0
-11 -6 -1 1
-11 -6 0 1
-10 -6 -1 1
-10 -6 0 1
-10 -6 1 1
-9 -6 -1 1
-9 -6 0 1
-9 -6 1 1
-9 -5 -1 1
-9 -5 0 2
-9 -5 1 1
-9 -4 -1 1
-9 -4 0 1
-9 -4 1 1
-39 -23 3 0
-39 -23 4 0
-39 -22 3 0
-39 -22 4 0
-41 -21 3 0
-42 -22 3 1
-42 -22 4 1
-43 -22 5 1
-42 -22 5 1
-41 -23 5 1
-42 -22 -1 1
-42 -22 0 2
-42 -22 1 1
-41 -22 -1 1
-41 -22 0 1
-41 -22 1 1
-40 -22 -1 1
-40 -22 0 1
-40 -22 1 1
-41 -23 2 0
-7 -5 3 0
-8 -4 3 0
-8 -4 2 0
-8 -3 1 1
-8 -3 2 1
-8 -3 3 1
-8 -2 1 1
-8 -2 2 1
-8 -2 3 1
-8 -1 1 1
-8 -1 2 1
-8 -1 3 1
-9 -7 3 0
-9 -7 2 0
-8 -7 3 0
-8 -7 2 0
-9 -5 4 0
-9 -5 5 0
-8 -6 -1 1
-8 -6 0 2
-8 -6 1 1
-8 -5 -1 1
-8 -5 0 1
-8 -5 1 1
-8 -4 -1 1
-8 -4 0 1
-8 -4 1 1
-1 -41 5 1
-33 -12 7 0
-2 -41 6 1
-32 -13 7 0
-32 -13 6 0
-31 -14 7 0
-31 -14 6 0
-36 -29 3 1
-32 -15 5 0
-33 -14 5 0
-30 -14 7 0
-30 -14 6 0
-27 -11 7 1
-29 -12 7 1
-29 -13 7 1
-31 -15 5 0
-32 -30 1 1
-27 -12 7 1
-27 -13 7 1
-28 -12 7 1
-30 -17 4 0
-30 -16 4 0
-30 -16 5 0
-27 -16 7 0
-27 -16 6 0
-24 -13 6 1
-28 -18 5 0
-29 -17 5 0
-26 -17 7 0
-28 -17 5 0
-25 -15 6 1
-25 -17 7 0
-25 -17 6 0
-37 -7 0 2
-24 -16 6 1
-1 -43 10 0
-1 -43 11 0
-13 -1 3 2
-26 -20 4 0
-26 -20 5 0
-26 -18 6 0
-21 -15 6 1
-16 -1 1 1
-43 -25 6 1
-23 -15 6 1
-41 -26 -1 1
-26 -19 4 0
-26 -19 5 0
-40 -9 6 0
-25 -19 5 0
-36 -12 5 0
-47 -6 6 0
-44 -10 0 1
-44 -10 1 2
-44 -9 -1 1
-25 -20 6 0
-13 -1 2 2
-22 -20 7 0
-24 -22 5 0
-22 -21 7 0
-24 -21 4 0
-23 -22 5 0
-23 -21 4 0
-23 -21 6 0
-21 -21 7 0
-22 -23 4 0
-22 -23 6 0
-22 -23 5 0
-22 -21 6 0
-23 -21 5 0
-22 -20 6 0
-20 -22 7 0
-21 -23 5 0
-4 -34 8 0
-3 -34 9 0
-22 -22 4 0
-22 -22 6 0
-22 -22 5 0
-21 -20 6 0
-21 -20 5 0
-20 -21 6 0
-19 -20 5 0
-40 -3 1 1
-24 -39 4 1
-24 -38 -1 1
-7 -29 5 0
-8 -30 -1 1
-8 -30 0 1
-14 -1 1 1
-43 -21 3 1
-1 -44 10 0
-1 -44 11 0
-21 -30 6 0
-5 -33 8 0
-10 -24 7 0
-11 -25 6 0
-39 -23 -1 1
-39 -23 0 1
-4 -49 -1 1
-20 -27 5 0
-10 -26 6 0
-5 -25 2 1
-15 -27 5 0
-15 -27 7 0
-35 -49 4 0
-12 -29 5 0
-39 -29 3 1
-50 -2 8 0
-1 -35 4 1
-1 -36 6 2
-1 -33 7 2
-1 -33 6 2
-1 -33 5 1
-5 -29 8 0
-1 -34 7 1
-1 -34 6 2
-1 -34 5 1
-1 -35 7 1
-4 -36 8 1
-1 -35 5 1
-15 -22 5 0
-1 -13 5 1
-1 -10 1 1
-1 -10 0 1
-1 -10 -1 1
-1 -11 1 1
-1 -11 -1 1
-1 -12 1 1
-1 -12 0 2
-1 -12 -1 1
-2 -12 1 1
-2 -12 0 1
-2 -12 -1 1
-1 -11 0 2
-1 -11 5 0
-36 -31 1 1
-36 -30 3 1
-35 -32 1 1
-42 -2 2 1
-42 -1 2 1
-47 -7 9 0
-49 -9 9 0
-48 -8 9 0
-38 -4 6 0
-23 -14 6 1
-42 -6 6 0
-41 -6 7 0
-41 -7 7 0
-38 -7 7 0
-36 -2 2 2
-33 -8 10 0
-33 -8 11 0
-33 -7 10 0
-33 -7 11 0
-38 -1 2 1
-37 -1 0 1
-35 -10 9 0
-35 -9 8 0
-49 -5 10 0
-48 -2 2 1
-49 -33 6 0
-35 -2 3 1
-35 -2 4 1
-39 -4 4 0
-44 -30 3 0
-48 -9 9 0
-36 -2 -1 1
-36 -9 0 1
-42 -12 7 0
-44 -15 8 0
-47 -13 6 0
-45 -2 7 0
-49 -27 7 0
-43 -14 7 0
-43 -14 6 0
-44 -16 5 0
-44 -14 7 0
-44 -14 6 0
-44 -15 6 0
-42 -15 7 0
-42 -15 6 0
-39 -3 -1 1
-47 -10 4 0
-38 -3 0 2
-38 -5 0 2
-20 -27 6 0
-20 -27 7 0
-10 -25 8 0
-20 -25 8 0
-20 -25 4 0
-5 -29 2 1
-5 -29 3 2
-5 -28 1 1
-5 -28 2 1
-5 -28 3 2
-5 -27 1 1
-5 -27 2 1
-5 -27 3 1
-4 -27 1 1
-4 -27 2 1
-4 -27 3 1
-3 -27 1 1
-3 -27 2 1
-3 -27 3 1
-6 -30 3 1
-6 -30 4 1
-5 -31 3 1
-6 -31 3 0
-5 -31 4 1
-6 -31 4 1
-6 -32 3 0
-6 -32 4 1
-5 -32 5 2
-5 -32 6 2
-5 -31 5 2
-5 -31 6 2
-36 -30 4 1
-5 -30 6 1
-36 -29 5 1
-4 -30 6 2
-3 -30 5 1
-22 -24 6 0
-22 -25 7 0
-22 -26 6 0
-23 -26 6 0
-21 -26 6 0
-22 -26 7 0
-22 -26 5 0
-22 -27 6 0
-22 -27 7 0
-22 -27 5 0
-21 -28 6 0
-21 -28 7 0
-21 -28 5 0
-19 -27 6 0
-19 -27 7 0
-19 -27 5 0
-21 -26 7 0
-21 -26 8 0
-21 -26 5 0
-21 -26 4 0
-45 -7 7 0
-43 -8 7 0
-37 -3 6 1
-35 -2 6 1
-35 -10 3 0
-35 -9 3 0
-48 -5 2 0
-48 -5 1 0
-34 -2 12 0
-34 -2 13 0
-34 -1 13 0
-42 -16 5 0
-33 -29 -1 1
-33 -29 0 1
-33 -29 1 1
-35 -28 3 1
-48 -11 3 0
-50 -11 6 0
-48 -37 5 0
-47 -2 -1 1
-48 -2 -1 1
-50 -4 0 1
-50 -5 0 1
-48 -11 4 0
-48 -11 5 0
-46 -11 4 0
-41 -10 1 0
-35 -7 1 1
-35 -7 0 1
-43 -3 2 1
-38 -14 3 0
-36 -3 5 1
-23 -25 6 0
-23 -25 7 0
-23 -25 5 0
-23 -27 6 0
-23 -27 7 0
-23 -27 5 0
-23 -28 6 0
-23 -28 7 0
-23 -28 5 0
-21 -29 6 0
-21 -29 7 0
-21 -29 5 0
-20 -28 6 0
-20 -28 7 0
-20 -28 5 0
-21 -27 8 0
-21 -27 4 0
-47 -8 2 0
-45 -6 2 0
-45 -7 -1 1
-23 -17 3 1
-23 -17 4 1
-23 -16 3 1
-23 -16 4 2
-48 -7 9 0
-44 -12 8 0
-47 -16 7 0
-47 -14 7 0
-24 -19 3 0
-48 -15 6 0
-5 -30 2 1
-5 -29 4 1
-5 -28 4 1
-6 -29 2 1
-6 -29 3 2
-6 -29 4 1
-6 -28 2 1
-6 -28 3 2
-6 -28 4 1
-6 -27 2 1
-6 -27 3 2
-6 -27 4 1
-5 -27 4 1
-4 -27 4 1
-6 -30 2 1
-7 -29 3 1
-7 -30 3 1
-7 -30 4 1
-46 -12 2 1
-46 -11 2 1
-6 -32 2 0
-5 -32 2 0
-4 -32 2 0
-6 -31 -1 1
-6 -31 0 1
-6 -31 1 1
-6 -30 -1 1
-6 -30 0 2
-6 -30 1 1
-6 -29 -1 1
-6 -29 0 1
-6 -29 1 1
-35 -31 3 1
-5 -29 0 1
-4 -29 -1 1
-4 -29 0 1
-47 -15 5 0
-24 -26 6 0
-24 -27 7 0
-24 -27 5 0
-24 -28 6 0
-24 -28 7 0
-24 -28 5 0
-23 -29 6 0
-24 -29 6 0
-24 -29 7 0
-23 -29 5 0
-24 -29 5 0
-22 -29 6 0
-22 -30 6 0
-22 -30 7 0
-22 -29 5 0
-22 -30 5 0
-22 -28 6 0
-22 -28 7 0
-22 -28 8 0
-22 -28 5 0
-22 -28 4 0
-3 -10 2 0
-3 -10 3 0
-5 -10 -1 1
-5 -10 0 1
-4 -10 -1 1
-4 -10 0 2
-3 -10 -1 1
-3 -10 0 2
-3 -10 1 1
-3 -9 -1 1
-3 -9 0 1
-3 -9 1 1
-3 -8 -1 1
-3 -8 0 1
-41 -1 3 0
-44 -12 7 0
-44 -11 6 0
-44 -11 7 0
-43 -12 6 0
-34 -31 -1 1
-19 -18 4 2
-10 -29 8 0
-13 -1 1 1
-24 -18 6 0
-24 -18 7 0
-15 -1 0 1
-18 -1 0 1
-18 -1 -1 1
-45 -23 4 2
-46 -4 2 1
-45 -1 3 0
-45 -1 5 0
-35 -7 11 0
-35 -7 10 0
-35 -8 11 0
-35 -8 10 0
-36 -7 11 0
-36 -7 10 0
-36 -8 10 0
-33 -9 5 1
-33 -10 5 1
-34 -9 5 0
-34 -9 4 0
-3 -11 4 0
-1 -10 4 0
-1 -11 2 0
-1 -11 3 0
-34 -29 0 1
-34 -29 -1 1
-35 -29 0 2
-35 -29 -1 1
-35 -30 0 1
-35 -30 -1 1
-35 -31 0 1
-35 -31 -1 1
-37 -5 8 0
-49 -14 4 1
-45 -4 7 0
-33 -29 5 1
-33 -29 4 1
-8 -26 8 0
-35 -5 -1 1
-43 -4 -1 1
-43 -5 1 2
-43 -5 0 2
-43 -6 1 1
-43 -6 0 2
-43 -6 -1 1
-44 -1 1 2
-42 -12 4 0
-44 -12 4 0
-44 -2 7 0
-46 -20 6 1
-41 -3 5 0
-41 -3 8 0
-41 -3 7 0
-43 -3 7 0
-36 -2 0 1
-2 -10 2 0
-2 -10 3 0
-2 -8 2 0
-2 -8 3 0
-3 -8 5 1
-3 -7 5 1
-3 -6 5 1
-7 -11 5 1
-6 -9 5 1
-5 -9 5 1
-2 -11 2 0
-2 -11 3 0
-5 -11 -1 1
-5 -11 0 1
-4 -11 -1 1
-4 -11 0 1
-3 -11 -1 1
-3 -11 0 1
-3 -11 1 1
-43 -3 6 0
-42 -3 6 0
-42 -2 7 0
-42 -1 6 0
-41 -1 7 0
-41 -2 7 0
-41 -2 6 0
-39 -3 6 0
-9 -24 4 1
-9 -24 5 1
-8 -25 3 1
-5 -26 2 1
-5 -26 1 1
-6 -25 3 1
-6 -25 2 1
-6 -25 1 1
-6 -26 3 1
-6 -26 1 1
-7 -26 1 1
-1 -42 10 0
-20 -41 4 0
-20 -41 2 0
-19 -42 3 0
-19 -42 4 0
-19 -42 2 0
-18 -42 2 0
-17 -42 2 0
-18 -41 5 0
-19 -42 -1 1
-19 -42 0 1
-19 -42 1 1
-19 -41 -1 1
-19 -41 0 1
-19 -41 1 1
-19 -40 -1 1
-19 -40 0 2
-19 -40 1 1
-18 -41 2 0
-1 -42 11 0
-45 -23 5 1
-45 -25 4 1
-46 -23 4 1
-44 -24 3 1
-24 -16 5 1
-24 -15 3 2
-35 -5 13 0
-35 -5 12 0
-22 -1 5 1
-44 -11 3 0
-35 -6 12 0
-22 -1 1 1
-43 -10 4 0
-21 -1 3 2
-22 -2 2 1
-43 -10 3 0
-22 -2 3 1
-22 -2 4 1
-21 -2 2 1
-21 -2 3 1
-21 -2 4 1
-21 -1 2 2
-21 -1 4 2
-35 -6 -1 1
-36 -6 12 0
-48 -7 2 0
-20 -2 2 1
-20 -2 3 1
-20 -2 4 1
-20 -1 2 2
-20 -1 3 2
-20 -1 4 2
-32 -4 13 0
-50 -25 5 0
-24 -15 5 2
-22 -2 1 1
-21 -2 1 1
-21 -1 1 1
-24 -16 2 1
-20 -2 1 1
-20 -1 1 1
-24 -15 2 1
-24 -14 2 1
-18 -40 6 0
-17 -40 6 0
-18 -40 7 0
-18 -40 5 0
-21 -39 7 0
-21 -42 6 0
-24 -14 3 1
-21 -41 7 0
-21 -42 5 0
-19 -41 6 0
-19 -42 6 0
-19 -42 7 0
-19 -41 5 0
-19 -42 5 0
-18 -42 6 0
-18 -41 7 0
-18 -42 5 0
-19 -40 8 0
-24 -14 4 1
-23 -14 2 1
-23 -14 3 1
-23 -14 4 1
-22 -14 2 1
-22 -14 3 1
-22 -14 4 1
-42 -24 6 1
-42 -25 6 1
-38 -29 5 1
-43 -23 6 1
-43 -23 5 1
-43 -23 4 2
-17 -40 2 0
-37 -29 5 1
-39 -5 3 0
-20 -35 2 1
-37 -30 4 0
-38 -28 3 1
-37 -27 2 1
-37 -27 4 1
-37 -27 3 1
-37 -28 3 1
-36 -26 2 0
-36 -27 4 1
-36 -26 3 1
-36 -27 3 1
-34 -28 1 1
-34 -28 0 1
-34 -28 -1 1
-35 -28 1 1
-35 -28 0 1
-35 -28 -1 1
-36 -28 1 1
-36 -28 0 2
-36 -28 -1 1
-18 -41 6 0
-17 -41 6 0
-17 -41 7 0
-17 -40 7 0
-17 -40 5 0
-20 -40 7 0
-21 -41 6 0
-21 -41 5 0
-20 -43 6 0
-36 -29 0 1
-20 -43 7 0
-20 -43 5 0
-19 -43 6 0
-19 -43 7 0
-19 -43 5 0
-17 -43 6 0
-17 -43 7 0
-17 -43 5 0
-19 -41 7 0
-19 -41 8 0
-36 -29 -1 1
-36 -30 -1 1
-34 -28 5 1
-22 -2 5 1
-21 -2 5 1
-21 -1 5 1
-36 -29 4 1
-20 -2 5 1
-20 -1 5 1
-36 -30 5 1
-37 -29 2 1
-37 -29 4 1
-37 -29 3 1
-36 -28 2 1
-44 -3 -1 1
-36 -28 4 2
-36 -28 3 1
-32 -15 4 0
-35 -27 2 0
-35 -28 2 0
-35 -27 4 1
-35 -27 3 1
-34 -29 5 1
-34 -29 4 1
-35 -29 5 1
-35 -30 5 1
-35 -31 5 1
-35 -31 4 1
-35 -30 4 1
-35 -29 2 0
-35 -29 4 2
-44 -25 5 1
-32 -29 3 0
-33 -31 2 0
-26 -13 7 1
-49 -34 3 0
-50 -33 4 0
-50 -33 3 0
-20 -18 2 1
-20 -16 3 1
-22 -1 0 1
-33 -33 5 1
-17 -3 2 1
-17 -3 3 1
-17 -3 4 2
-9 -45 3 0
-19 -1 0 1
-17 -1 -1 1
-17 -1 0 1
-17 -1 1 1
-8 -9 1 1
-39 -23 2 0
-8 -8 1 1
-8 -8 2 1
-8 -8 3 1
-7 -6 -1 1
-14 -1 0 1
-43 -3 0 1
-1 -41 7 1
-1 -41 6 2
-35 -13 5 0
-2 -41 7 1
-34 -14 4 0
-2 -41 5 1
-3 -41 7 1
-3 -41 6 1
-3 -41 5 1
-2 -42 10 0
-4 -42 9 0
-4 -42 8 0
-16 -43 6 0
-16 -43 7 0
-16 -43 5 0
-17 -42 6 0
-16 -41 6 0
-16 -41 7 0
-17 -42 5 0
-16 -41 5 0
-18 -43 6 0
-19 -44 6 0
-3 -41 8 0
-19 -44 7 0
-18 -43 5 0
-19 -44 5 0
-18 -44 6 0
-18 -45 6 0
-22 -36 5 1
-18 -45 7 0
-18 -44 5 0
-18 -45 5 0
-16 -44 6 0
-16 -44 7 0
-16 -44 5 0
-18 -43 7 0
-18 -43 8 0
-18 -43 4 0
-22 -36 4 1
-22 -36 3 1
-6 -27 8 0
-22 -37 5 1
-22 -37 3 1
-22 -38 5 1
-22 -38 4 1
-22 -38 3 1
-23 -36 5 1
-23 -36 4 1
-23 -36 3 1
-23 -37 5 1
-20 -39 0 2
-20 -39 -1 1
-44 -23 3 1
-37 -24 5 1
-8 -28 7 0
-36 -24 5 1
-37 -26 2 0
-39 -20 5 0
-39 -20 2 0
-39 -20 1 0
-37 -18 3 0
-37 -18 4 0
-38 -27 3 1
-38 -17 4 0
-38 -26 2 0
-39 -28 3 2
-39 -28 4 2
-41 -27 3 1
-25 -40 1 1
-26 -39 1 1
-26 -40 1 1
-26 -36 3 1
-26 -36 2 1
-26 -37 4 1
-26 -38 4 2
-26 -38 3 1
-26 -38 2 1
-27 -36 4 1
-27 -36 3 1
-50 -8 5 0
-45 -22 7 0
-44 -22 7 0
-44 -21 6 0
-43 -22 6 0
-44 -1 9 0
-19 -41 2 0
-21 -41 2 0
-21 -41 3 0
-22 -39 2 0
-22 -39 4 0
-22 -39 3 0
-21 -38 2 0
-21 -36 5 1
-21 -36 4 1
-21 -37 5 1
-21 -37 4 1
-21 -38 5 1
-34 -3 13 0
-33 -4 12 0
-33 -3 12 0
-21 -38 4 1
-15 -25 4 0
-14 -24 3 0
-14 -24 5 0
-6 -28 9 0
-12 -48 6 0
-11 -48 6 0
-12 -48 7 0
-12 -48 5 0
-12 -47 6 0
-12 -47 7 0
-12 -47 5 0
-13 -46 6 0
-13 -46 7 0
-13 -46 5 0
-14 -48 6 0
-15 -48 7 0
-14 -48 5 0
-14 -49 6 0
-15 -50 6 0
-14 -24 4 0
-14 -49 5 0
-15 -50 5 0
-13 -49 6 0
-13 -50 6 0
-13 -50 7 0
-13 -49 5 0
-13 -50 5 0
-12 -50 6 0
-12 -49 7 0
-12 -50 5 0
-13 -48 8 0
-13 -48 4 0
-14 -21 2 1
-14 -22 2 1
-14 -23 2 1
-12 -21 6 1
-12 -22 6 2
-12 -23 6 1
-13 -21 6 1
-14 -23 3 1
-11 -25 5 0
-17 -43 -1 1
-16 -42 5 0
-18 -42 4 0
-17 -42 4 0
-18 -42 3 0
-17 -42 3 0
-17 -41 4 0
-45 -2 1 2
-13 -21 8 1
-24 -16 4 1
-24 -16 3 1
-24 -17 5 1
-24 -17 4 1
-24 -17 3 1
-15 -40 3 0
-15 -43 2 0
-16 -42 1 1
-16 -42 0 2
-16 -42 -1 1
-16 -43 1 1
-16 -43 0 1
-16 -43 -1 1
-17 -43 0 1
-17 -40 3 0
-17 -41 3 0
-16 -40 4 0
-10 -45 0 1
-16 -40 3 0
-41 -3 1 1
-43 -15 5 0
-41 -3 -1 1
-10 -6 3 0
-47 -20 1 1
-45 -4 2 1
-36 -3 3 2
-36 -4 5 1
-36 -4 4 1
-36 -4 3 1
-37 -2 5 1
-37 -2 4 1
-37 -2 3 1
-10 -44 4 0
-10 -45 4 0
-10 -44 3 0
-43 -14 3 0
-9 -47 2 0
-8 -46 1 1
-37 -3 5 1
-8 -46 -1 1
-9 -46 1 1
-36 -30 2 1
-9 -46 0 1
-9 -46 -1 1
-47 -13 4 0
-10 -46 1 1
-37 -3 4 1
-37 -3 3 2
-37 -4 5 1
-37 -4 4 1
-37 -4 3 1
-48 -13 6 0
-40 -7 2 1
-50 -6 10 0
-46 -10 8 0
-35 -9 9 0
-41 -9 -1 1
-41 -9 0 1
-41 -9 1 1
-42 -10 5 0
-41 -10 4 0
-42 -10 4 0
-48 -2 6 0
-43 -9 1 1
-43 -9 0 1
-43 -9 -1 1
-43 -10 1 1
-43 -10 0 2
-44 -8 1 2
-44 -8 0 2
-44 -8 -1 1
-8 -28 6 0
-44 -9 1 1
-24 -21 6 0
-23 -20 6 0
-23 -20 7 0
-44 -10 -1 1
-45 -8 1 1
-46 -29 2 0
-45 -8 0 1
-39 -12 4 0
-45 -30 3 0
-49 -8 8 0
-50 -9 8 0
-48 -5 9 0
-50 -5 8 0
-50 -5 7 0
-49 -6 8 0
-41 -10 7 0
-40 -8 7 0
-40 -8 6 0
-50 -1 6 0
-41 -9 6 0
-41 -8 6 0
-40 -6 6 0
-38 -7 4 0
-38 -7 6 0
-38 -7 5 0
-38 -8 6 0
-47 -2 7 0
-48 -1 7 0
-48 -2 7 0
-39 -2 7 0
-40 -9 7 0
-41 -9 7 0
-10 -25 6 0
-42 -8 6 0
-40 -2 8 0
-47 -10 5 0
-48 -9 6 0
-35 -11 5 0
-48 -8 6 0
-35 -12 5 0
-36 -11 5 0
-23 -17 6 1
-25 -18 6 0
-23 -19 7 0
-3 -28 1 1
-3 -28 2 1
-3 -28 3 1
-2 -30 1 1
-2 -29 1 1
-2 -28 1 1
-2 -28 2 1
-2 -28 3 1
-4 -31 3 1
-4 -31 4 1
-4 -32 3 0
-5 -32 3 0
-4 -32 4 1
-4 -34 3 0
-4 -33 5 1
-4 -33 6 2
-4 -33 7 1
-4 -32 5 1
-4 -32 6 2
-4 -32 7 1
-4 -31 5 2
-4 -31 6 2
-4 -31 7 1
-3 -31 5 1
-35 -29 3 1
-3 -31 7 1
-2 -31 6 2
-2 -31 7 1
-4 -33 -1 1
-4 -33 0 1
-4 -33 1 1
-4 -32 -1 1
-4 -32 0 1
-4 -32 1 1
-4 -31 -1 1
-4 -31 0 2
-4 -31 1 1
-3 -31 -1 1
-3 -31 0 1
-3 -31 1 1
-2 -31 -1 1
-2 -31 0 1
-2 -31 1 1
-47 -9 6 0
-47 -9 5 0
-47 -8 6 0
-47 -7 6 0
-45 -6 6 0
-44 -7 6 0
-43 -7 2 1
-43 -9 2 1
-44 -8 2 1
-46 -22 5 1
-39 -9 6 0
-50 -4 7 0
-42 -8 7 0
-43 -7 6 0
-40 -13 5 0
-42 -5 2 1
-24 -19 7 0
-40 -3 2 1
-11 -25 7 0
-13 -24 6 0
-43 -8 2 1
-13 -25 7 0
-14 -25 6 0
-14 -25 7 0
-14 -26 6 0
-15 -26 6 0
-44 -6 4 0
-14 -26 7 0
-14 -28 6 0
-14 -28 7 0
-14 -28 5 0
-13 -26 8 0
-44 -6 3 0
-42 -4 3 2
-42 -2 8 0
-42 -8 -1 1
-49 -33 4 0
-50 -36 3 0
-9 -25 7 0
-50 -36 5 0
-1 -36 10 0
-2 -36 9 0
-2 -36 8 1
-1 -34 9 0
-48 -20 2 1
-1 -34 8 1
-1 -36 9 0
-36 -9 6 0
-36 -10 7 0
-36 -10 6 0
-50 -25 6 0
-41 -11 2 0
-41 -11 6 0
-39 -13 4 0
-39 -10 4 0
-39 -11 3 0
-39 -11 5 0
-39 -11 4 0
-33 -7 9 0
-33 -8 9 0
-33 -8 8 0
-34 -7 9 0
-34 -7 8 0
-11 -25 -1 1
-12 -25 0 1
-12 -25 -1 1
-12 -26 1 1
-12 -26 0 1
-12 -26 -1 1
-12 -27 1 1
-12 -27 0 1
-12 -27 -1 1
-11 -26 6 0
-11 -26 5 1
-11 -27 5 1
-9 -28 2 1
-39 -6 6 0
-45 -1 6 0
-47 -1 6 0
-34 -3 2 1
-43 -1 1 1
-28 -33 3 1
-27 -32 3 0
-43 -1 0 1
-28 -33 2 0
-28 -32 3 0
-28 -32 4 0
-28 -32 2 0
-30 -32 3 1
-43 -1 -1 1
-30 -33 4 2
-31 -32 2 2
-43 -2 1 1
-32 -33 1 1
-32 -33 2 1
-32 -33 3 1
-32 -32 1 1
-32 -32 2 1
-32 -32 3 1
-32 -31 1 1
-32 -31 2 1
-32 -31 3 1
-31 -33 1 1
-31 -33 2 1
-31 -33 3 1
-31 -32 1 1
-31 -32 3 1
-31 -31 1 1
-31 -31 2 1
-31 -31 3 1
-30 -33 1 1
-8 -27 7 0
-30 -33 3 1
-30 -32 1 1
-30 -32 2 1
-30 -31 1 1
-30 -31 2 1
-30 -31 3 1
-29 -34 3 1
-30 -34 3 1
-30 -34 4 1
-29 -34 2 0
-30 -34 2 0
-30 -35 3 0
-30 -35 4 0
-30 -35 2 0
-28 -36 2 0
-29 -35 5 1
-29 -34 4 1
-29 -34 5 1
-29 -33 5 1
-28 -33 4 1
-28 -33 5 1
-27 -33 5 1
-29 -35 -1 1
-29 -35 0 1
-29 -35 1 1
-29 -34 -1 1
-29 -34 0 1
-29 -34 1 1
-29 -33 -1 1
-29 -33 0 1
-29 -33 1 1
-28 -33 -1 1
-28 -33 0 1
-28 -33 1 1
-27 -33 -1 1
-27 -33 0 1
-27 -33 1 1
-43 -2 0 2
-43 -2 -1 1
-43 -3 1 1
-30 -33 2 1
-6 -10 1 1
-6 -10 2 2
-6 -10 3 2
-6 -9 1 1
-6 -9 2 1
-6 -9 3 2
-6 -8 1 1
-7 -7 4 1
-6 -9 4 1
-5 -9 3 1
-5 -9 4 1
-5 -8 2 1
-8 -8 -1 1
-8 -8 0 1
-7 -8 -1 1
-34 -28 2 0
-49 -15 1 1
-49 -16 1 1
-50 -14 1 1
-50 -16 1 1
-32 -29 2 0
-31 -10 3 2
-15 -6 5 1
-13 -6 4 1
-13 -6 3 1
-14 -6 4 1
-32 -30 -1 1
-33 -30 1 1
-33 -30 0 1
-17 -38 1 1
-17 -37 1 1
-17 -36 1 1
-17 -36 2 1
-17 -36 3 1
-20 -37 4 0
-21 -37 1 1
-21 -37 2 1
-21 -37 3 1
-21 -36 1 1
-21 -36 2 1
-21 -36 3 1
-21 -35 1 1
-33 -30 -1 1
-21 -35 2 1
-21 -35 3 1
-20 -35 1 1
-15 -24 8 0
-20 -35 3 1
-19 -35 1 1
-19 -35 2 1
-19 -35 3 1
-21 -39 3 0
-21 -38 3 1
-22 -37 4 2
-34 -30 0 2
-23 -38 3 1
-34 -30 -1 1
-23 -38 4 1
-23 -38 5 1
-23 -37 3 1
-23 -37 4 2
-29 -32 3 1
-29 -32 2 0
-31 -34 3 1
-31 -34 2 1
-31 -34 4 1
-31 -34 5 1
-31 -33 4 1
-31 -33 5 1
-31 -32 4 2
-31 -32 5 1
-30 -34 5 1
-30 -33 5 1
-30 -32 4 1
-30 -32 5 1
-29 -32 4 1
-29 -32 5 1
-30 -33 0 2
-31 -34 -1 1
-31 -34 0 1
-31 -34 1 1
-31 -33 -1 1
-31 -33 0 1
-31 -32 -1 1
-31 -32 0 2
-30 -34 -1 1
-20 -39 5 0
-21 -40 -1 1
-21 -40 0 1
-21 -40 1 1
-21 -39 -1 1
-21 -39 0 2
-21 -39 1 1
-21 -38 -1 1
-21 -38 0 1
-21 -38 1 1
-20 -38 -1 1
-20 -38 0 1
-19 -38 -1 1
-19 -38 0 1
-34 -31 0 1
-50 -23 3 0
-29 -50 4 1
-15 -22 7 0
-3 -31 6 2
-29 -50 5 1
-2 -50 9 0
-3 -48 8 0
-39 -1 8 0
-47 -2 4 1
-2 -34 3 0
-48 -1 13 0
-1 -34 3 0
-38 -6 6 0
-35 -3 6 1
-36 -3 6 1
-47 -10 7 0
-30 -12 6 1
-31 -12 6 1
-11 -3 -1 1
-11 -4 1 1
-22 -37 2 0
-23 -39 3 0
-23 -39 4 0
-23 -39 2 0
-22 -40 3 0
-22 -40 4 0
-22 -40 2 0
-20 -40 4 0
-20 -40 2 0
-21 -39 4 0
-21 -39 5 0
-22 -40 -1 1
-12 -6 4 2
-12 -6 3 2
-32 -10 4 1
-32 -10 5 2
-32 -9 3 1
-32 -9 4 2
-32 -9 5 1
-31 -9 3 1
-32 -11 2 1
-32 -10 2 1
-32 -9 2 1
-31 -9 2 1
-34 -12 3 0
-32 -12 3 0
-11 -24 8 0
-33 -11 2 0
-34 -8 4 0
-34 -8 5 0
-34 -8 3 0
-34 -10 2 0
-36 -6 6 2
-37 -7 6 1
-37 -6 6 1
-36 -7 6 1
-36 -7 7 1
-36 -6 7 1
-36 -5 6 1
-36 -5 7 1
-35 -7 6 1
-35 -7 7 1
-35 -6 7 1
-35 -5 6 1
-35 -5 7 1
-1 -48 5 2
-1 -48 6 1
-48 -13 3 0
-1 -46 8 0
-1 -45 8 0
-47 -13 2 1
-1 -46 9 0
-16 -22 7 0
-1 -45 9 0
-2 -46 8 0
-1 -47 9 0
-2 -46 9 0
-3 -47 8 0
-50 -18 2 0
-2 -47 9 0
-1 -47 8 0
-18 -42 0 1
-18 -42 1 1
-18 -41 -1 1
-16 -41 2 0
-17 -39 2 1
-18 -39 3 1
-18 -39 4 1
-18 -39 2 1
-43 -26 5 0
-41 -27 4 1
-4 -11 2 1
-16 -3 3 1
-3 -45 9 0
-3 -45 8 0
-1 -45 10 0
-1 -45 11 0
-16 -4 5 1
-16 -4 4 1
-16 -4 3 2
-17 -2 5 1
-17 -3 5 1
-17 -4 5 1
-17 -4 4 2
-17 -4 3 1
-18 -4 5 1
-1 -36 8 1
-1 -35 8 0
-36 -28 5 1
-35 -28 4 1
-35 -28 5 1
-35 -27 5 1
-1 -35 9 0
-46 -31 5 0
-47 -31 4 0
-46 -31 4 0
-46 -29 4 0
-50 -36 4 0
-48 -30 4 0
-46 -32 5 0
-46 -32 4 0
-48 -31 7 0
-48 -31 3 0
-48 -33 4 0
-48 -33 5 0
-48 -31 4 0
-48 -34 5 0
-46 -28 4 0
-18 -22 6 0
-18 -22 7 0
-18 -22 5 0
-44 -26 3 0
-42 -25 3 1
-43 -24 3 1
-43 -24 5 2
-44 -24 4 1
-44 -23 4 2
-44 -23 5 1
-43 -25 4 1
-43 -25 5 1
-22 -15 6 1
-43 -24 4 1
-43 -24 6 1
-34 -30 2 1
-43 -26 2 0
-43 -26 1 1
-42 -23 3 1
-42 -25 0 2
-43 -26 -1 1
-43 -26 0 1
-43 -25 -1 1
-43 -25 0 1
-43 -25 1 1
-43 -24 -1 1
-43 -24 0 1
-43 -24 1 1
-42 -26 -1 1
-42 -26 0 1
-42 -26 1 1
-42 -25 -1 1
-42 -25 1 1
-42 -24 -1 1
-42 -24 0 1
-42 -24 1 1
-28 -14 5 1
-17 -22 6 0
-41 -26 0 1
-41 -26 1 1
-41 -25 -1 1
-41 -25 0 1
-41 -25 1 1
-41 -24 -1 1
-41 -24 0 2
-41 -24 1 1
-41 -23 -1 1
-41 -23 1 1
-40 -25 -1 1
-40 -25 0 2
-40 -25 1 1
-40 -24 -1 1
-40 -24 0 1
-40 -24 1 1
-40 -23 -1 1
-40 -23 1 1
-41 -24 2 0
-43 -22 4 1
-26 -16 6 0
-26 -16 5 0
-25 -17 3 0
-25 -17 5 0
-26 -18 4 0
-27 -17 3 0
-27 -17 5 0
-28 -17 4 0
-28 -16 3 0
-7 -11 4 1
-3 -5 3 1
-3 -5 2 1
-3 -5 1 1
-3 -9 3 0
-2 -9 2 0
-3 -9 2 0
-27 -14 4 1
-40 -21 3 0
-5 -29 -1 1
-7 -32 3 0
-7 -30 2 1
-40 -22 4 0
-40 -21 4 0
-41 -21 4 0
-41 -25 6 1
-41 -24 6 1
-41 -23 6 1
-40 -23 5 0
-39 -24 -1 1
-39 -23 1 1
-39 -22 -1 1
-39 -22 0 1
-39 -22 1 1
-40 -23 2 0
-38 -22 3 0
-38 -22 4 0
-38 -20 3 0
-38 -21 4 0
-38 -21 3 0
-40 -20 3 0
-40 -20 4 0
-24 -1 3 1
-41 -20 3 0
-40 -22 5 0
-3 -30 0 1
-3 -30 -1 1
-4 -30 0 1
-4 -30 -1 1
-5 -30 1 1
-5 -30 0 2
-45 -28 6 0
-5 -30 -1 1
-5 -31 1 1
-5 -31 0 1
-5 -31 -1 1
-5 -32 1 1
-5 -32 0 1
-5 -32 -1 1
-3 -30 6 2
-4 -30 5 1
-5 -30 5 1
-5 -29 1 1
-40 -18 3 0
-41 -17 3 0
-40 -17 4 0
-41 -18 4 0
-39 -18 5 0
-39 -18 2 0
-39 -18 1 0
-37 -17 3 0
-37 -17 4 0
-38 -16 3 0
-39 -16 4 0
-38 -16 4 0
-39 -15 3 0
-39 -15 4 0
-40 -16 3 0
-41 -16 3 0
-40 -16 4 0
-41 -16 4 0
-40 -17 3 0
-41 -17 4 0
-39 -17 5 0
-39 -17 2 0
-39 -17 1 0
-40 -14 4 0
-1 -34 2 0
-2 -33 1 1
-2 -33 0 2
-2 -33 -1 1
-2 -34 1 1
-2 -34 0 1
-2 -34 -1 1
-2 -35 1 1
-2 -35 0 1
-2 -35 -1 1
-2 -33 7 1
-2 -33 6 2
-2 -33 5 1
-2 -34 7 1
-2 -35 7 1
-2 -35 3 0
-1 -30 2 1
-1 -31 2 1
-1 -32 2 1
-2 -30 2 2
-2 -31 2 2
-2 -32 2 1
-1 -30 5 1
-1 -30 4 1
-1 -30 3 2
-17 -38 4 1
-17 -37 2 1
-17 -37 3 1
-17 -37 4 1
-16 -39 2 1
-16 -39 3 1
-16 -39 4 1
-16 -38 2 1
-16 -38 3 1
-16 -38 4 1
-16 -37 2 1
-16 -37 3 1
-16 -37 4 1
-19 -38 3 1
-19 -38 4 0
-19 -37 2 2
-20 -38 1 1
-20 -38 2 1
-20 -38 3 1
-20 -37 1 1
-20 -37 2 1
-20 -37 3 1
-20 -36 1 1
-1 -31 5 1
-20 -36 2 2
-20 -36 3 1
-19 -38 1 1
-19 -38 2 1
-19 -37 1 1
-19 -37 3 1
-19 -36 1 1
-19 -36 2 1
-19 -36 3 1
-18 -38 1 1
-18 -37 1 1
-18 -36 1 1
-18 -36 2 1
-18 -36 3 1
-20 -39 3 0
-20 -39 4 0
-20 -39 2 0
-20 -40 3 0
-21 -40 3 0
-1 -32 5 1
-21 -40 4 0
-21 -40 2 0
-19 -40 4 0
-19 -40 5 0
-20 -41 -1 1
-20 -41 0 1
-20 -41 1 1
-20 -40 -1 1
-20 -40 0 1
-20 -40 1 1
-49 -10 5 0
-50 -11 5 0
-20 -39 1 1
-19 -39 -1 1
-19 -39 0 1
-19 -39 1 1
-18 -39 -1 1
-18 -39 0 1
-18 -39 1 1
-19 -40 2 0
-47 -3 11 0
-46 -2 11 0
-47 -1 11 0
-47 -1 12 0
-50 -1 10 0
-49 -2 10 0
-49 -2 11 0
-48 -3 10 0
-48 -3 11 0
-48 -1 12 0
-50 -1 11 0
-50 -1 14 0
-36 -29 2 1
-49 -1 14 0
-13 -21 7 1
-50 -2 14 0
-49 -3 12 0
-32 -10 3 1
-8 -47 3 0
-7 -46 3 0
-8 -46 3 0
-9 -47 4 0
-10 -47 3 0
-9 -48 3 0
-10 -48 3 0
-9 -49 1 1
-9 -48 -1 1
-9 -48 1 1
-9 -47 -1 1
-9 -47 0 2
-10 -46 4 0
-11 -47 3 0
-10 -47 4 0
-11 -47 4 0
-11 -49 3 0
-11 -48 3 0
-9 -47 5 0
-10 -48 -1 1
-10 -48 0 1
-10 -48 1 1
-10 -47 -1 1
-10 -47 0 1
-10 -47 1 1
-10 -46 -1 1
-10 -46 0 2
-50 -9 6 0
-50 -10 5 0
-50 -9 5 0
-47 -14 4 0
-45 -15 4 0
-45 -13 2 1
-8 -46 0 1
-50 -12 6 0
-50 -12 7 0
-50 -12 5 0
-49 -13 6 0
-49 -12 7 0
-49 -11 4 0
-11 -45 3 0
-12 -46 3 0
-10 -46 5 0
-11 -47 -1 1
-11 -47 0 1
-11 -47 1 1
-11 -46 -1 1
-11 -46 0 1
-11 -46 1 1
-11 -45 -1 1
-11 -45 0 1
-12 -44 1 1
-11 -44 1 1
-1 -40 10 0
-13 -43 4 0
-10 -7 2 0
-8 -5 3 0
-11 -44 0 1
-11 -44 -1 1
-12 -44 -1 1
-11 -4 5 0
-11 -4 4 0
-10 -6 2 0
-10 -6 4 0
-34 -29 1 1
-12 -6 1 1
-12 -7 1 1
-12 -8 3 1
-12 -8 2 1
-12 -45 1 1
-12 -45 -1 1
-10 -46 2 0
-9 -45 1 1
-9 -45 0 1
-9 -45 -1 1
-10 -45 1 1
-50 -10 4 0
-10 -45 -1 1
-11 -45 1 1
-16 -44 -1 1
-16 -44 0 1
-16 -44 1 1
-43 -22 7 0
-43 -21 6 0
-43 -21 7 0
-46 -4 0 2
-46 -4 1 2
-46 -3 -1 1
-46 -3 0 1
-47 -22 6 1
-47 -22 7 0
-47 -21 6 1
-46 -2 1 2
-45 -2 -1 1
-45 -2 0 1
-45 -11 1 2
-44 -2 -1 1
-49 -3 5 0
-50 -1 4 0
-48 -7 6 0
-48 -7 8 0
-47 -9 7 0
-37 -6 4 1
-48 -9 7 0
-37 -6 3 1
-49 -9 5 0
-49 -9 7 0
-49 -8 7 0
-49 -9 6 0
-49 -8 6 0
-50 -7 5 0
-50 -7 7 0
-50 -7 6 0
-49 -6 7 0
-49 -7 7 0
-49 -6 6 0
-49 -7 6 0
-48 -5 5 0
-48 -6 7 0
-48 -7 7 0
-48 -5 6 0
-47 -6 7 0
-46 -7 7 0
-47 -7 7 0
-36 -1 11 0
-44 -6 7 0
-41 -4 8 0
-42 -4 9 0
-42 -4 8 0
-42 -6 7 0
-36 -11 3 0
-50 -2 4 0
-50 -2 6 0
-50 -3 5 0
-47 -8 7 0
-45 -9 6 0
-47 -10 6 0
-49 -1 5 0
-50 -1 5 0
-48 -12 4 0
-48 -14 5 0
-48 -14 4 0
-34 -3 12 0
-34 -4 13 0
-34 -3 4 1
-33 -9 9 0
-49 -6 3 0
-48 -2 8 0
-38 -6 3 0
-38 -6 4 0
-34 -4 4 1
-34 -4 3 1
-34 -4 2 1
-34 -5 4 1
-34 -5 3 1
-34 -12 7 0
-35 -2 5 1
-38 -2 5 0
-33 -12 6 0
-33 -11 6 1
-33 -11 7 0
-34 -2 1 1
-48 -5 10 0
-37 -8 4 0
-37 -8 5 0
-37 -7 4 1
-45 -4 3 0
-45 -5 3 0
-45 -5 4 0
-45 -7 3 0
-43 -5 5 0
-24 -40 1 1
-47 -3 10 0
-48 -2 11 0
-48 -2 10 0
-49 -1 9 0
-49 -1 11 0
-49 -1 10 0
-43 -2 8 0
-44 -2 9 0
-43 -3 8 0
-45 -3 8 0
-39 -17 4 0
-39 -16 3 0
-39 -17 3 0
-49 -11 5 0
-38 -17 3 0
-49 -12 5 0
-49 -13 5 0
-47 -12 4 0
-47 -12 3 0
-5 -30 8 0
-40 -18 4 0
-40 -19 4 0
-41 -18 3 0
-40 -19 3 0
-39 -18 4 0
-39 -18 3 0
-38 -18 4 0
-39 -21 5 0
-39 -19 4 0
-38 -20 4 0
-27 -33 3 1
-27 -33 4 1
-27 -33 2 0
-29 -36 2 0
-28 -36 3 1
-28 -36 4 1
-28 -35 5 1
-28 -34 4 2
-28 -34 5 1
-28 -36 -1 1
-8 -24 2 1
-10 -24 4 1
-10 -24 3 1
-28 -36 0 1
-28 -36 1 1
-28 -35 -1 1
-28 -35 0 1
-28 -35 1 1
-28 -34 -1 1
-28 -12 5 2
-28 -12 4 2
-28 -12 3 2
-28 -13 5 2
-28 -13 4 1
-28 -13 3 2
-45 -15 5 0
-47 -16 6 0
-47 -15 6 0
-10 -25 3 1
-47 -15 7 0
-34 -9 6 0
-34 -9 7 0
-35 -1 5 1
-50 -21 4 1
-43 -3 -1 1
-10 -28 6 0
-10 -28 7 0
-12 -28 6 0
-7 -5 0 1
-11 -28 7 0
-11 -28 6 0
-12 -29 6 0
-12 -29 7 0
-11 -23 6 1
-42 -26 2 0
-8 -10 3 1
-8 -10 1 1
-9 -9 1 1
-18 -18 3 1
-11 -46 3 0
-9 -45 4 0
-7 -26 8 0
-30 -31 -1 1
-34 -32 3 1
-33 -33 4 1
-3 -37 5 1
-33 -32 4 1
-42 -43 3 0
-34 -29 3 1
-1 -35 6 2
-35 -32 2 1
-35 -32 3 1
-35 -31 1 1
-35 -30 1 1
-35 -30 3 1
-34 -32 1 1
-34 -31 1 1
-34 -31 2 1
-34 -32 0 1
-20 -19 1 1
-20 -19 0 1
-22 -20 4 0
-19 -17 2 1
-36 -3 -1 1
-45 -3 6 0
-48 -9 5 0
-49 -2 2 1
-43 -6 2 1
-44 -5 2 1
-45 -24 6 1
-33 -11 8 0
-41 -22 2 0
-46 -3 7 0
-37 -1 -1 1
-46 -4 7 0
-40 -1 10 0
-43 -11 6 0
-47 -31 6 0
-35 -2 13 0
-50 -33 6 0
-36 -1 12 0
-42 -11 7 0
-43 -10 8 0
-41 -21 2 0
-43 -25 2 0
-41 -25 2 0
-40 -3 8 0
-40 -3 9 0
-40 -5 9 0
-40 -6 9 0
-38 -7 8 0
-41 -1 9 0
-50 -3 4 0
-37 -6 8 0
-50 -4 5 0
-38 -5 10 0
-49 -4 5 0
-50 -2 3 0
-50 -2 2 1
-47 -27 5 0
-36 -2 5 2
-38 -3 3 1
-38 -3 5 0
-47 -8 8 0
-36 -1 6 1
-48 -10 9 0
-38 -1 7 0
-37 -1 8 0
-49 -2 13 0
-42 -13 5 0
-42 -12 3 0
-47 -3 5 0
-44 -13 7 0
-41 -4 6 0
-45 -1 -1 1
-37 -5 7 1
-42 -3 9 0
-44 -1 -1 1
-40 -12 4 0
-48 -5 4 0
-50 -4 3 0
-48 -3 3 0
-44 -23 6 1
-45 -22 8 0
-45 -12 4 0
-45 -8 7 0
-34 -11 6 0
-42 -3 4 1
-40 -1 2 1
-35 -1 4 1
-34 -10 7 0
-34 -10 6 0
-37 -1 4 1
-43 -11 1 1
-43 -11 0 1
-43 -11 -1 1
-44 -11 1 1
-44 -11 0 1
-44 -11 -1 1
-7 -29 7 0
-37 -7 1 1
-34 -4 1 1
-38 -6 2 1
-38 -7 1 2
-38 -7 0 1
-38 -7 -1 1
-39 -6 2 1
-39 -7 -1 1
-40 -7 1 2
-40 -7 0 2
-41 -1 2 1
-44 -18 8 0
-41 -3 2 1
-38 -7 2 1
-42 -4 2 1
-50 -8 9 0
-42 -11 5 0
-43 -12 3 0
-43 -11 3 0
-43 -12 5 0
-42 -21 3 0
-42 -21 4 0
-42 -21 2 1
-43 -21 2 1
-44 -23 2 0
-43 -23 -1 1
-43 -23 0 1
-43 -23 1 1
-43 -22 -1 1
-43 -22 0 1
-43 -22 1 1
-47 -3 7 0
-38 -1 9 0
-36 -8 8 0
-36 -8 9 0
-38 -9 6 0
-36 -7 9 0
-35 -8 8 0
-35 -8 9 0
-42 -11 2 0
-44 -1 6 0
-43 -4 6 0
-45 -9 7 0
-44 -12 3 0
-36 -3 4 2
-44 -13 6 0
-35 -2 7 1
-40 -11 4 0
-47 -8 9 0
-43 -13 5 0
-9 -24 3 1
-9 -25 5 1
-45 -24 3 1
-18 -4 4 1
-18 -4 3 1
-28 -36 5 1
-15 -1 3 1
-45 -21 2 1
-44 -22 1 1
-45 -21 0 1
-45 -21 1 1
-45 -20 0 2
-45 -20 1 2
-45 -19 -1 1
-45 -19 0 1
-45 -19 1 1
-44 -19 -1 1
-44 -19 0 1
-44 -19 1 1
-43 -19 -1 1
-43 -19 0 1
-43 -19 1 1
-48 -19 4 1
-46 -19 2 1
-44 -19 2 1
-46 -20 0 2
-48 -19 1 1
-48 -19 2 1
-48 -18 1 1
-48 -18 2 1
-48 -18 3 1
-48 -17 1 1
-48 -17 2 1
-48 -17 3 1
-47 -19 1 1
-47 -19 2 1
-47 -18 1 1
-47 -18 3 1
-47 -17 1 1
-47 -17 2 2
-47 -17 3 1
-46 -18 1 1
-46 -18 2 1
-46 -18 3 1
-46 -17 1 1
-46 -17 2 1
-46 -17 3 1
-46 -22 2 1
-46 -21 -1 1
-46 -20 -1 1
-46 -19 -1 1
-50 -15 1 2
-47 -21 -1 1
-47 -21 0 1
-47 -21 1 1
-47 -20 -1 1
-49 -1 13 0
-48 -21 2 2
-44 -21 5 1
-50 -19 3 1
-50 -18 3 1
-2 -49 9 0
-2 -49 8 0
-2 -48 8 0
-1 -48 9 0
-2 -47 8 0
-1 -48 8 0
-50 -16 2 1
-50 -17 0 1
-50 -17 1 1
-49 -17 -1 1
-49 -17 0 1
-49 -17 1 1
-49 -16 3 1
-50 -15 3 2
-50 -15 2 2
-50 -15 4 1
-50 -14 2 1
-50 -14 3 1
-50 -14 4 1
-49 -16 2 1
-12 -46 -1 1
-13 -44 1 1
-13 -45 1 1
-13 -45 0 1
-13 -45 -1 1
-12 -47 3 0
-13 -47 4 0
-13 -47 3 0
-13 -45 4 0
-14 -45 3 0
-13 -45 3 0
-13 -44 4 0
-13 -44 3 0
-49 -15 3 1
-49 -15 4 1
-49 -14 2 1
-49 -14 3 1
-4 -33 8 0
-50 -15 5 1
-49 -16 5 1
-49 -14 1 1
-49 -16 0 1
-50 -15 -1 1
-50 -14 -1 1
-12 -1 4 1
-50 -38 5 0
-32 -30 0 1
-10 -29 6 0
-10 -29 7 0
-10 -31 7 0
-8 -31 8 0
-2 -12 3 0
-3 -13 3 0
-3 -13 4 0
-2 -12 2 0
-3 -13 2 0
-1 -13 3 1
-1 -13 4 1
-1 -13 2 1
-1 -11 4 0
-6 -30 6 1
-5 -28 5 0
-31 -30 3 0
-7 -29 8 0
-9 -31 7 0
-7 -32 7 0
-44 -12 2 1
-44 -11 2 1
-46 -10 2 1
-13 -1 0 1
-47 -11 3 0
-47 -11 2 1
-44 -14 2 0
-47 -11 0 1
-46 -11 0 1
-45 -11 0 2
-45 -11 2 1
-34 -32 -1 1
-32 -30 5 1
-47 -14 1 1
-32 -30 4 1
-33 -30 5 1
-33 -30 4 1
-34 -30 5 1
-34 -30 4 2
-34 -31 5 1
-34 -31 4 1
-34 -32 5 1
-34 -32 4 1
-34 -30 1 1
-38 -5 2 1
-38 -3 2 1
-43 -1 2 1
-46 -3 2 1
-23 -20 4 0
-9 -31 8 0
-24 -19 4 0
-21 -15 2 1
-23 -15 2 1
-23 -16 2 1
-23 -15 5 2
-23 -15 4 2
-23 -15 3 2
-23 -16 5 2
-44 -10 2 1
-45 -10 2 1
-47 -10 3 0
-47 -10 2 0
-46 -12 -1 1
-46 -11 -1 1
-46 -10 -1 1
-46 -10 0 1
-45 -12 -1 1
-45 -11 -1 1
-44 -12 -1 1
-44 -12 0 1
-44 -12 1 1
-46 -2 2 1
-21 -19 2 0
-20 -21 5 0
-22 -21 3 0
-45 -3 2 1
-46 -7 0 1
-49 -3 0 1
-49 -3 1 1
-49 -2 0 1
-49 -6 -2 1
-49 -6 -1 1
-49 -6 0 1
-49 -5 -2 1
-49 -5 -1 1
-49 -5 0 1
-49 -4 -2 1
-49 -4 -1 2
-47 -3 -1 1
-50 -3 0 1
-50 -3 1 1
-37 -20 4 0
-46 -9 2 0
-11 -30 6 0
-11 -30 7 0
-9 -30 8 0
-48 -37 6 0
-48 -37 4 0
-49 -37 5 0
-49 -37 6 0
-49 -37 4 0
-49 -40 5 0
-49 -41 5 0
-49 -40 6 0
-49 -41 4 0
-48 -40 5 0
-48 -40 6 0
-48 -40 4 0
-49 -39 6 0
-49 -39 7 0
-49 -39 3 0
-47 -42 5 0
-45 -42 4 0
-45 -42 5 0
-47 -41 3 0
-47 -41 2 0
-44 -40 4 0
-44 -40 5 0
-44 -40 3 0
-44 -40 0 1
-44 -40 1 1
-44 -40 2 1
-45 -41 3 0
-44 -43 2 1
-43 -43 0 1
-43 -43 1 2
-9 -28 7 0
-11 -29 6 0
-11 -29 7 0
-11 -31 7 0
-43 -43 2 1
-43 -42 0 1
-43 -42 1 1
-43 -42 2 1
-43 -41 0 1
-43 -41 1 1
-43 -41 2 1
-42 -43 4 0
-41 -43 4 0
-33 -29 2 0
-41 -43 3 0
-45 -44 4 0
-45 -44 3 0
-43 -45 4 0
-43 -45 3 0
-42 -44 4 0
-42 -44 3 0
-43 -43 6 0
-44 -44 0 1
-44 -44 1 1
-44 -44 2 1
-43 -44 0 1
-43 -44 1 1
-43 -44 2 1
-42 -44 0 1
-41 -44 3 0
-40 -44 3 0
-39 -45 4 1
-42 -47 3 0
-41 -47 3 0
-41 -46 4 0
-41 -47 4 0
-40 -47 3 1
-40 -46 4 0
-41 -45 5 0
-42 -46 -1 1
-42 -46 1 1
-42 -44 -1 1
-41 -46 -1 1
-41 -46 0 1
-41 -46 1 1
-41 -45 -1 1
-41 -44 -1 1
-40 -45 1 1
-39 -46 3 1
-38 -46 3 1
-38 -46 4 2
-39 -47 3 1
-39 -47 4 1
-39 -47 5 1
-39 -46 4 1
-39 -46 5 1
-39 -45 5 1
-38 -47 4 1
-38 -45 5 1
-37 -47 4 1
-37 -47 5 1
-37 -46 3 1
-37 -46 4 1
-37 -46 5 1
-37 -45 3 1
-12 -23 2 1
-13 -21 2 1
-13 -22 2 1
-13 -23 2 1
-12 -24 5 0
-12 -24 4 0
-11 -22 5 1
-11 -22 4 1
-11 -22 3 1
-11 -23 5 1
-11 -23 4 1
-12 -21 3 1
-12 -22 5 2
-12 -23 3 1
-13 -21 5 1
-12 -22 4 2
-11 -24 5 0
-10 -25 5 0
-35 -49 3 0
-34 -50 4 0
-35 -50 4 0
-34 -50 3 0
-35 -50 3 0
-11 -26 2 0
-10 -25 0 1
-10 -25 -1 1
-40 -48 0 1
-1 -14 0 1
-1 -14 -1 1
-40 -50 3 1
-36 -48 4 0
-36 -47 3 0
-1 -14 1 1
-38 -47 1 1
-39 -48 2 0
-38 -48 -1 1
-38 -49 1 1
-1 -15 5 1
-1 -16 5 1
-38 -47 0 1
-38 -48 1 1
-38 -48 0 1
-39 -48 1 1
-39 -48 -1 1
-49 -14 0 1
-49 -15 0 1
-1 -16 4 1
-1 -16 3 1
-49 -38 5 0
-50 -17 6 1
-38 -49 -1 1
-39 -49 1 1
-39 -49 0 1
-39 -49 -1 1
-49 -19 0 2
-49 -19 -1 1
-49 -20 0 2
-49 -20 -1 1
-49 -20 1 1
-2 -14 2 1
-2 -15 4 1
-2 -15 3 1
-2 -15 2 1
-1 -14 3 2
-2 -13 2 1
-2 -13 4 1
-2 -13 3 1
-2 -12 4 0
-2 -11 4 0
-7 -30 8 0
-9 -30 7 0
-9 -30 6 0
-38 -47 3 1
-29 -14 5 1
-29 -14 6 1
-29 -14 2 1
-29 -14 3 1
-31 -12 5 1
-31 -11 3 1
-31 -11 4 1
-31 -11 5 1
-50 -22 2 1
-31 -10 4 2
-31 -10 5 2
-31 -11 6 1
-31 -10 6 1
-31 -9 4 1
-31 -9 5 2
-31 -9 6 1
-30 -11 6 1
-30 -10 6 1
-30 -9 6 1
-29 -10 6 1
-29 -9 6 1
-31 -12 2 1
-31 -11 2 1
-31 -10 2 1
-32 -11 4 1
-32 -11 5 1
-32 -11 3 1
-32 -13 4 0
-32 -13 5 0
-32 -13 3 0
-32 -14 4 0
-32 -14 5 0
-32 -14 3 0
-30 -13 5 1
-30 -13 6 1
-30 -13 2 1
-49 -30 6 0
-35 -4 0 1
-49 -31 6 0
-50 -31 6 0
-49 -31 5 0
-50 -31 5 0
-49 -32 6 0
-49 -32 5 0
-38 -2 4 1
-21 -35 6 0
-20 -35 6 0
-20 -35 7 0
-20 -35 5 0
-24 -35 6 0
-24 -37 6 0
-23 -37 7 0
-22 -36 6 0
-22 -37 6 0
-22 -37 7 0
-21 -37 6 0
-21 -37 7 0
-22 -35 7 0
-22 -35 8 0
-22 -35 4 0
-45 -5 6 0
-46 -5 6 0
-40 -6 8 0
-40 -6 7 0
-46 -17 4 0
-49 -23 2 1
-49 -23 3 1
-49 -23 4 1
-48 -23 2 1
-48 -23 3 1
-48 -23 4 1
-47 -23 2 1
-47 -23 3 1
-47 -23 4 1
-48 -17 -1 1
-48 -17 0 1
-47 -17 -1 1
-47 -17 0 2
-36 -32 3 1
-7 -27 1 1
-45 -24 4 1
-38 -49 0 2
-4 -34 6 2
-4 -34 7 1
-4 -37 5 1
-3 -37 7 2
-4 -38 5 1
-4 -38 6 1
-6 -33 6 1
-3 -30 7 1
-6 -36 7 1
-1 -30 6 2
-41 -5 7 0
-36 -31 3 1
-3 -33 8 0
-29 -36 4 0
-29 -36 3 0
-29 -33 2 0
-3 -33 9 0
-4 -29 7 1
-3 -29 7 1
-4 -31 8 0
-47 -21 2 1
-2 -31 9 0
-48 -22 2 1
-9 -48 0 1
-3 -29 10 0
-45 -25 5 1
-2 -26 8 0
-45 -17 3 0
-45 -17 4 0
-46 -16 4 0
-6 -28 5 0
-47 -15 3 0
-9 -29 7 0
-47 -16 4 0
-48 -16 -1 1
-48 -16 0 1
-47 -16 -1 1
-47 -16 0 2
-46 -18 -1 1
-46 -18 0 1
-46 -17 -1 1
-46 -17 0 1
-46 -16 -1 1
-46 -16 0 1
-40 -22 2 0
-37 -50 4 0
-36 -48 3 0
-20 -37 6 0
-19 -37 6 0
-20 -37 7 0
-20 -37 5 0
-19 -37 5 0
-23 -37 6 0
-23 -38 6 0
-23 -38 7 0
-21 -38 6 0
-21 -39 6 0
-14 -25 8 0
-21 -38 7 0
-20 -38 6 0
-20 -38 7 0
-20 -38 5 0
-21 -37 8 0
-39 -24 1 1
-39 -24 0 1
-40 -22 3 0
-39 -21 4 0
-39 -21 3 0
-38 -23 4 0
-38 -23 3 0
-15 -21 4 0
-13 -23 1 1
-13 -23 0 1
-13 -23 -1 1
-13 -24 1 1
-13 -24 0 1
-13 -24 -1 1
-13 -25 1 1
-13 -25 0 1
-13 -25 -1 1
-45 -16 3 0
-45 -16 4 0
-46 -15 3 0
-47 -14 3 0
-15 -1 1 1
-47 -15 4 0
-48 -15 3 0
-48 -16 4 0
-48 -15 4 0
-48 -15 -1 1
-48 -15 0 1
-1 -32 4 1
-34 -11 7 0
-47 -8 5 0
-42 -2 3 0
-41 -4 4 1
-35 -6 5 1
-47 -9 3 0
-3 -10 4 0
-47 -29 6 0
-1 -47 7 0