DAV_OBMAP v3 cell_size=10
-54 254 7 0
-51 253 4 1
-51 253 5 2
-51 253 6 1
-51 254 4 1
-51 254 5 1
-51 254 6 1
-51 255 4 1
-51 255 5 1
-51 255 6 1
-53 255 7 0
-52 256 4 1
-52 256 5 1
-52 256 6 1
-56 250 5 1
-53 250 5 1
-53 250 6 1
-52 250 5 4
-52 250 6 1
-52 251 4 1
-52 251 5 1
-52 251 6 1
-52 252 4 1
-53 253 7 0
-52 253 7 0
-51 252 4 1
-51 256 4 1
-51 256 5 1
-51 256 6 1
-52 252 7 0
-52 252 6 0
-52 254 7 0
-54 250 6 0
-51 252 7 0
-52 252 8 0
-51 252 6 0
-52 253 8 0
-53 253 8 0
-55 250 6 0
-51 251 7 0
-51 251 8 0
-51 251 6 0
-51 253 7 0
-51 252 8 0
-51 250 4 1
-51 251 4 1
-51 250 10 0
-77 261 7 0
-77 261 9 0
-78 264 9 0
-100 260 7 0
-70 261 9 0
-71 261 7 0
-70 261 7 0
-70 263 8 0
-70 263 9 0
-76 288 6 0
-78 288 8 0
-78 288 7 0
-96 298 5 0
-96 298 9 0
-96 298 8 0
-95 297 6 0
-75 259 8 1
-75 260 6 1
-74 258 6 1
-74 258 7 2
-74 258 8 1
-74 259 6 4
-73 258 6 2
-72 259 8 0
-98 298 8 0
-96 280 6 0
-96 279 7 0
-96 279 8 0
-95 298 8 0
-94 298 7 0
-66 259 8 0
-67 259 8 0
-67 257 6 1
-69 261 8 0
-100 250 6 0
-99 252 6 0
-99 254 5 0
-99 251 5 0
-99 253 5 0
-98 253 5 0
-99 253 6 0
-97 254 3 1
-96 252 3 1
-96 252 4 1
-96 259 7 0
-61 254 4 1
-61 255 4 1
-61 256 4 1
-60 256 4 1
-59 256 4 1
-59 257 7 1
-60 258 7 1
-62 256 7 0
-98 294 8 0
-97 293 8 0
-96 293 7 0
-96 293 8 0
-95 293 7 0
-95 293 8 0
-96 294 9 0
-96 294 6 0
-96 294 5 0
-92 275 7 0
-93 275 9 0
-92 275 8 0
-92 274 7 0
-92 274 9 0
-93 274 8 0
-94 270 7 0
-94 293 7 0
-95 295 8 0
-98 295 8 0
-98 293 8 0
-96 291 7 0
-96 292 8 0
-95 292 7 0
-95 292 8 0
-96 293 9 0
-96 293 6 0
-96 293 5 0
-93 273 8 0
-92 272 7 0
-92 272 9 0
-92 272 8 0
-93 272 8 0
-92 271 9 0
-93 271 9 0
-97 260 6 0
-97 260 8 0
-98 257 8 0
-98 256 11 0
-69 272 8 0
-70 272 7 0
-98 253 8 0
-95 263 9 0
-95 263 8 0
-96 264 9 0
-95 264 9 0
-59 257 10 0
-59 257 8 0
-61 255 10 0
-59 254 9 0
-98 255 8 0
-96 258 4 0
-96 258 5 0
-96 258 8 0
-94 256 7 0
-94 256 6 0
-97 259 7 0
-96 258 6 0
-67 259 9 0
-98 253 3 1
-85 262 9 0
-90 259 5 0
-91 259 5 0
-90 260 5 0
-91 261 5 0
-90 262 5 0
-91 262 5 0
-89 263 5 0
-89 262 2 1
-89 261 2 1
-89 260 2 1
-88 261 3 1
-89 259 5 0
-89 260 5 0
-89 262 5 0
-81 262 4 1
-83 261 5 0
-94 264 8 0
-83 262 5 0
-83 263 5 0
-83 263 6 0
-92 271 8 0
-100 250 7 0
-100 272 5 1
-100 272 4 1
-100 272 3 1
-84 261 6 0
-100 271 5 1
-78 261 3 1
-100 271 3 1
-56 252 7 0
-56 252 11 0
-52 250 9 0
-51 250 9 0
-52 250 10 0
-52 250 8 0
-52 251 10 0
-52 251 8 0
-55 251 10 0
-75 262 5 0
-77 264 5 0
-79 262 5 1
-79 263 5 1
-78 263 5 1
-79 261 5 1
-78 260 5 1
-76 258 4 1
-75 259 4 1
-77 262 4 1
-84 261 8 0
-61 259 5 1
-61 258 5 2
-62 259 5 1
-62 258 5 2
-63 259 5 1
-100 285 6 0
-100 285 7 0
-97 266 9 0
-97 267 9 0
-97 266 8 0
-96 268 9 0
-96 269 9 0
-95 270 8 0
-96 265 10 0
-74 278 8 0
-100 293 9 0
-74 278 7 0
-75 279 8 0
-75 279 7 0
-74 279 7 0
-75 280 8 0
-75 280 7 0
-72 281 8 0
-73 281 8 0
-74 264 8 0
-74 264 9 0
-76 260 8 0
-98 250 10 0
-95 258 5 0
-94 261 6 0
-94 257 6 0
-76 262 7 0
-76 262 6 0
-100 265 7 0
-100 265 6 0
-97 251 3 1
-97 251 5 1
-97 252 5 1
-97 253 3 1
-97 253 4 2
-100 253 6 0
-74 264 7 0
-97 261 7 0
-92 270 9 0
-74 258 5 1
-73 259 6 2
-71 256 5 1
-71 256 7 1
-71 256 6 1
-71 258 8 0
-71 258 7 0
-84 263 7 0
-83 262 6 0
-83 262 8 0
-83 262 7 0
-84 262 7 0
-98 256 5 1
-98 256 4 2
-88 262 9 0
-88 260 9 0
-86 259 8 0
-86 259 9 0
-86 261 10 0
-65 255 7 0
-91 265 8 0
-65 257 9 0
-65 257 10 0
-65 257 5 1
-66 256 4 1
-65 256 4 1
-67 254 5 1
-67 254 6 1
-67 254 7 1
-67 255 5 1
-67 255 6 1
-67 255 7 1
-67 256 5 1
-66 254 5 1
-66 254 6 1
-66 254 7 1
-66 255 5 1
-65 254 5 1
-64 258 5 1
-65 259 7 0
-67 257 7 2
-66 256 6 1
-66 256 8 1
-98 252 7 0
-98 250 8 0
-99 250 8 0
-98 250 9 0
-99 250 7 0
-97 250 9 0
-97 250 10 0
-97 250 6 0
-96 252 8 0
-74 259 5 2
-96 295 8 0
-85 295 6 1
-84 295 4 1
-83 293 5 0
-82 293 6 0
-83 293 6 0
-85 291 4 1
-85 291 5 1
-85 291 6 1
-84 291 4 1
-84 291 5 1
-84 291 6 1
-93 269 10 0
-92 269 9 0
-92 268 9 0
-92 268 10 0
-92 268 8 0
-91 269 9 0
-90 268 9 0
-91 269 10 0
-91 269 8 0
-92 270 11 0
-92 270 7 0
-62 262 7 1
-62 262 9 0
-62 262 8 1
-63 263 8 0
-74 264 4 1
-58 252 4 1
-58 253 4 1
-85 258 5 1
-68 256 8 1
-67 256 6 1
-67 256 7 1
-100 285 5 0
-66 265 4 1
-65 266 5 1
-87 259 8 0
-88 261 10 0
-97 260 7 0
-84 258 4 1
-85 258 6 1
-76 262 8 0
-75 261 8 0
-86 258 4 1
-85 259 7 1
-85 259 6 1
-85 259 5 2
-88 263 5 0
-88 262 5 0
-84 260 7 0
-85 261 6 0
-85 261 8 0
-86 262 6 0
-86 262 8 0
-84 264 6 0
-84 264 8 0
-84 264 7 0
-59 250 9 1
-92 257 7 0
-92 258 6 0
-94 259 8 0
-94 259 9 0
-94 259 5 0
-91 259 7 0
-91 259 8 0
-92 261 6 0
-93 261 7 0
-75 284 7 0
-65 256 9 0
-93 261 8 0
-93 261 6 0
-95 261 7 0
-94 261 8 0
-98 254 3 1
-99 255 3 1
-99 254 3 1
-99 253 3 1
-100 255 3 1
-57 255 10 0
-57 255 9 0
-58 255 9 0
-60 254 10 0
-60 254 9 0
-61 254 8 1
-60 255 8 0
-61 254 10 1
-61 257 10 0
-60 257 10 0
-58 257 8 0
-58 257 10 0
-58 257 9 0
-58 256 8 0
-58 256 10 0
-58 256 9 0
-61 256 7 0
-61 256 11 0
-61 256 10 0
-59 255 8 0
-60 255 9 0
-59 255 9 0
-61 255 8 0
-61 254 9 1
-61 255 9 0
-59 258 8 0
-60 258 9 0
-59 258 9 0
-59 256 8 0
-60 256 8 0
-59 256 9 0
-60 256 9 0
-62 257 7 0
-62 257 11 0
-62 257 10 0
-61 256 8 0
-61 256 9 0
-62 255 8 0
-60 253 9 1
-60 253 10 0
-61 253 8 5
-74 282 8 0
-74 282 6 0
-61 252 5 1
-61 251 5 1
-61 251 6 1
-60 253 8 1
-76 283 3 1
-76 284 3 1
-75 282 3 1
-75 283 3 1
-75 284 3 1
-74 282 3 1
-74 283 3 1
-74 284 3 1
-65 266 10 0
-63 265 7 0
-64 265 9 0
-63 265 8 0
-65 265 7 0
-65 265 9 0
-65 264 8 0
-65 265 8 0
-66 265 7 0
-66 265 9 0
-66 265 8 0
-66 266 8 0
-66 268 9 0
-68 262 7 0
-67 260 8 0
-68 260 8 0
-67 260 7 0
-68 260 7 0
-69 262 4 1
-69 261 4 1
-53 299 3 0
-53 299 4 0
-54 299 3 0
-54 298 3 0
-54 299 4 0
-53 298 3 0
-53 298 4 0
-52 299 3 0
-52 298 3 0
-52 299 4 0
-96 253 10 0
-54 299 0 1
-53 299 0 1
-52 299 0 1
-51 298 3 0
-52 298 4 0
-51 298 4 0
-55 298 3 0
-54 298 4 0
-55 298 4 0
-54 297 3 0
-54 297 4 0
-53 297 3 0
-53 296 3 0
-53 297 4 0
-51 297 3 0
-52 297 4 0
-53 298 5 0
-53 298 1 1
-54 297 0 1
-54 298 0 1
-53 297 0 1
-53 298 0 1
-52 297 0 1
-52 298 0 1
-62 262 4 1
-52 297 3 0
-51 297 4 0
-55 297 3 0
-54 296 3 0
-53 296 4 0
-54 296 4 0
-53 295 3 0
-53 295 4 0
-52 296 3 0
-51 296 3 0
-52 296 4 0
-51 296 4 0
-53 297 5 0
-53 297 1 1
-54 296 0 1
-53 296 0 1
-52 296 0 1
-60 259 5 1
-51 295 3 0
-61 260 7 1
-51 295 4 0
-54 295 3 0
-54 295 4 0
-54 294 3 0
-54 294 4 0
-52 294 3 0
-52 293 3 0
-52 295 4 0
-58 255 6 1
-59 254 6 1
-59 255 5 2
-59 255 6 1
-58 254 5 1
-58 254 6 1
-57 254 5 2
-57 254 6 1
-60 261 5 1
-93 283 8 0
-100 272 9 1
-59 263 8 0
-59 261 8 0
-59 260 8 0
-59 259 5 1
-59 259 6 1000
-59 259 7 1
-57 261 9 0
-60 259 6 4
-60 260 6 1
-60 261 6 1
-59 259 8 1
-57 259 8 0
-58 258 5 1
-58 258 6 1000
-58 258 7 1
-57 258 5 1
-57 258 6 2
-57 258 7 1
-56 258 5 2
-56 258 6 1
-56 258 7 1
-56 259 8 0
-100 255 11 0
-100 256 11 0
-100 257 11 0
-100 261 9 0
-100 258 11 0
-98 252 10 0
-98 250 7 0
-100 252 7 0
-100 252 9 0
-100 252 8 0
-99 253 7 0
-99 253 9 0
-95 261 8 0
-95 294 7 0
-65 256 7 0
-96 294 8 0
-96 292 6 0
-96 292 7 0
-98 291 6 0
-85 263 7 0
-85 262 6 0
-85 262 8 0
-85 262 7 0
-86 262 7 0
-58 253 8 0
-58 252 10 0
-90 260 6 0
-91 261 7 0
-91 261 8 0
-91 261 6 0
-92 262 7 0
-92 262 8 0
-92 262 6 0
-94 260 8 0
-91 258 7 0
-91 258 8 0
-91 258 6 0
-92 260 8 0
-92 260 9 0
-92 260 5 0
-89 260 7 0
-90 260 8 0
-90 262 7 0
-90 261 8 0
-90 262 6 0
-91 262 7 0
-91 262 8 0
-91 262 6 0
-93 262 7 0
-93 262 6 0
-93 260 8 0
-90 259 7 0
-90 259 8 0
-90 259 6 0
-91 260 9 0
-91 260 5 0
-89 261 7 0
-88 261 7 0
-90 261 7 0
-89 261 8 0
-67 260 9 0
-67 258 5 1
-67 259 6 1
-65 257 4 1
-66 257 7 0
-67 257 8 1
-61 252 6 1
-59 252 8 1
-60 252 6 3
-68 261 4 1
-68 260 4 1
-68 259 4 1
-79 293 1 1
-70 259 4 1
-100 278 8 0
-100 278 9 0
-100 278 7 0
-70 259 5 1
-71 258 4 1
-76 259 9 0
-75 261 10 0
-71 261 9 0
-72 262 9 0
-73 259 9 0
-72 260 10 0
-72 260 5 1
-98 257 7 0
-75 260 9 0
-75 259 9 0
-73 260 10 0
-74 259 3 1
-73 259 3 1
-72 259 3 1
-72 260 3 1
-94 251 9 0
-74 265 5 1
-94 257 7 0
-95 258 9 0
-95 258 8 0
-93 257 6 0
-95 260 7 0
-95 259 7 0
-69 259 7 0
-100 299 4 0
-100 263 2 1
-73 281 7 0
-76 282 3 1
-75 283 4 1
-75 283 9 0
-75 283 8 0
-74 282 7 0
-75 281 6 0
-75 281 8 0
-75 281 7 0
-75 282 7 0
-77 282 6 0
-77 282 8 0
-77 282 7 0
-76 282 7 0
-77 283 6 0
-77 283 8 0
-77 284 8 0
-75 285 8 0
-74 284 8 0
-73 283 6 0
-74 283 8 0
-73 283 7 0
-74 283 7 0
-75 286 2 1
-75 285 2 1
-75 284 2 1
-76 284 2 1
-77 284 2 1
-76 285 3 1
-74 262 3 1
-74 261 3 1
-73 262 4 1
-73 262 10 0
-72 260 7 0
-69 259 10 0
-62 252 9 1
-69 259 5 1
-70 258 4 1
-76 285 9 0
-76 285 8 0
-75 283 6 0
-75 283 7 0
-76 283 6 0
-55 250 5 2
-58 251 6 1
-57 250 9 0
-58 251 9 1
-59 251 9 1
-76 284 6 0
-76 283 7 0
-76 284 7 0
-78 283 6 0
-77 283 7 0
-78 283 7 0
-77 284 7 0
-74 285 6 0
-59 254 4 1
-59 253 4 1
-59 252 4 1
-58 253 5 3
-58 251 7 1
-61 253 5 1
-75 285 6 0
-74 285 7 0
-75 285 7 0
-77 286 6 0
-76 287 2 1
-76 286 2 1
-77 260 3 1
-77 261 3 1
-77 262 3 1
-93 257 7 0
-95 256 6 0
-95 256 7 0
-96 260 7 0
-95 260 6 0
-95 259 6 0
-96 256 6 0
-83 261 9 0
-82 261 9 0
-77 264 8 1
-100 261 6 0
-100 255 6 0
-100 252 3 1
-99 253 4 1
-97 252 6 0
-99 251 6 0
-98 254 4 1
-96 253 6 0
-90 260 2 1
-89 261 3 1
-78 262 3 1
-77 263 3 1
-77 262 5 0
-78 264 5 0
-80 264 5 1
-79 264 5 1
-80 262 5 1
-79 260 5 1
-79 261 3 1
-79 263 3 1
-72 262 4 1
-72 261 4 1
-72 260 4 1
-73 261 4 1
-94 275 9 0
-94 276 8 0
-94 275 8 0
-95 271 7 0
-96 272 7 0
-96 272 9 0
-95 274 8 0
-95 273 8 0
-94 274 7 0
-94 274 9 0
-94 274 8 0
-93 274 7 0
-93 273 9 0
-63 265 4 1
-92 274 8 0
-67 272 9 0
-68 271 9 0
-68 269 8 0
-68 269 9 0
-68 269 7 0
-67 268 8 0
-67 268 9 0
-67 268 7 0
-66 269 8 0
-65 269 8 0
-65 269 9 0
-100 250 3 1
-100 251 3 1
-67 270 9 0
-67 270 10 0
-67 270 6 1
-68 269 5 1
-68 270 5 1
-68 271 5 1
-67 269 5 1
-67 270 5 1
-66 269 5 1
-66 270 5 1
-66 271 5 1
-74 263 7 0
-74 261 7 0
-98 292 7 0
-98 291 7 0
-98 292 6 0
-97 289 9 0
-99 288 6 0
-98 288 6 0
-98 288 8 0
-98 263 7 0
-99 289 6 0
-99 289 8 0
-99 289 7 0
-99 290 6 0
-98 290 6 0
-98 290 8 0
-99 290 7 0
-98 290 7 0
-97 291 6 0
-97 291 8 0
-97 291 7 0
-69 261 7 0
-68 261 7 0
-70 262 8 0
-69 262 8 0
-70 262 7 0
-69 262 7 0
-71 260 8 0
-71 260 7 0
-70 259 8 0
-70 259 7 0
-65 267 7 0
-66 269 9 0
-63 258 6 0
-63 258 8 0
-60 254 8 0
-58 254 9 0
-58 254 10 0
-58 254 8 0
-60 256 10 0
-60 256 11 0
-60 256 7 0
-100 257 4 3
-100 257 9 0
-100 257 6 0
-55 253 4 1
-99 255 9 0
-100 256 7 0
-100 256 9 0
-84 263 8 0
-84 263 6 0
-85 264 7 0
-85 264 8 0
-85 264 6 0
-86 263 7 0
-85 261 7 1
-84 261 7 0
-66 269 10 0
-66 269 6 1
-67 268 5 1
-66 268 5 1
-65 268 5 1
-65 269 5 1
-65 270 5 1
-95 284 8 0
-98 261 6 0
-95 283 7 0
-94 283 6 0
-94 283 8 0
-94 283 7 0
-94 282 6 0
-94 282 7 0
-95 280 5 0
-95 280 9 0
-95 280 8 0
-93 279 6 0
-95 278 6 0
-96 290 6 0
-97 290 6 0
-96 290 8 0
-96 290 7 0
-97 290 7 0
-96 289 6 0
-96 289 7 0
-98 287 8 0
-98 287 7 0
-97 287 7 0
-95 287 6 0
-95 287 8 0
-95 287 7 0
-95 286 6 0
-94 286 8 0
-99 260 5 0
-97 286 7 0
-96 287 6 0
-96 286 6 0
-98 263 6 0
-96 287 7 0
-96 286 7 0
-94 286 6 0
-95 286 8 0
-94 286 7 0
-95 283 5 0
-95 283 9 0
-95 283 8 0
-94 282 8 0
-97 283 6 0
-88 299 5 0
-97 283 7 0
-88 299 6 0
-87 299 5 0
-87 299 6 0
-85 299 5 0
-64 269 9 0
-86 299 6 0
-68 261 8 0
-67 273 8 0
-99 283 6 0
-67 273 9 0
-68 273 7 0
-67 273 7 0
-68 274 8 0
-68 274 7 0
-69 275 9 0
-70 272 8 0
-98 255 3 1
-97 255 6 0
-97 255 5 0
-97 256 6 0
-97 256 7 0
-60 250 9 1
-60 250 8 1
-60 250 7 1
-59 251 8 8
-57 252 9 0
-55 254 8 0
-55 254 10 0
-55 254 9 0
-55 253 8 0
-55 253 10 0
-55 253 9 0
-56 253 9 0
-58 252 9 0
-59 251 7 10
-60 251 9 1
-54 250 7 0
-55 251 7 0
-55 250 7 0
-54 250 4 1
-53 250 4 1
-52 250 4 1
-53 252 7 0
-54 252 7 0
-56 250 7 0
-54 250 5 1
-55 250 4 1
-55 251 4 1
-54 251 4 1
-53 251 4 1
-55 252 7 0
-55 253 7 0
-53 254 7 0
-52 253 4 1
-52 253 5 1
-52 253 6 1
-52 254 4 1
-52 254 5 2
-52 254 6 1
-52 255 4 1
-52 255 5 2
-52 255 6 1
-56 257 4 1
-58 251 5 1
-57 251 6 1
-56 251 6 1
-55 251 6 1
-54 251 5 1
-54 251 6 1
-54 253 7 0
-53 251 5 4
-53 251 6 1
-52 291 5 0
-52 291 6 0
-52 291 1 1
-53 290 0 1
-52 290 0 1
-51 290 0 1
-51 292 5 0
-53 288 4 0
-53 289 5 0
-53 288 3 0
-51 289 4 0
-51 288 4 0
-51 288 5 0
-51 288 3 0
-51 290 5 0
-51 290 6 0
-51 290 1 1
-52 289 0 1
-51 289 0 1
-51 289 5 0
-53 289 4 0
-52 288 4 0
-53 287 4 0
-52 288 5 0
-53 287 5 0
-51 287 4 0
-51 287 5 0
-51 289 6 0
-51 289 1 1
-52 288 0 1
-51 288 0 1
-53 288 5 0
-52 287 4 0
-52 287 5 0
-52 286 4 0
-53 286 4 0
-52 286 5 0
-53 286 5 0
-51 286 4 0
-51 285 4 0
-51 286 5 0
-51 285 5 0
-51 287 6 0
-51 287 1 1
-52 286 0 1
-52 287 0 1
-51 286 0 1
-51 287 0 1
-52 285 4 0
-53 284 4 0
-52 285 5 0
-53 284 5 0
-51 284 4 0
-51 284 5 0
-51 286 6 0
-51 286 1 1
-52 285 0 1
-51 285 0 1
-53 285 5 0
-54 285 5 0
-53 285 4 0
-52 284 5 0
-53 283 5 0
-52 284 4 0
-53 283 4 0
-52 283 5 0
-52 283 4 0
-52 285 6 0
-52 285 7 0
-52 285 2 1
-53 284 1 1
-53 285 1 1
-53 286 1 1
-52 284 1 1
-52 285 1 1
-52 286 1 1
-51 284 1 1
-51 285 1 1
-51 283 4 0
-51 283 5 0
-54 283 4 0
-54 283 5 0
-55 283 4 1
-56 282 3 1
-56 282 4 1
-56 282 5 1
-56 283 3 1
-56 283 4 1
-56 283 5 1
-56 284 3 1
-56 284 4 1
-56 284 5 1
-55 282 3 1
-55 283 3 1
-55 284 3 1
-55 284 4 1
-52 282 4 0
-53 282 4 0
-53 282 5 0
-52 281 4 0
-52 282 5 0
-52 281 5 0
-51 282 4 0
-52 283 6 0
-52 283 2 1
-53 282 1 1
-53 283 1 1
-52 282 1 1
-52 283 1 1
-51 282 1 1
-51 283 1 1
-51 282 5 0
-54 282 4 0
-54 282 5 0
-55 282 4 1
-56 281 3 1
-56 281 4 1
-56 281 5 1
-55 281 3 1
-53 281 4 0
-53 280 4 0
-53 281 5 0
-54 280 4 1
-55 279 3 1
-55 279 4 3
-55 279 5 1
-55 280 3 1
-55 280 4 2
-55 280 5 1
-54 279 3 1
-100 278 6 0
-100 277 6 0
-57 252 7 0
-56 251 7 0
-57 251 7 0
-57 250 7 0
-57 250 8 0
-55 251 5 1
-56 250 4 1
-56 251 4 1
-56 252 4 1
-55 252 4 1
-54 252 4 1
-56 253 7 0
-56 254 7 0
-58 252 7 0
-99 290 9 0
-99 290 8 0
-59 250 6 1
-58 250 6 1
-59 250 5 1
-59 251 5 1
-58 250 5 1
-56 252 5 1
-57 251 4 1
-57 252 4 1
-57 253 4 1
-56 253 4 1
-99 256 6 1
-99 256 4 1
-99 255 4 2
-100 256 5 1
-100 256 4 2
-100 255 4 2
-99 256 5 1
-99 255 5 1
-98 255 6 0
-98 255 5 1
-98 254 6 0
-97 254 5 0
-98 254 5 0
-100 253 3 1
-100 253 4 0
-97 250 5 1
-97 250 4 1
-97 250 3 1
-85 262 5 0
-88 260 7 1
-97 294 7 0
-94 294 8 0
-94 294 7 0
-92 276 8 0
-93 276 7 0
-92 276 7 0
-94 275 10 0
-94 275 6 0
-93 277 7 0
-92 277 7 0
-93 277 8 0
-95 277 8 0
-96 276 7 0
-96 276 8 0
-59 255 11 0
-96 296 5 0
-96 296 6 0
-96 296 9 0
-95 294 8 0
-100 279 7 0
-95 295 7 0
-79 262 7 1
-78 262 7 1
-97 294 8 0
-97 295 8 0
-97 295 7 0
-97 297 8 0
-97 296 8 0
-96 296 8 0
-94 296 8 0
-99 257 5 0
-98 257 5 0
-99 258 6 0
-94 277 5 0
-93 280 7 0
-85 261 2 1
-85 262 2 1
-85 263 2 1
-84 261 2 1
-84 262 2 1
-84 263 2 1
-83 261 2 1
-83 262 2 1
-83 263 2 1
-61 257 9 0
-100 258 6 0
-100 258 10 0
-100 257 7 0
-100 259 7 0
-100 260 8 0
-100 259 8 0
-99 259 7 0
-99 259 8 0
-99 258 7 0
-99 261 7 0
-77 265 7 0
-77 265 8 0
-75 264 7 0
-75 264 9 0
-75 264 8 0
-75 263 7 0
-75 263 9 0
-75 263 8 0
-78 263 10 0
-78 263 9 0
-84 259 6 1
-84 260 4 1
-87 261 3 1
-88 260 2 1
-88 261 2 1
-88 262 2 1
-98 259 7 0
-99 260 7 0
-99 260 8 0
-100 261 7 0
-100 261 8 0
-100 259 9 0
-100 259 6 0
-100 259 5 0
-99 261 8 0
-99 261 6 0
-100 262 7 0
-100 262 8 0
-100 262 6 0
-51 250 8 0
-95 261 6 0
-100 271 9 1
-100 270 9 1
-100 269 9 1
-100 270 8 1
-100 272 8 1
-100 272 7 1
-100 272 6 1
-100 271 8 1
-100 271 7 1
-100 271 6 1
-99 267 7 0
-100 265 5 0
-100 265 9 0
-100 267 7 0
-99 265 2 1
-99 266 8 0
-100 264 5 0
-100 264 9 0
-100 266 8 0
-100 263 4 1
-100 263 5 0
-100 263 9 0
-100 265 8 0
-98 265 6 0
-100 292 5 0
-98 265 7 0
-99 265 8 0
-98 263 3 1
-98 262 3 1
-99 264 3 1
-99 263 3 1
-99 262 3 1
-100 264 3 2
-95 289 8 0
-95 289 6 0
-97 288 7 0
-97 289 7 0
-97 289 8 0
-97 288 6 0
-97 289 6 0
-98 289 7 0
-98 289 8 0
-98 289 6 0
-99 287 7 0
-99 287 8 0
-99 287 6 0
-97 287 8 0
-97 287 9 0
-97 287 5 0
-100 279 6 0
-99 266 7 0
-65 266 4 1
-65 267 4 1
-64 265 4 1
-64 266 4 1
-64 267 4 1
-99 263 2 1
-99 264 2 1
-89 261 6 0
-89 261 9 0
-88 260 6 1
-88 260 8 0
-91 259 6 0
-92 261 7 0
-53 250 11 0
-53 250 7 0
-82 264 6 0
-82 264 5 0
-84 263 5 0
-84 262 6 0
-84 262 5 0
-84 261 5 0
-82 260 7 0
-82 262 4 1
-87 259 4 1
-87 260 4 1
-87 261 4 1
-86 259 4 1
-86 260 4 1
-85 259 4 1
-85 263 5 0
-86 263 6 0
-86 263 5 0
-85 260 5 1
-84 260 5 0
-85 262 3 1
-86 261 2 1
-86 262 2 1
-86 263 2 1
-85 261 5 0
-86 262 5 0
-87 263 5 0
-99 256 8 0
-98 253 6 0
-98 253 7 0
-98 253 10 0
-98 253 9 0
-98 251 7 0
-98 251 9 0
-100 251 7 0
-100 251 8 0
-100 253 7 0
-53 250 9 0
-53 250 10 0
-53 250 8 0
-54 251 11 0
-54 251 7 0
-67 257 5 1
-68 259 6 1
-68 259 5 2
-68 258 5 2
-68 257 5 1
-67 258 6 1
-66 258 7 0
-66 259 7 0
-63 262 7 1
-63 262 6 2
-63 262 5 1
-63 261 6 2
-63 261 5 1
-64 262 7 1
-64 262 6 1
-64 262 5 1
-64 261 5 1
-65 262 7 1
-65 262 6 1
-65 262 5 1
-65 261 5 1
-64 261 6 1
-64 260 7 0
-61 258 4 1
-62 258 4 1
-79 262 9 0
-78 261 9 0
-76 261 8 0
-76 262 9 0
-76 261 7 0
-58 253 9 0
-100 256 6 1
-100 256 10 0
-100 258 7 0
-100 258 9 0
-100 258 8 0
-100 257 8 0
-98 258 7 0
-98 258 9 0
-98 258 8 0
-97 257 4 0
-97 257 5 0
-97 257 8 0
-95 255 7 0
-95 255 6 0
-97 257 6 0
-97 258 7 0
-97 257 7 0
-97 259 6 0
-97 258 6 0
-95 258 7 0
-95 258 6 0
-95 257 7 0
-95 257 6 0
-97 257 3 1
-97 256 3 1
-97 255 3 1
-98 257 3 1
-99 257 3 1
-99 287 9 0
-99 287 5 0
-100 268 7 0
-100 268 6 0
-94 280 6 0
-69 270 9 0
-93 282 7 0
-93 282 8 0
-93 282 6 0
-95 281 7 0
-95 282 7 0
-95 282 8 0
-95 281 6 0
-95 282 6 0
-96 282 7 0
-96 282 8 0
-96 282 6 0
-71 259 4 1
-70 260 5 1
-69 257 5 1
-69 256 5 1
-70 257 5 1
-70 256 7 1
-70 256 6 1
-70 256 5 1
-71 257 6 1
-71 257 5 1
-69 258 4 1
-70 258 8 0
-68 258 4 1
-68 260 10 0
-68 260 5 1
-67 259 4 1
-67 260 4 1
-60 251 7 1
-67 257 4 1
-61 251 8 1
-61 251 7 1
-93 256 6 0
-95 255 5 0
-96 259 5 0
-93 257 2 1
-94 257 2 1
-95 259 2 1
-95 258 2 1
-95 257 2 1
-60 252 8 9
-59 252 9 1
-97 250 7 0
-72 256 6 1
-70 259 9 0
-74 260 7 1
-73 261 8 0
-69 270 7 0
-67 270 8 0
-96 281 8 0
-70 259 10 0
-64 255 8 0
-86 298 6 0
-84 260 9 0
-82 260 9 0
-98 258 3 1
-81 260 9 0
-100 295 4 0
-84 299 5 0
-83 299 5 0
-62 256 8 0
-56 252 10 0
-54 251 8 0
-54 251 10 0
-54 251 9 0
-85 298 6 0
-85 297 6 0
-56 250 9 0
-58 250 8 6
-56 251 9 0
-57 252 10 0
-54 253 8 0
-83 292 4 1
-84 293 4 1
-84 292 6 1
-84 292 5 2
-84 292 4 1
-62 252 7 1
-62 252 8 1
-72 261 7 0
-100 281 7 0
-100 281 6 0
-100 282 7 0
-84 293 5 1
-72 258 8 0
-67 258 9 0
-98 251 10 0
-97 252 10 0
-99 252 10 0
-98 255 4 1
-72 259 4 1
-82 262 7 0
-82 298 1 1
-82 297 1 1
-82 296 1 1
-83 298 1 1
-83 297 1 1
-83 296 1 1
-84 297 1 1
-84 296 1 1
-90 270 8 0
-90 270 10 0
-90 270 9 0
-92 272 11 0
-92 272 10 0
-91 270 8 0
-91 270 10 0
-91 270 9 0
-92 270 8 0
-73 258 4 1
-74 258 4 1
-72 259 5 1
-74 260 4 1
-74 259 4 1
-73 260 5 1
-71 259 6 0
-71 259 8 0
-72 257 7 1
-79 263 10 0
-93 273 10 0
-91 272 8 0
-91 272 9 0
-91 274 9 0
-91 273 8 0
-91 273 9 0
-93 275 6 0
-95 268 9 0
-93 275 10 0
-92 273 9 0
-95 269 9 0
-95 268 8 0
-97 268 9 0
-97 268 8 0
-68 258 7 3
-68 259 9 0
-93 271 7 0
-94 272 10 0
-94 272 7 0
-94 272 6 0
-92 275 9 0
-95 276 9 0
-95 278 9 0
-92 278 9 0
-92 276 9 0
-94 278 6 0
-94 278 10 0
-93 277 9 0
-96 275 6 1
-97 276 6 1
-97 275 6 1
-98 277 6 1
-98 276 6 1
-98 275 6 1
-86 294 6 1
-96 277 9 0
-97 275 9 1
-97 275 8 3
-97 275 7 1
-98 276 9 1
-98 276 8 1
-98 276 7 1
-98 275 9 1
-98 275 8 1
-65 261 8 0
-66 261 9 0
-65 261 7 0
-67 262 8 0
-67 262 9 0
-67 262 7 0
-60 252 9 1
-94 278 9 0
-95 277 9 0
-96 278 7 0
-96 278 9 0
-95 281 9 0
-93 279 9 0
-96 280 10 0
-96 280 9 0
-96 279 9 0
-97 279 7 0
-97 279 9 0
-97 279 8 0
-97 280 9 0
-97 280 8 0
-97 282 9 0
-94 282 9 0
-95 281 8 0
-94 280 9 0
-94 280 8 0
-96 282 5 0
-96 282 9 0
-98 280 8 0
-98 280 7 0
-94 268 8 0
-95 267 8 0
-94 268 9 0
-93 267 8 0
-98 289 10 0
-75 262 7 0
-94 259 6 0
-74 263 9 0
-73 264 7 0
-73 264 9 0
-73 263 8 0
-98 285 9 0
-97 286 9 0
-98 287 9 0
-94 279 7 0
-93 279 8 0
-93 278 8 0
-93 279 7 0
-93 278 7 0
-92 277 8 0
-81 294 6 0
-81 294 5 0
-82 294 6 0
-75 259 7 2
-75 259 6 6
-75 258 8 1
-99 288 2 1
-99 289 2 1
-74 259 7 3
-70 263 7 0
-85 293 6 1
-85 293 5 1
-85 293 4 1
-85 292 6 1
-85 292 5 1
-98 259 6 0
-85 292 4 1
-96 265 7 0
-96 265 11 0
-84 294 6 0
-84 294 5 1
-84 295 5 1
-82 296 6 0
-80 295 6 0
-81 295 6 0
-71 260 5 1
-80 295 5 0
-81 295 5 0
-62 253 9 2
-99 253 10 0
-95 259 9 0
-97 258 8 0
-97 259 8 0
-95 255 8 0
-99 251 8 0
-98 251 8 0
-99 252 7 0
-99 252 9 0
-99 252 8 0
-97 253 7 0
-97 253 9 0
-97 253 8 0
-100 264 6 0
-100 264 8 0
-100 264 7 0
-100 263 6 0
-100 263 8 0
-99 263 7 0
-100 263 7 0
-51 250 6 1
-74 262 6 0
-61 253 7 7
-60 252 7 12
-59 253 9 0
-59 253 10 0
-59 254 8 0
-59 253 8 0
-94 258 6 0
-76 262 5 0
-80 263 5 1
-80 261 5 1
-57 253 9 0
-80 260 8 1
-98 252 5 1
-73 256 6 1
-74 257 8 1
-74 256 8 1
-74 256 7 1
-74 256 6 1
-77 261 5 0
-72 258 9 0
-97 253 10 0
-100 253 10 0
-53 251 8 0
-99 252 11 0
-97 253 5 1
-72 259 9 0
-53 251 10 0
-52 251 9 0
-53 251 9 0
-76 264 7 0
-78 265 8 0
-94 250 7 0
-78 265 7 0
-95 250 8 0
-78 262 9 0
-72 263 8 0
-72 263 9 0
-67 256 8 1
-62 264 8 0
-62 264 9 0
-62 264 7 0
-65 262 8 0
-65 262 9 0
-64 262 8 0
-64 262 9 0
-62 254 9 1
-60 255 10 0
-100 252 4 0
-97 254 6 0
-96 256 4 0
-94 255 5 0
-94 255 6 0
-96 255 7 0
-63 259 7 0
-64 258 7 0
-69 259 6 1
-69 258 8 1
-66 257 4 1
-66 255 6 1
-65 256 8 0
-66 256 7 1
-67 259 5 2
-84 260 8 0
-84 262 8 0
-55 252 8 0
-57 253 11 0
-57 253 7 0
-54 252 9 0
-54 252 10 0
-54 252 8 0
-92 259 6 0
-93 259 6 0
-51 252 9 1
-58 266 5 1
-59 262 6 1
-59 264 6 6
-59 265 7 1
-58 265 5 1
-59 262 7 1
-57 262 9 0
-92 259 7 0
-93 259 7 0
-67 258 4 1
-64 257 9 0
-74 260 9 0
-74 260 8 0
-61 251 9 1
-84 262 3 2
-84 262 9 0
-96 250 3 1
-83 261 6 0
-83 261 8 0
-81 259 6 1
-80 260 7 1
-80 265 7 0
-80 265 8 0
-78 264 7 1
-78 264 8 1
-71 260 6 0
-79 264 9 0
-93 259 5 0
-78 265 9 0
-98 259 11 0
-99 258 10 0
-100 259 10 0
-99 260 10 0
-99 261 9 0
-99 260 9 0
-98 261 8 0
-98 261 10 0
-98 261 9 0
-97 260 10 0
-97 261 9 0
-97 260 9 0
-96 259 10 0
-96 259 9 0
-59 262 8 0
-59 260 5 1
-59 260 6 5
-59 260 7 2
-59 261 5 1
-59 261 6 1
-59 261 7 1
-59 262 5 1
-81 297 6 0
-82 297 6 0
-61 261 9 0
-83 291 4 1
-81 293 5 0
-81 292 5 0
-81 293 6 0
-81 292 6 0
-80 293 5 0
-80 293 6 0
-81 294 7 0
-81 294 2 1
-82 293 1 1
-81 293 1 1
-80 293 1 1
-80 294 1 1
-80 295 1 1
-93 250 8 0
-81 297 5 0
-76 286 6 0
-75 286 6 0
-82 297 5 0
-96 252 5 1
-68 255 7 1
-68 255 8 1
-91 260 10 0
-91 259 10 0
-89 260 9 0
-89 260 10 0
-91 261 11 0
-69 257 4 1
-92 259 8 0
-90 262 8 0
-99 259 6 0
-92 258 2 1
-99 257 4 1
-100 257 3 1
-100 258 3 1
-99 258 3 1
-54 250 10 0
-98 258 11 0
-99 257 10 0
-99 259 10 0
-89 259 10 0
-88 259 10 0
-89 259 9 0
-88 259 9 0
-90 260 10 0
-92 259 10 0
-92 259 9 0
-92 258 10 0
-92 258 9 0
-90 258 10 0
-90 257 10 0
-90 259 10 0
-90 259 9 0
-90 258 9 0
-89 258 10 0
-89 258 9 0
-90 259 11 0
-90 259 12 0
-82 298 5 0
-83 298 5 0
-87 262 6 0
-98 255 11 0
-98 255 10 0
-98 254 10 0
-100 257 10 0
-98 257 10 0
-98 257 9 0
-97 257 10 0
-97 257 9 0
-96 255 9 0
-67 259 7 0
-99 254 9 0
-85 260 7 1
-88 258 10 0
-88 258 11 0
-88 258 9 0
-89 259 11 0
-90 260 11 0
-91 258 10 0
-91 259 11 0
-91 258 9 0
-92 258 11 0
-91 257 10 0
-91 256 10 0
-91 257 11 0
-91 257 9 0
-91 256 9 0
-90 256 10 0
-90 256 11 0
-90 257 9 0
-90 256 9 0
-89 257 10 0
-89 256 10 0
-55 259 6 1
-55 259 7 1
-55 259 8 1
-52 294 4 0
-52 295 3 0
-51 294 3 0
-51 294 4 0
-52 295 5 0
-52 295 1 1
-53 294 0 1
-53 295 0 1
-52 294 0 1
-52 295 0 1
-51 294 0 1
-51 295 0 1
-51 296 0 1
-60 262 7 0
-53 294 3 0
-53 294 4 0
-53 293 3 0
-53 292 3 0
-53 293 4 0
-53 292 4 0
-52 292 3 0
-52 293 4 0
-52 292 4 0
-51 293 3 0
-51 292 3 0
-51 293 4 0
-51 292 4 0
-52 294 5 0
-52 294 1 1
-53 293 0 1
-52 293 0 1
-51 293 0 1
-60 262 8 0
-61 260 6 1
-54 292 4 0
-54 292 3 0
-52 291 4 0
-53 291 4 0
-53 291 3 0
-52 290 4 0
-52 291 3 0
-52 290 3 0
-51 291 4 0
-59 263 5 1
-59 258 5 1
-52 292 5 0
-52 292 6 0
-52 292 1 1
-53 291 0 1
-53 292 0 1
-52 291 0 1
-52 292 0 1
-51 291 0 1
-51 292 0 1
-60 258 6 5
-58 257 7 0
-57 258 8 0
-58 259 9 0
-59 258 7 0
-59 258 6 1
-52 293 5 0
-53 292 5 0
-54 291 4 0
-53 291 5 0
-53 290 4 0
-53 290 5 0
-53 290 3 0
-52 289 4 0
-52 289 5 0
-52 289 3 0
-51 290 4 0
-62 263 6 1
-62 263 7 1
-61 263 8 1
-61 257 6 1
-61 258 6 1
-60 257 5 1
-60 257 6 1
-60 258 5 1
-59 257 5 1
-61 259 6 1
-62 259 6 1
-70 276 7 0
-69 276 7 0
-70 277 8 0
-70 277 7 0
-72 275 8 0
-72 275 7 0
-71 275 8 0
-71 274 8 0
-71 275 7 0
-71 274 7 0
-70 275 8 0
-70 275 7 0
-63 258 7 0
-63 258 10 0
-62 257 9 0
-62 257 8 0
-63 256 9 0
-63 257 9 0
-57 255 8 0
-57 256 9 0
-57 256 10 0
-57 256 8 0
-63 256 8 0
-63 257 4 1
-63 256 4 1
-62 257 5 1
-63 255 8 0
-64 257 7 0
-62 259 7 1
-62 258 7 0
-58 255 4 1
-59 255 4 1
-60 255 4 1
-60 254 4 1
-60 253 4 1
-59 254 5 5
-65 257 8 0
-62 259 9 0
-62 260 8 0
-61 258 9 0
-62 258 9 0
-73 262 7 0
-62 252 6 1
-61 254 7 1
-60 254 7 0
-60 255 7 0
-59 256 7 1
-58 256 7 1
-57 256 7 1
-52 250 7 0
-58 254 7 1
-58 254 11 0
-56 253 8 0
-56 252 9 0
-58 252 8 0
-64 258 8 0
-64 258 9 0
-83 264 6 0
-83 264 8 0
-83 264 7 0
-83 263 7 0
-82 262 6 0
-82 262 8 0
-61 258 8 0
-62 258 8 0
-97 252 7 0
-98 252 8 0
-98 252 9 0
-88 263 6 0
-88 263 8 0
-88 263 7 0
-87 263 6 0
-76 259 7 1
-83 261 7 0
-84 260 6 0
-96 250 9 0
-97 250 8 0
-95 250 7 0
-95 250 9 0
-79 264 8 1
-78 263 8 1
-81 263 5 0
-81 263 6 0
-81 263 9 0
-78 261 8 1
-78 261 7 1
-78 261 6 1
-78 260 8 1
-78 260 7 1
-78 260 6 1
-79 261 6 2
-79 260 8 1
-79 260 7 2
-79 260 6 1
-80 260 6 1
-80 262 8 1
-79 261 7 2
-94 250 9 0
-94 250 8 0
-78 262 6 3
-78 264 6 1
-97 256 5 0
-99 257 6 0
-97 253 6 0
-52 251 7 0
-53 251 7 0
-99 288 8 0
-99 288 9 0
-99 288 5 0
-99 288 4 0
-69 255 6 1
-67 256 9 0
-65 255 9 0
-65 255 8 0
-66 256 9 0
-78 292 5 0
-80 293 7 0
-81 292 7 0
-81 291 6 0
-81 291 7 0
-81 290 6 0
-81 290 7 0
-81 290 5 0
-80 289 6 0
-80 289 7 0
-80 289 5 0
-79 290 6 0
-78 290 6 0
-78 290 7 0
-78 290 5 0
-80 291 8 0
-80 291 4 0
-56 251 10 0
-53 252 10 0
-53 252 9 0
-90 261 9 0
-90 261 6 0
-90 261 5 0
-89 263 8 0
-89 263 6 0
-75 262 9 0
-74 262 9 0
-96 263 9 0
-97 262 9 0
-95 262 8 0
-95 262 9 0
-69 272 6 1
-68 271 6 1
-68 272 6 1
-68 273 6 1
-67 271 6 1
-67 272 6 1
-67 273 6 1
-66 271 8 0
-65 271 8 0
-66 271 9 0
-66 271 7 0
-65 271 7 0
-69 270 8 0
-99 289 9 0
-99 289 4 0
-99 289 5 0
-100 289 7 0
-99 286 5 0
-98 262 6 0
-99 286 9 0
-99 286 8 0
-99 288 7 0
-100 286 9 0
-100 286 8 0
-98 284 7 0
-100 285 9 0
-100 285 8 0
-99 285 6 0
-99 285 7 0
-99 286 6 0
-99 286 7 0
-99 284 6 0
-99 284 7 0
-95 280 6 0
-99 283 7 0
-97 261 6 0
-99 261 5 0
-90 258 5 0
-97 256 8 0
-65 258 4 1
-100 280 6 0
-100 280 7 0
-55 265 7 0
-54 265 8 0
-55 265 6 0
-55 266 8 0
-56 267 8 0
-57 266 8 0
-58 265 7 0
-58 265 8 0
-59 265 6 3
-60 264 5 1
-60 264 6 1
-60 264 7 1
-60 265 5 1
-60 265 6 1
-60 265 7 1
-60 266 5 1
-60 266 6 1
-60 266 7 1
-59 264 5 2
-59 265 5 4
-59 266 5 1
-59 266 6 1
-57 264 7 0
-57 264 8 0
-57 264 6 0
-56 263 7 0
-56 263 8 0
-56 263 6 0
-55 264 7 0
-54 264 7 0
-55 264 8 0
-55 264 6 0
-54 264 6 0
-56 265 8 0
-56 265 9 0
-56 265 5 1
-57 264 4 1
-57 265 4 1
-57 266 4 1
-56 264 4 1
-56 265 4 1
-55 264 4 1
-55 265 4 1
-55 266 4 1
-54 279 4 2
-54 279 5 1
-54 280 3 1
-53 279 3 1
-52 280 4 0
-52 280 5 0
-51 281 4 0
-51 281 5 0
-52 282 6 0
-52 282 2 1
-53 281 1 1
-52 281 1 1
-51 281 1 1
-54 281 4 0
-54 281 5 0
-55 281 4 1
-56 280 3 1
-56 280 4 1
-54 264 8 0
-53 280 5 0
-53 279 5 0
-55 278 3 1
-58 264 8 0
-55 278 4 3
-55 278 5 1
-54 278 3 1
-54 278 4 1
-54 278 5 1
-53 278 3 1
-52 279 4 0
-52 279 5 0
-51 280 4 0
-51 279 4 0
-51 280 5 0
-51 279 5 0
-52 281 6 0
-52 281 2 1
-53 280 1 1
-52 280 1 1
-51 280 1 1
-54 263 8 0
-58 263 7 1
-58 263 8 0
-57 262 7 1000
-57 261 7 1000
-57 262 8 0
-57 261 6 16
-58 260 5 1
-58 260 6 9
-58 260 7 1000
-58 261 5 1
-56 278 3 1
-56 278 4 1
-56 278 5 1
-56 279 3 1
-56 279 4 1
-56 279 5 1
-54 277 4 1
-55 276 3 1
-55 276 4 2
-55 276 5 1
-55 277 3 1
-55 277 4 1
-55 277 5 1
-54 276 3 1
-54 276 4 1
-54 276 5 1
-54 277 3 1
-53 276 3 2
-52 278 5 0
-52 277 5 0
-52 278 4 0
-52 277 4 0
-51 278 5 0
-99 255 7 0
-85 299 2 2
-86 299 2 1
-87 299 2 1
-82 260 8 0
-95 253 8 0
-85 299 6 0
-59 252 5 1
-85 261 9 0
-86 298 5 0
-91 258 5 0
-91 260 3 1
-92 259 2 1
-92 260 2 1
-63 255 9 0
-63 256 10 0
-63 256 5 1
-66 270 7 0
-66 270 9 0
-61 257 4 1
-60 257 4 1
-59 257 4 1
-61 257 7 1
-61 258 7 1
-63 257 7 0
-63 256 7 0
-63 255 7 0
-60 253 5 1
-61 256 5 2
-62 255 4 1
-62 256 4 1
-62 257 4 1
-64 261 7 0
-61 260 8 0
-60 259 7 1
-78 259 8 1
-78 259 7 1
-78 259 6 1
-81 260 5 0
-81 262 5 0
-78 262 5 1
-79 263 8 1
-78 263 7 3
-84 263 9 0
-64 259 7 0
-65 257 7 0
-64 256 7 0
-64 256 8 0
-81 261 10 0
-83 260 9 0
-63 257 5 1
-64 256 4 1
-89 260 6 0
-100 270 5 1
-83 260 8 0
-73 263 4 1
-73 264 4 1
-73 264 5 1
-73 264 6 1
-73 265 4 1
-73 265 5 1
-73 265 6 1
-76 263 6 0
-76 263 5 0
-77 263 5 0
-78 261 5 1
-77 260 5 0
-75 258 4 1
-76 261 4 1
-96 255 8 0
-96 254 9 0
-96 254 8 0
-71 279 7 0
-72 257 5 1
-73 257 7 2
-73 257 6 1
-73 257 5 1
-69 260 6 0
-74 277 7 0
-73 278 8 0
-73 277 7 0
-73 277 8 0
-72 278 7 0
-90 251 10 0
-89 252 11 0
-90 252 11 0
-88 252 10 0
-88 251 10 0
-88 252 11 0
-88 251 11 0
-87 251 10 0
-87 252 11 0
-88 253 12 0
-88 253 9 0
-88 253 8 0
-96 251 10 0
-96 250 6 0
-96 250 10 0
-94 251 8 0
-58 250 10 1
-59 250 10 1
-57 250 5 1
-57 250 10 0
-58 250 4 1
-57 251 5 1
-59 251 4 1
-58 252 5 1
-71 280 8 0
-73 278 7 0
-71 273 7 0
-70 273 7 0
-61 257 5 1
-60 259 4 1
-74 261 6 0
-70 278 8 0
-75 262 6 0
-70 278 7 0
-70 279 8 0
-73 276 8 0
-73 276 7 0
-72 277 8 0
-72 276 8 0
-72 277 7 0
-72 276 7 0
-71 277 8 0
-70 276 8 0
-71 276 8 0
-71 276 7 0
-100 286 6 0
-72 278 10 0
-72 278 6 0
-61 259 4 1
-62 259 4 1
-62 258 10 0
-94 258 2 1
-94 257 5 0
-76 261 10 0
-76 260 9 0
-60 260 8 1
-60 258 8 0
-61 260 5 1
-99 290 5 0
-67 271 7 0
-67 271 9 0
-77 263 7 1
-77 263 6 1
-77 262 8 1
-77 262 7 1
-77 262 6 1
-95 251 8 0
-95 251 9 0
-95 251 7 0
-96 250 8 0
-96 251 8 0
-85 263 6 0
-85 263 8 0
-88 260 5 1
-99 285 10 0
-99 285 9 0
-94 276 5 0
-94 276 6 0
-94 276 9 0
-59 252 7 1
-62 254 5 1
-62 253 5 1
-95 277 7 0
-94 278 8 0
-94 278 7 0
-62 252 5 1
-61 253 6 2
-62 253 6 1
-68 261 9 0
-90 262 2 1
-91 258 2 1
-91 257 6 0
-92 257 5 0
-100 271 4 1
-81 264 5 0
-89 262 8 0
-84 297 6 0
-94 258 3 1
-77 261 6 0
-76 260 7 0
-76 260 6 0
-92 273 7 0
-92 273 8 0
-95 273 7 0
-96 275 7 0
-96 275 8 0
-95 276 7 0
-95 276 8 0
-94 277 7 0
-94 276 7 0
-94 277 8 0
-62 253 7 2
-62 253 8 2
-58 251 4 1
-57 252 5 2
-60 253 6 1
-61 253 9 2
-71 260 9 0
-70 259 6 0
-83 297 5 0
-83 296 5 0
-59 254 10 0
-74 261 4 2
-73 259 4 1
-100 270 4 1
-100 270 3 1
-78 286 2 1
-64 259 8 0
-97 263 10 0
-100 288 6 0
-100 288 7 0
-99 263 6 0
-100 289 6 0
-100 282 8 0
-100 284 9 0
-98 283 8 0
-100 289 5 0
-98 282 7 0
-100 291 5 0
-98 282 8 0
-99 282 7 0
-100 290 5 0
-100 293 5 0
-100 266 6 0
-83 260 7 0
-84 299 1 1
-87 262 5 0
-98 283 7 0
-98 283 9 0
-98 284 8 0
-81 262 8 0
-81 262 7 0
-97 289 5 0
-94 275 7 0
-95 275 8 0
-95 275 9 0
-93 273 7 0
-94 274 10 0
-99 284 9 0
-99 284 8 0
-100 284 8 0
-99 285 8 0
-84 298 3 0
-96 258 7 0
-96 260 6 0
-94 259 7 0
-100 287 9 0
-100 287 8 0
-96 287 9 0
-94 258 7 0
-98 289 9 0
-96 287 8 0
-100 289 8 0
-99 292 8 0
-97 293 5 0
-97 293 9 0
-95 291 8 0
-95 291 7 0
-98 291 8 0
-97 292 8 0
-62 265 8 0
-62 265 9 0
-62 265 7 0
-64 267 9 0
-64 267 7 0
-66 266 9 0
-66 266 7 0
-66 264 8 0
-66 264 9 0
-66 264 7 0
-64 264 8 0
-64 263 8 0
-64 263 9 0
-64 263 7 0
-63 264 8 0
-63 264 9 0
-63 264 7 0
-64 265 10 0
-64 265 5 1
-65 264 4 1
-63 264 4 1
-64 264 4 1
-64 265 8 0
-72 259 7 1
-70 260 8 0
-70 260 9 0
-70 260 7 0
-72 261 9 0
-72 261 10 0
-72 261 5 1
-73 260 4 2
-76 263 8 0
-53 252 8 0
-80 263 9 0
-79 292 1 1
-79 291 1 1
-80 292 1 1
-80 291 1 1
-81 292 1 1
-80 292 2 1
-80 292 8 0
-80 292 7 0
-79 291 5 0
-79 291 7 0
-79 291 6 0
-80 291 5 0
-80 291 7 0
-80 290 6 0
-80 291 6 0
-82 291 5 0
-82 291 7 0
-82 291 6 0
-82 292 5 0
-82 292 6 0
-82 294 7 0
-80 294 7 0
-79 294 7 0
-79 294 6 0
-80 292 5 0
-79 292 7 0
-80 292 6 0
-78 292 6 0
-79 292 6 0
-90 261 2 1
-97 255 4 0
-69 259 4 1
-69 260 5 1
-69 260 9 0
-68 259 8 0
-68 259 7 1
-68 258 6 2
-68 257 8 1
-68 257 7 2
-68 257 6 1
-69 258 6 1
-69 257 8 1
-69 257 7 1
-69 257 6 1
-70 258 7 1
-70 258 6 1
-87 263 8 0
-99 254 6 0
-99 254 7 0
-99 254 10 0
-100 254 9 0
-99 295 6 0
-100 255 7 0
-99 255 8 0
-97 255 7 0
-97 255 9 0
-97 255 8 0
-73 259 8 0
-73 259 7 1
-73 260 6 0
-73 261 6 0
-96 294 7 0
-71 262 6 0
-70 261 6 0
-100 252 10 0
-57 250 6 1
-58 253 10 0
-99 253 8 0
-98 254 7 0
-93 257 5 0
-99 280 9 0
-95 259 5 0
-94 260 5 0
-100 296 4 0
-96 256 8 0
-93 258 2 1
-92 259 3 1
-92 258 5 0
-92 257 6 0
-93 258 5 0
-93 261 5 0
-56 250 10 0
-89 262 6 0
-60 252 5 1
-100 298 4 0
-99 250 6 0
-100 254 4 0
-100 259 3 1
-99 259 3 1
-99 262 7 0
-100 260 2 1
-100 283 7 0
-83 264 3 1
-82 263 4 1
-82 263 9 0
-82 263 8 0
-80 261 6 1
-80 261 8 1
-80 261 7 1
-82 261 6 0
-82 261 8 0
-82 261 7 0
-82 265 6 0
-82 264 8 0
-82 265 7 0
-100 284 6 0
-82 264 7 0
-80 264 6 1
-80 264 8 0
-80 264 7 1
-100 261 2 1
-80 263 6 1
-80 263 8 0
-80 263 7 1
-81 263 7 0
-82 263 3 1
-82 262 3 1
-82 261 3 1
-83 263 3 1
-83 262 3 1
-83 261 3 1
-84 263 3 1
-100 284 7 0
-84 261 3 1
-83 262 4 2
-83 262 9 0
-81 261 6 0
-81 261 8 0
-81 261 7 0
-74 257 6 1
-74 257 5 1
-75 260 5 1
-75 259 5 2
-75 258 5 1
-74 259 8 0
-75 257 8 1
-75 257 7 1
-75 257 6 1
-76 258 8 1
-76 258 7 1
-76 258 6 1
-76 257 8 1
-76 257 7 1
-76 257 6 1
-74 260 6 1
-75 260 7 1
-73 262 6 0
-97 262 8 0
-96 263 8 0
-97 263 9 0
-94 270 11 0
-94 271 11 0
-96 273 8 0
-96 273 9 0
-94 272 11 0
-94 273 11 0
-96 275 9 0
-95 274 9 0
-94 274 11 0
-94 275 11 0
-92 277 9 0
-94 277 10 0
-93 281 8 0
-100 250 4 0
-98 250 6 0
-99 298 7 0
-100 298 7 0
-99 297 7 0
-100 295 9 0
-100 295 8 0
-100 294 9 0
-100 294 8 0
-99 293 9 0
-97 294 6 0
-98 292 9 0
-98 291 5 0
-98 291 9 0
-97 276 9 1
-97 290 5 0
-95 290 6 0
-96 291 6 0
-97 288 5 0
-97 288 9 0
-95 288 6 0
-55 261 7 1
-56 263 9 0
-56 263 5 2
-57 262 4 1
-56 262 4 1
-55 262 4 1
-95 288 7 0
-98 284 6 0
-95 284 5 0
-95 284 9 0
-93 284 6 0
-93 284 7 0
-94 284 6 0
-64 261 9 0
-94 284 7 0
-93 283 6 0
-95 281 5 0
-97 281 6 0
-66 259 9 0
-95 279 5 0
-94 260 6 0
-98 256 9 0
-56 255 9 0
-94 267 9 0
-94 265 8 0
-56 255 8 0
-95 269 7 0
-95 269 11 0
-95 269 10 0
-96 270 8 0
-97 269 8 0
-97 269 9 0
-96 267 7 0
-96 267 11 0
-96 267 10 0
-96 266 7 0
-96 266 11 0
-96 266 10 0
-94 266 9 0
-98 267 8 0
-98 267 9 0
-97 264 7 0
-54 262 7 0
-54 262 8 0
-54 262 6 0
-55 263 6 0
-58 262 7 1
-58 262 8 0
-58 262 6 1
-57 261 8 0
-56 260 7 2
-56 260 8 0
-56 260 6 1
-54 260 7 0
-55 261 8 1
-55 261 6 1
-56 262 9 0
-56 262 5 2
-57 261 4 1
-56 261 4 1
-55 261 4 1
-97 264 11 0
-97 264 10 0
-99 264 9 0
-97 261 11 0
-97 261 10 0
-95 261 9 0
-97 260 11 0
-95 260 9 0
-96 261 8 0
-96 261 9 0
-97 259 11 0
-97 258 11 0
-97 257 11 0
-95 257 9 0
-97 256 11 0
-54 261 8 0
-54 261 6 0
-55 262 6 0
-57 262 6 13
-58 261 8 0
-80 261 9 0
-100 298 5 0
-57 260 8 0
-56 259 7 1
-56 259 6 1
-55 260 7 1
-55 260 8 1
-55 260 6 1
-56 261 9 0
-56 261 5 9
-57 260 4 1
-56 260 4 1
-55 260 4 1
-100 293 6 0
-99 293 6 0
-98 260 11 0
-100 260 9 0
-99 262 8 0
-99 262 9 0
-98 262 8 0
-98 262 9 0
-96 262 8 0
-77 260 6 0
-77 260 7 0
-72 258 6 1
-72 258 7 1
-74 261 5 0
-98 293 7 0
-97 293 6 0
-98 293 6 0
-97 292 7 0
-99 260 3 1
-100 260 3 1
-97 292 6 0
-100 259 4 1
-98 290 4 0
-98 290 5 0
-99 260 6 0
-100 290 7 0
-100 290 6 0
-99 292 7 0
-99 292 6 0
-64 269 8 0
-96 281 6 0
-64 269 7 0
-67 267 8 0
-67 267 7 0
-66 268 8 0
-66 267 8 0
-66 267 9 0
-66 268 7 0
-66 267 7 0
-65 268 8 0
-65 267 8 0
-65 268 9 0
-65 268 7 0
-96 281 7 0
-89 263 9 0
-91 268 9 0
-90 268 10 0
-90 268 8 0
-93 270 10 0
-93 268 10 0
-93 267 10 0
-92 267 9 0
-92 266 9 0
-92 267 10 0
-92 266 8 0
-90 267 9 0
-90 267 10 0
-90 267 8 0
-92 268 11 0
-92 268 7 0
-91 261 10 0
-90 262 9 0
-89 262 9 0
-90 262 10 0
-91 263 11 0
-91 263 7 0
-58 253 7 0
-57 255 7 0
-56 273 4 1
-55 273 3 1
-55 273 4 1
-54 273 3 2
-53 274 4 0
-52 275 5 1
-53 273 7 1
-52 273 5 1
-52 273 6 1
-52 273 7 1
-51 273 5 1
-51 273 6 1
-51 273 7 1
-51 274 5 1
-51 274 6 1
-51 274 7 1
-51 275 7 1
-52 274 4 0
-53 276 7 0
-54 275 2 1
-53 275 2 1
-52 275 2 1
-89 267 8 0
-91 267 9 0
-91 268 10 0
-91 268 8 0
-93 265 9 0
-93 265 10 0
-93 265 8 0
-91 266 9 0
-64 267 5 1
-64 268 5 1
-64 269 5 1
-63 266 8 0
-63 266 9 0
-63 266 7 0
-51 275 5 1
-51 275 6 1
-54 276 6 0
-57 273 3 1
-57 273 4 1
-57 273 5 1
-57 274 3 1
-57 274 4 1
-57 274 5 1
-56 272 4 1
-57 271 3 1
-57 271 4 1
-57 271 5 1
-57 272 3 1
-57 272 4 1
-57 272 5 2
-56 271 3 1
-56 271 4 2
-56 271 5 1
-56 272 3 1
-55 271 3 1
-54 273 5 0
-54 272 5 0
-54 273 6 0
-54 272 6 0
-99 297 6 0
-99 296 7 0
-54 274 4 1
-53 273 3 1
-53 274 3 1
-53 275 3 1
-96 298 6 0
-95 297 8 0
-95 297 7 0
-100 294 7 0
-96 297 6 0
-98 293 5 0
-99 295 8 0
-99 295 5 0
-99 295 4 0
-96 297 8 0
-96 296 7 0
-96 297 7 0
-98 297 8 0
-96 280 8 0
-97 261 8 0
-53 273 5 0
-53 273 6 0
-52 275 6 1
-55 272 5 0
-55 271 5 0
-55 272 6 0
-57 270 3 1
-57 270 4 1
-57 270 5 1
-56 270 3 1
-56 270 4 1
-56 270 5 1
-55 270 3 1
-54 271 5 0
-54 271 6 0
-53 272 5 0
-53 271 5 0
-53 272 6 0
-52 271 5 1
-53 270 4 1
-52 270 4 1
-52 270 5 1
-52 270 6 1
-52 271 4 1
-51 270 4 1
-51 270 5 1
-51 270 6 1
-51 271 4 1
-51 271 5 1
-51 271 6 1
-51 272 4 1
-55 272 2 1
-55 273 2 1
-55 274 2 1
-54 272 2 1
-54 273 2 1
-54 274 2 1
-53 272 2 1
-53 273 2 1
-53 274 2 1
-96 286 5 0
-96 286 9 0
-96 284 8 0
-98 286 6 0
-98 286 8 0
-98 286 7 0
-57 252 8 0
-94 280 7 0
-92 279 6 0
-92 279 8 0
-92 279 7 0
-79 294 5 0
-80 294 5 0
-95 267 7 0
-95 267 11 0
-95 267 10 0
-100 263 3 1
-100 262 3 1
-99 263 4 2
-97 263 6 0
-98 264 6 0
-98 264 7 0
-99 262 5 0
-81 264 3 1
-64 260 4 1
-65 260 4 1
-63 259 8 0
-63 258 9 0
-95 256 9 0
-97 255 11 0
-97 254 11 0
-96 255 10 0
-97 253 11 0
-96 254 10 0
-97 252 11 0
-97 251 11 0
-96 252 10 0
-52 272 6 0
-53 272 7 0
-56 272 6 0
-56 272 7 0
-58 271 4 1
-58 271 5 1
-58 271 6 1
-58 272 4 1
-58 272 5 1
-58 272 6 1
-58 273 4 1
-58 273 5 1
-58 273 6 1
-55 271 6 0
-56 270 6 0
-56 270 7 0
-54 270 6 0
-54 270 7 0
-54 270 5 0
-53 270 6 0
-53 270 7 0
-53 270 5 0
-54 272 7 0
-54 272 8 0
-54 272 3 1
-55 271 2 1
-54 271 2 1
-53 271 2 1
-97 286 8 0
-96 285 7 0
-100 251 5 0
-95 259 8 0
-91 260 7 0
-90 260 7 0
-91 260 8 0
-91 260 6 0
-99 257 9 0
-99 257 7 0
-82 260 5 0
-80 260 5 0
-60 251 8 1
-95 268 11 0
-95 268 10 0
-94 266 8 0
-93 266 9 0
-54 271 7 0
-55 271 7 0
-55 272 7 0
-56 272 5 0
-57 270 6 0
-57 270 7 0
-55 270 6 0
-56 269 6 0
-55 270 7 0
-56 269 7 0
-56 269 5 0
-55 269 6 0
-55 268 6 0
-55 269 7 0
-55 268 5 0
-53 269 6 0
-53 269 7 0
-53 269 5 0
-55 270 8 0
-55 270 4 1
-56 269 3 1
-55 269 3 1
-54 269 3 1
-54 270 3 1
-54 271 3 1
-96 268 8 0
-96 269 8 0
-99 255 10 0
-59 253 5 2
-60 252 4 1
-94 264 9 0
-96 265 9 0
-95 266 9 0
-96 265 8 0
-95 266 8 0
-96 266 9 0
-96 266 8 0
-98 266 9 0
-98 266 8 0
-96 264 10 0
-96 264 11 0
-96 264 7 0
-68 258 8 0
-68 258 9 0
-69 256 6 1
-69 256 7 1
-69 256 8 1
-68 256 6 1
-68 256 7 2
-68 260 9 0
-72 278 9 0
-62 254 10 1
-82 263 5 0
-82 262 5 0
-82 260 6 0
-81 261 5 0
-95 265 9 0
-94 265 9 0
-95 265 8 0
-98 274 8 1
-98 274 9 1
-95 268 7 0
-94 267 8 0
-96 267 9 0
-96 267 8 0
-98 265 8 0
-98 265 9 0
-69 276 8 0
-100 286 7 0
-100 287 6 0
-63 258 5 1
-76 261 9 0
-89 251 10 0
-100 291 9 0
-69 274 7 0
-69 273 9 0
-100 293 8 0
-74 279 8 0
-96 251 6 0
-83 259 8 0
-95 253 9 0
-95 254 8 0
-73 279 5 0
-73 279 6 0
-73 279 9 0
-73 279 8 0
-71 278 7 0
-71 278 8 0
-72 278 8 0
-71 277 7 0
-89 252 10 0
-87 254 11 0
-87 254 10 0
-87 253 11 0
-86 253 10 0
-87 253 10 0
-76 259 5 1
-76 258 5 1
-76 261 6 0
-75 261 6 0
-89 259 6 0
-89 259 8 0
-89 259 7 0
-61 258 10 0
-60 258 4 1
-90 263 7 0
-74 263 6 0
-72 262 6 0
-72 261 6 0
-98 252 4 3
-98 252 3 1
-98 251 5 1
-98 251 4 2
-98 251 3 1
-100 254 10 0
-100 296 6 0
-63 263 4 1
-73 256 7 1
-100 296 5 0
-70 258 9 0
-71 257 8 0
-71 259 9 0
-68 255 6 1
-69 255 8 1
-54 269 6 0
-54 269 7 0
-56 271 6 0
-56 271 7 0
-57 269 6 0
-57 269 7 0
-56 268 6 0
-56 268 7 0
-55 267 6 0
-55 268 7 0
-54 268 6 0
-54 268 7 0
-55 269 8 0
-55 269 4 2
-56 268 3 1
-55 268 3 1
-54 268 3 1
-84 298 5 0
-84 298 6 0
-85 299 7 0
-86 298 1 1
-86 299 1 1
-87 264 7 0
-85 298 1 1
-85 299 1 1
-87 264 6 0
-84 298 1 1
-96 257 9 0
-96 257 10 0
-97 258 10 0
-98 259 9 0
-98 259 10 0
-99 258 9 0
-98 257 11 0
-98 255 9 0
-98 255 7 0
-93 260 2 1
-83 298 6 0
-82 298 6 0
-86 296 5 0
-92 261 2 1
-86 297 5 0
-84 297 5 0
-84 296 5 0
-99 299 4 0
-84 296 6 0
-57 267 6 0
-57 267 7 0
-55 267 7 0
-54 267 6 0
-54 267 7 0
-98 260 10 0
-98 260 8 0
-99 259 9 0
-68 258 10 0
-68 256 9 0
-69 257 9 0
-69 258 9 0
-66 258 10 0
-73 258 5 1
-73 258 7 1
-73 259 5 2
-72 258 5 1
-65 269 7 0
-66 269 7 0
-97 293 7 0
-98 260 6 0
-59 253 7 0
-60 250 6 1
-60 251 6 1
-58 251 8 1
-59 251 6 1
-60 250 5 1
-91 261 9 0
-91 262 9 0
-92 262 10 0
-91 262 10 0
-92 262 9 0
-93 263 8 0
-57 268 6 0
-58 268 6 0
-57 268 7 0
-56 267 6 0
-57 266 6 0
-56 267 7 0
-57 266 7 0
-56 266 6 0
-56 266 7 0
-54 266 6 0
-54 266 7 0
-56 268 8 0
-56 268 4 1
-57 267 3 1
-57 268 3 1
-57 269 3 1
-56 267 3 1
-55 267 3 1
-91 263 9 0
-91 264 9 0
-92 263 8 0
-92 263 10 0
-92 263 9 0
-92 264 9 0
-92 266 10 0
-92 265 9 0
-90 266 8 0
-90 266 10 0
-90 266 9 0
-89 265 8 0
-89 265 10 0
-89 265 9 0
-91 267 7 0
-91 267 8 0
-91 267 11 0
-91 267 10 0
-90 265 8 0
-90 265 10 0
-90 265 9 0
-96 295 6 0
-91 265 10 0
-91 265 9 0
-65 267 5 1
-66 267 5 1
-65 268 6 1
-65 268 10 0
-64 266 7 0
-64 266 9 0
-64 266 8 0
-65 266 7 0
-65 266 9 0
-60 251 5 1
-57 253 5 2
-67 266 8 0
-63 268 7 0
-55 266 7 0
-55 266 6 0
-58 266 7 0
-58 266 6 0
-57 265 7 0
-63 260 7 0
-57 265 6 0
-99 256 10 0
-97 256 10 0
-97 256 9 0
-98 256 10 0
-98 258 10 0
-96 256 9 0
-61 262 8 0
-70 257 8 1
-70 257 7 1
-100 297 3 0
-100 297 4 0
-72 259 6 1
-67 269 8 0
-98 296 8 0
-96 295 7 0
-93 271 10 0
-91 271 8 0
-75 263 6 0
-100 299 5 0
-91 271 9 0
-99 298 5 0
-99 297 5 0
-94 255 7 0
-75 261 7 0
-99 255 6 0
-97 252 4 1
-75 260 8 1
-71 262 7 0
-60 253 7 1
-59 254 7 1
-58 255 7 0
-56 255 7 0
-56 254 4 1
-57 254 4 1
-58 254 4 1
-88 256 10 0
-87 256 10 0
-88 256 11 0
-88 256 9 0
-88 257 11 0
-89 258 11 0
-91 256 11 0
-91 255 10 0
-91 255 11 0
-91 255 9 0
-89 255 10 0
-89 254 10 0
-89 254 11 0
-89 254 9 0
-88 255 10 0
-88 255 11 0
-88 255 9 0
-89 256 11 0
-89 256 12 0
-89 256 8 0
-97 254 10 0
-100 297 7 0
-100 298 6 0
-100 297 6 0
-98 297 5 0
-98 297 7 0
-98 297 6 0
-87 263 7 0
-87 262 7 0
-86 261 6 0
-89 261 5 0
-96 259 8 0
-98 260 7 0
-98 259 8 0
-99 250 3 1
-69 259 9 0
-69 261 9 0
-99 251 3 1
-99 252 3 1
-98 250 3 1
-98 250 4 2
-67 261 9 0
-66 262 8 0
-67 261 8 0
-66 260 7 0
-66 260 9 0
-66 260 8 0
-98 250 5 1
-87 255 10 0
-87 255 11 0
-89 255 11 0
-90 255 10 0
-90 255 11 0
-90 254 10 0
-90 253 10 0
-90 254 11 0
-90 253 11 0
-89 253 10 0
-89 253 11 0
-88 254 10 0
-88 253 10 0
-88 254 11 0
-88 253 11 0
-89 255 12 0
-89 255 9 0
-89 255 8 0
-76 263 3 1
-76 259 6 1
-78 263 3 1
-99 256 7 0
-100 255 8 0
-73 261 9 0
-73 261 7 0
-74 262 10 0
-74 262 7 0
-99 258 8 0
-63 257 8 0
-87 262 8 0
-64 257 8 0
-59 263 7 0
-58 260 8 0
-58 259 5 1
-58 259 6 1000
-58 259 7 1000
-57 259 5 2
-57 259 6 9
-57 259 7 1
-56 259 5 1
-55 262 5 1
-80 260 9 0
-80 261 10 0
-81 262 9 0
-82 262 9 0
-83 263 9 0
-92 260 7 0
-92 260 6 0
-94 260 7 0
-94 261 7 0
-96 252 9 0
-96 252 7 0
-97 251 10 0
-97 251 6 0
-96 253 8 0
-96 253 7 0
-54 253 10 0
-54 253 9 0
-83 261 10 0
-85 263 9 0
-86 263 8 0
-86 263 9 0
-86 261 9 0
-87 261 9 0
-86 260 8 0
-86 260 9 0
-85 259 8 0
-85 260 9 0
-85 261 10 0
-88 259 8 0
-55 252 10 0
-55 252 9 0
-57 251 8 1000
-85 260 8 0
-85 260 6 1
-90 260 3 1
-91 259 2 1
-79 260 9 0
-91 261 2 1
-87 262 9 0
-89 259 2 1
-96 257 8 0
-97 258 9 0
-97 258 5 0
-61 252 9 1
-56 254 9 0
-56 254 10 0
-94 256 5 0
-93 259 2 1
-95 257 5 0
-77 263 10 0
-75 262 8 0
-74 262 8 0
-100 255 9 0
-62 260 7 1
-62 260 9 0
-60 260 7 1
-61 260 9 0
-96 255 6 0
-95 257 4 0
-95 257 8 0
-93 256 5 0
-93 256 7 0
-100 253 5 0
-77 260 9 0
-77 260 8 0
-100 250 5 0
-100 252 5 0
-99 252 5 0
-100 252 6 0
-74 261 8 0
-74 261 9 0
-76 262 10 0
-73 262 8 0
-72 262 8 0
-73 262 9 0
-72 262 7 0
-74 263 8 0
-73 264 8 0
-73 263 9 0
-73 263 7 0
-82 294 5 0
-82 293 5 0
-57 253 10 0
-57 253 8 0
-59 255 10 0
-82 295 7 0
-82 295 2 1
-83 294 1 1
-83 295 1 1
-82 294 1 1
-82 295 1 1
-81 294 1 1
-81 295 1 1
-81 296 1 1
-80 294 6 0
-81 296 5 0
-81 296 6 0
-83 294 5 0
-94 271 6 0
-94 271 7 0
-94 271 10 0
-93 270 8 0
-96 271 9 0
-95 272 8 0
-95 272 9 0
-95 271 9 0
-96 272 8 0
-95 271 8 0
-94 272 9 0
-94 273 8 0
-94 272 8 0
-93 272 9 0
-83 294 6 0
-78 291 6 0
-78 291 7 0
-78 291 5 0
-78 292 7 0
-78 289 6 0
-77 289 6 0
-78 289 7 0
-79 288 7 0
-77 288 6 0
-77 288 7 0
-65 271 9 0
-65 270 7 0
-65 270 9 0
-69 260 4 1
-70 262 4 1
-70 261 4 1
-70 260 4 1
-70 261 5 1
-70 261 10 0
-69 260 7 0
-69 260 8 0
-69 259 8 0
-96 253 3 1
-96 253 4 1
-56 280 5 1
-55 265 8 0
-57 265 8 0
-58 264 7 0
-58 264 6 0
-57 263 7 1
-57 263 8 0
-57 263 6 1
-56 262 7 1
-56 262 8 0
-56 262 6 1000
-55 263 7 0
-54 263 7 0
-55 263 8 0
-54 263 6 0
-56 264 8 0
-56 264 9 0
-56 264 5 1
-57 263 4 1
-56 263 4 1
-55 263 4 1
-58 261 6 6
-58 261 7 1000
-58 262 5 1
-57 260 5 1
-57 260 6 7
-57 260 7 1
-57 261 5 1
-56 260 5 1
-56 261 7 1000
-56 261 8 0
-55 262 7 0
-54 261 7 0
-55 262 8 0
-89 260 8 0
-77 285 2 1
-96 284 6 0
-74 265 6 1
-99 283 9 0
-99 283 8 0
-100 283 9 0
-100 283 8 0
-98 286 9 0
-99 286 10 0
-97 285 9 0
-97 284 8 0
-81 259 7 1
-65 270 8 0
-98 292 4 0
-97 295 6 0
-98 295 7 0
-98 295 6 0
-99 294 6 0
-99 294 7 0
-99 295 7 0
-100 294 6 0
-100 295 6 0
-100 295 7 0
-99 293 8 0
-99 293 5 0
-87 261 5 0
-86 261 3 1
-87 260 2 1
-87 261 2 1
-87 262 2 1
-86 260 2 1
-85 260 2 1
-99 256 9 0
-100 254 7 0
-100 253 8 0
-100 253 9 0
-99 279 8 0
-74 265 4 1
-84 259 4 1
-81 261 9 0
-78 261 10 0
-78 259 9 0
-78 260 9 0
-66 272 4 1
-66 271 4 1
-66 270 4 1
-67 272 4 1
-67 271 4 1
-67 270 4 1
-68 272 4 1
-68 271 4 1
-68 270 4 1
-100 279 9 0
-100 279 8 0
-95 254 6 0
-95 254 7 0
-79 262 3 1
-100 299 6 0
-69 258 7 1
-70 257 6 2
-56 250 8 0
-100 282 10 0
-100 282 9 0
-99 280 7 0
-99 281 7 0
-99 281 9 0
-99 280 8 0
-99 281 8 0
-100 280 9 0
-100 280 8 0
-100 262 2 1
-99 265 6 0
-99 265 7 0
-100 266 2 1
-100 270 7 1
-100 282 6 0
-56 265 7 0
-56 264 7 0
-56 265 6 0
-56 264 6 0
-54 265 7 0
-54 265 6 0
-56 266 8 0
-56 266 9 0
-56 266 4 1
-57 265 3 1
-57 266 3 1
-56 265 3 1
-56 266 3 1
-55 265 3 1
-55 266 3 1
-100 283 6 0
-100 283 10 0
-98 281 7 0
-98 281 9 0
-98 281 8 0
-100 281 9 0
-100 281 8 0
-63 253 8 1
-63 253 7 1
-63 252 9 1
-63 252 8 1
-63 252 7 1
-63 254 7 0
-63 254 9 0
-99 284 10 0
-63 254 8 0
-98 282 9 0
-90 258 7 0
-90 260 9 0
-99 282 9 0
-99 282 8 0
-97 283 8 0
-97 285 6 0
-98 284 9 0
-95 282 5 0
-95 282 9 0
-75 282 8 0
-74 284 7 0
-73 283 8 0
-73 282 8 0
-64 268 9 0
-72 282 7 0
-73 282 7 0
-100 254 6 0
-100 255 5 0
-100 254 5 0
-96 254 5 1
-96 254 4 1
-96 254 3 1
-96 253 5 1
-90 263 9 0
-90 264 9 0
-91 263 8 0
-91 263 10 0
-64 268 7 0
-63 268 9 0
-63 268 8 0
-64 268 8 0
-84 299 6 0
-99 254 11 0
-75 260 3 1
-75 261 3 1
-75 262 3 1
-74 260 3 1
-73 260 3 1
-99 298 6 0
-65 258 9 0
-79 287 6 0
-79 288 6 0
-80 288 7 0
-79 289 7 0
-80 288 6 0
-79 289 6 0
-81 289 7 0
-81 289 6 0
-79 290 7 0
-77 291 7 0
-77 291 6 0
-77 289 7 0
-85 297 5 0
-85 298 5 0
-87 298 5 0
-83 299 6 0
-74 264 5 1
-75 265 4 1
-99 253 11 0
-100 255 10 0
-97 255 10 0
-100 294 5 0
-58 255 8 0
-100 295 5 0
-98 251 6 0
-69 255 7 1
-81 264 8 0
-81 264 6 0
-64 259 9 0
-65 259 9 0
-65 259 8 0
-66 261 4 1
-66 260 4 1
-66 259 4 1
-67 260 5 1
-67 260 10 0
-65 258 7 0
-99 250 9 0
-85 258 4 1
-99 251 9 0
-99 251 7 0
-75 261 9 0
-59 257 9 0
-57 259 4 1
-58 258 4 1
-57 258 4 1
-61 255 5 1
-61 255 6 1
-61 256 6 1
-54 255 7 0
-53 254 4 1
-53 254 5 2
-53 254 6 1
-60 255 6 1
-55 252 5 2
-55 252 6 1
-54 252 5 3
-54 252 6 1
-53 252 4 1
-53 252 5 2
-53 252 6 1
-53 253 4 1
-53 253 5 1
-53 253 6 1
-98 294 7 0
-100 261 3 1
-99 261 3 1
-96 260 9 0
-96 260 8 0
-96 262 9 0
-96 280 7 0
-86 299 5 0
-68 257 4 1
-64 255 9 0
-64 255 7 0
-62 254 8 1
-60 256 5 2
-98 296 6 0
-97 295 5 0
-94 281 8 0
-94 297 7 0
-94 297 8 0
-94 297 6 0
-96 299 8 0
-97 297 7 0
-97 296 7 0
-76 283 8 0
-76 282 8 0
-76 280 7 0
-76 280 8 0
-74 281 7 0
-74 280 7 0
-74 281 8 0
-74 280 8 0
-73 280 7 0
-73 280 8 0
-74 282 9 0
-74 282 5 0
-64 267 8 0
-92 270 10 0
-95 296 7 0
-94 270 10 0
-94 273 10 0
-92 273 10 0
-91 273 10 0
-90 272 8 0
-90 272 10 0
-90 272 9 0
-93 273 11 0
-79 263 9 0
-77 262 9 0
-77 261 8 0
-78 262 8 0
-79 261 9 0
-79 261 8 1
-80 262 9 0
-80 264 9 0
-79 265 7 0
-60 257 9 0
-61 257 8 0
-60 257 8 0
-61 259 9 0
-61 259 8 0
-62 256 9 0
-62 255 9 0
-66 258 9 0
-66 257 8 0
-66 258 8 0
-66 261 8 0
-94 284 8 0
-64 261 8 0
-85 294 5 1
-85 294 4 1
-86 296 4 1
-86 295 6 1
-86 295 5 1
-86 295 4 1
-86 294 5 1
-86 294 4 1
-84 295 6 0
-97 251 7 0
-93 281 6 0
-93 281 7 0
-98 256 8 0
-94 278 5 0
-98 256 7 0
-99 257 8 0
-55 251 8 0
-55 250 10 0
-55 250 8 0
-95 252 8 0
-95 252 9 0
-95 252 7 0
-97 252 8 0
-97 252 9 0
-89 263 7 0
-88 262 6 0
-88 262 8 0
-88 262 7 0
-87 261 6 0
-87 261 8 0
-87 261 7 0
-86 253 11 0
-87 252 10 0
-86 251 11 0
-87 251 11 0
-86 251 10 0
-97 299 6 0
-97 299 7 0
-97 299 5 0
-98 298 6 0
-98 298 7 0
-97 298 6 0
-97 298 7 0
-96 299 6 0
-95 298 6 0
-96 299 7 0
-96 298 7 0
-95 298 7 0
-96 278 8 0
-96 279 6 0
-57 251 10 0
-57 251 9 0
-58 250 7 7
-59 250 8 1
-54 256 6 1
-54 257 4 1
-54 257 5 1
-54 257 6 1
-59 250 7 1
-97 251 9 0
-56 256 6 0
-56 256 7 0
-56 255 5 1
-56 254 5 1
-56 254 6 1
-56 255 4 1
-55 254 4 1
-55 254 5 2
-55 254 6 1000
-55 255 4 1
-55 255 5 2
-55 255 6 1
-97 251 8 0
-96 251 7 0
-96 251 9 0
-95 254 9 0
-68 262 8 0
-95 255 9 0
-95 256 8 0
-99 259 5 0
-55 257 6 0
-55 257 7 0
-55 258 5 1
-56 259 4 1
-55 259 5 1
-95 286 7 0
-98 261 7 0
-60 254 6 1
-59 253 6 1
-98 262 7 0
-57 255 6 0
-58 253 6 1
-57 253 6 1
-56 253 5 2
-56 253 6 1
-56 255 6 1000
-54 254 4 1
-54 254 5 1
-54 254 6 1
-54 255 4 1
-54 255 5 2
-54 255 6 1
-57 257 8 0
-95 284 7 0
-98 288 7 0
-72 257 6 1
-96 286 8 0
-86 261 7 0
-86 261 8 0
-88 259 7 1
-88 259 6 1
-87 260 7 1
-87 260 8 0
-87 259 5 1
-87 259 6 1
-87 259 7 1
-86 259 7 1
-86 260 5 2
-86 260 6 3
-86 260 7 1
-86 261 5 1
-88 261 8 0
-88 261 9 0
-88 261 5 0
-97 262 6 0
-99 251 4 2
-60 256 6 1
-100 251 6 0
-60 254 5 1
-61 253 4 1
-99 264 6 0
-99 264 7 0
-95 296 6 0
-67 271 10 0
-67 271 5 1
-93 260 5 0
-92 261 5 0
-90 259 2 1
-91 260 2 1
-90 258 6 0
-79 263 7 1
-100 265 2 1
-96 250 7 0
-56 252 8 0
-79 259 6 1
-79 259 7 1
-79 259 8 1
-79 262 8 0
-99 250 10 0
-99 250 11 0
-100 250 10 0
-100 250 9 0
-60 255 5 3
-62 255 7 0
-99 266 6 0
-100 266 7 0
-97 250 11 0
-99 251 10 0
-99 251 11 0
-100 251 10 0
-100 250 11 0
-100 251 9 0
-100 267 6 0
-93 268 9 0
-55 256 6 0
-55 256 7 0
-53 255 4 1
-53 255 5 2
-53 255 6 1
-53 256 4 1
-53 256 5 1
-53 256 6 1
-53 257 4 1
-53 257 5 1
-53 257 6 1
-56 258 4 1
-55 258 6 1
-58 259 4 1
-58 260 4 1
-56 261 6 1000
-59 258 4 1
-58 257 4 1
-55 257 5 5
-55 256 4 1
-55 257 4 1
-54 256 4 1
-54 256 5 4
-58 252 6 1
-57 252 6 1
-56 252 6 1
-55 255 7 0
-55 253 5 1
-55 253 6 1
-54 253 4 1
-54 253 5 3
-54 253 6 1
-93 268 8 0
-94 269 9 0
-93 269 9 0
-94 269 8 0
-95 270 9 0
-95 269 8 0
-81 261 3 1
-80 262 4 1
-82 263 6 0
-80 263 3 1
-80 262 3 1
-80 261 3 1
-79 262 4 1
-58 263 6 1
-78 263 6 1
-100 256 3 1
-99 256 3 1
-98 256 3 1
-100 256 8 0
-93 259 8 0
-94 258 8 0
-97 286 6 0
-98 285 7 0
-98 285 8 0
-98 285 6 0
-99 264 8 0
-97 284 7 0
-64 259 4 1
-64 258 4 1
-64 259 5 1
-64 259 10 0
-97 267 8 0
-95 267 9 0
-73 279 7 0
-72 279 7 0
-72 279 8 0
-74 280 9 0
-74 280 6 0
-54 262 5 2
-55 263 5 0
-58 263 5 1
-57 263 5 3
-57 262 5 9
-74 280 5 0
-71 279 8 0
-54 259 5 1
-55 258 4 1
-54 258 4 1
-54 258 5 1
-54 258 6 1
-54 259 4 1
-53 258 4 1
-53 258 5 1
-53 258 6 1
-53 259 4 1
-53 259 5 1
-53 259 6 1
-53 260 4 1
-71 280 7 0
-61 254 6 1
-69 274 8 0
-68 273 8 0
-97 280 7 0
-94 279 5 0
-94 279 6 0
-94 279 9 0
-93 278 6 0
-54 261 4 1
-54 262 4 1
-54 263 4 1
-53 261 4 1
-53 261 5 1
-53 261 6 1
-53 262 4 1
-53 262 5 1
-53 262 6 1
-53 263 4 1
-53 263 5 2
-53 263 6 1
-55 260 5 1
-55 261 5 1
-54 260 5 3
-55 259 4 1
-54 259 6 1
-54 260 4 1
-53 260 5 1
-53 260 6 1
-96 278 6 0
-69 271 8 0
-69 272 9 0
-69 272 7 0
-69 271 7 0
-68 272 8 0
-68 272 9 0
-55 264 5 0
-60 263 4 1
-60 264 4 1
-60 265 4 1
-59 264 4 1
-59 265 4 1
-58 265 4 1
-60 262 5 1
-61 261 4 1
-68 272 7 1
-61 261 5 2
-61 261 6 9
-61 262 4 1
-61 262 5 1
-61 262 6 3
-61 263 4 1
-61 263 5 1
-61 263 6 1
-60 261 4 1
-60 262 4 1
-60 263 5 1
-58 261 4 1
-58 262 4 1
-58 263 4 1
-69 273 10 0
-69 273 6 1
-100 254 8 0
-69 273 8 0
-67 272 8 0
-66 272 8 0
-53 264 4 1
-52 262 4 1
-52 262 5 1
-52 262 6 1
-52 263 4 1
-52 263 5 1
-52 263 6 1
-52 264 4 1
-52 264 5 1
-52 264 6 1
-59 266 7 1
-60 266 4 1
-59 266 4 1
-58 266 4 1
-66 272 9 0
-67 272 7 0
-66 272 7 0
-68 274 9 0
-69 271 9 0
-68 271 8 0
-68 270 8 0
-68 270 9 0
-68 271 7 0
-68 270 7 0
-99 291 5 0
-57 265 5 0
-59 263 6 0
-58 264 4 1
-99 291 9 0
-99 291 8 0
-68 272 10 0
-69 271 6 1
-97 262 7 0
-97 262 11 0
-97 262 10 0
-99 263 8 0
-99 263 9 0
-97 264 8 0
-97 263 8 0
-97 264 9 0
-93 259 3 1
-94 259 2 1
-94 260 2 1
-51 250 7 1
-54 250 8 0
-98 264 3 1
-74 257 7 1
-88 261 6 0
-89 262 7 0
-93 259 9 0
-92 258 8 0
-92 258 7 0
-93 258 8 0
-92 261 8 0
-98 274 7 1
-97 274 7 1
-56 254 8 0
-57 254 8 0
-100 281 10 0
-99 293 4 0
-99 279 9 0
-99 279 7 0
-100 277 8 0
-100 277 7 0
-100 251 4 0
-57 254 9 0
-61 252 8 1
-61 252 7 1
-62 254 7 1
-73 258 8 1
-76 260 5 1
-66 259 10 0
-66 259 5 1
-63 258 4 1
-63 259 4 1
-63 260 4 1
-93 260 6 0
-93 260 7 0
-93 258 6 0
-93 258 7 0
-76 264 9 0
-76 264 8 0
-76 263 7 0
-76 263 9 0
-81 291 1 1
-79 264 6 1
-79 263 6 2
-79 262 6 3
-80 262 6 1
-97 285 8 0
-97 285 7 0
-96 284 7 0
-95 285 6 0
-95 285 8 0
-95 285 7 0
-94 285 6 0
-94 285 8 0
-94 285 7 0
-93 283 7 0
-82 292 7 0
-100 254 3 1
-99 254 4 1
-98 256 6 1
-54 250 9 0
-55 250 9 0
-79 292 5 0
-77 264 9 0
-77 263 9 0
-80 263 10 0
-76 287 7 0
-80 259 8 1
-80 259 7 1
-80 259 6 1
-81 260 7 1
-95 296 8 0
-96 297 9 0
-96 297 5 0
-94 296 7 0
-98 254 9 0
-90 258 8 0
-90 258 12 0
-90 258 11 0
-89 256 9 0
-89 257 9 0
-89 257 11 0
-93 274 9 0
-94 273 9 0
-93 276 9 0
-91 275 9 0
-91 275 8 0
-94 276 10 0
-97 276 7 1
-98 275 7 1
-97 276 8 1
-92 278 7 0
-93 278 9 0
-92 278 8 0
-95 279 10 0
-95 279 9 0
-95 272 7 0
-72 260 9 0
-72 260 8 0
-72 261 8 0
-73 260 7 0
-73 260 9 0
-73 260 8 0
-75 258 6 1
-75 258 7 2
-90 271 9 0
-91 271 10 0
-67 269 9 0
-67 270 7 0
-67 269 7 0
-100 296 8 0
-100 296 7 0
-98 294 5 0
-84 259 5 1
-100 250 8 0
-97 282 8 0
-97 282 7 0
-96 283 6 0
-96 283 8 0
-96 283 7 0
-95 284 6 0
-95 283 6 0
-83 297 2 1
-83 297 7 0
-97 252 3 1
-97 251 4 1
-71 258 6 0
-60 257 7 1
-61 255 7 0
-82 295 6 0
-72 258 4 1
-92 259 5 0
-66 270 8 0
-98 254 8 0
-71 259 7 0
-96 254 6 0
-85 295 5 1
-56 251 8 0
-79 264 7 1
-81 265 7 0
-81 265 8 0
-81 263 8 0
-83 263 8 0
-80 262 7 1
-96 254 7 0
-100 264 2 1
-86 259 6 1
-86 259 5 1
-87 260 5 1
-88 259 5 1
-87 260 6 3
-99 254 8 0
-100 297 5 0
-98 292 5 0
-98 292 8 0
-100 291 6 0
-100 291 7 0
-99 291 7 0
-99 291 6 0
-100 292 7 0
-100 292 6 0
-100 293 7 0
-99 293 7 0
-57 254 7 1
-55 254 7 0
-71 262 4 1
-71 261 4 1
-71 260 4 1
-100 258 4 1
-100 260 6 0
-72 280 8 0
-72 280 7 0
-67 266 9 0
-67 261 7 0
-79 265 8 0
-96 256 7 0
-96 256 5 0
-96 257 6 0
-96 257 7 0
-96 257 5 0
-98 257 6 0
-98 258 6 0
-67 266 7 0
-65 266 8 0
-89 267 9 0
-89 251 11 0
-97 283 5 0
-97 283 9 0
-97 281 8 0
-97 281 7 0
-89 250 10 0
-89 250 11 0
-88 250 10 0
-88 250 11 0
-86 250 10 0
-86 250 11 0
-88 251 12 0
-88 251 9 0
-88 251 8 0
-85 250 10 0
-85 250 11 0
-85 250 9 0
-86 251 9 0
-87 252 9 0
-89 250 9 0
-87 250 11 0
-87 250 12 0
-87 250 9 0
-87 250 8 0
-87 250 10 0
-88 250 9 0
-98 285 5 0
-98 283 6 0
-99 290 2 1
-100 288 2 1
-100 289 3 1
-100 289 9 0
-100 289 2 1
-100 292 2 1
-100 291 2 1
-100 290 2 1
-62 254 6 1
-83 297 6 0
-84 298 7 0
-84 298 4 0
-98 287 10 0
-94 279 8 0
-95 278 7 0
-95 279 7 0
-95 278 8 0
-95 279 8 0
-96 277 7 0
-96 277 8 0
-94 277 9 0
-94 277 6 0
-93 267 9 0
-94 273 7 0
-96 274 7 0
-96 274 9 0
-96 274 8 0
-95 275 7 0
-74 263 3 1
-73 261 3 1
-73 262 3 1
-73 263 3 1
-72 261 3 1
-72 262 3 1
-72 263 3 1
-71 261 8 0
-70 261 8 0
-65 258 8 0
-57 250 4 1
-56 251 5 1
-67 258 8 0
-58 250 9 1
-59 252 6 1
-65 260 7 0
-65 260 9 0
-65 260 8 0
-71 262 9 0
-71 262 8 0
-51 278 4 0
-52 279 6 0
-52 279 7 0
-52 279 2 1
-53 278 1 1
-53 279 1 1
-52 278 1 1
-52 279 1 1
-51 278 1 1
-51 279 1 1
-85 294 6 1
-85 295 4 1
-84 294 4 1
-83 295 5 0
-83 296 6 0
-83 295 6 0
-82 296 5 0
-82 295 5 0
-67 258 7 1
-72 263 7 0
-95 274 7 0
-95 273 9 0
-79 265 9 0
-51 278 6 0
-51 280 6 0
-53 280 6 0
-53 279 4 0
-54 280 5 0
-54 280 6 0
-55 281 5 1
-54 281 3 1
-53 278 5 0
-54 278 6 0
-56 277 3 1
-56 277 4 2
-56 277 5 1
-54 277 5 0
-54 277 6 0
-56 275 3 1
-56 275 4 1
-56 275 5 1
-56 276 3 1
-56 276 4 2
-56 276 5 1
-55 275 3 1
-55 275 4 2
-55 275 5 1
-54 275 3 1
-53 277 5 0
-53 276 5 0
-53 276 6 0
-53 277 4 0
-53 276 4 0
-51 277 5 0
-51 277 6 0
-51 277 4 0
-53 278 6 0
-53 278 7 0
-53 278 2 1
-54 277 1 1
-54 278 1 1
-54 279 1 1
-53 277 1 1
-52 277 1 1
-98 296 7 0
-98 296 5 0
-99 296 6 0
-99 296 5 0
-94 281 6 0
-95 280 7 0
-52 278 6 0
-53 279 6 0
-55 277 6 0
-57 276 3 1
-57 276 4 1
-57 276 5 1
-57 277 3 1
-57 277 4 1
-57 277 5 1
-57 278 3 1
-57 278 4 1
-57 278 5 1
-55 275 6 1
-56 274 5 1
-56 274 6 1
-56 274 7 1
-56 275 6 1
-56 275 7 1
-56 276 7 1
-55 274 5 1
-55 274 6 2
-55 274 7 1
-55 275 7 1
-54 274 7 1
-56 274 3 1
-56 274 4 2
-55 274 3 1
-55 274 4 2
-54 274 3 1
-53 275 5 1
-53 275 6 1
-54 274 5 1000
-54 274 6 2
-54 275 6 1
-54 275 7 1
-53 274 5 1
-53 274 6 2
-53 274 7 1
-53 275 7 1
-52 274 5 1
-52 274 6 3
-52 274 7 1
-52 275 7 1
-53 275 4 0
-52 276 5 0
-51 276 5 0
-52 276 6 0
-52 276 4 0
-53 277 6 0
-53 277 7 0
-53 277 3 1
-54 276 2 1
-54 277 2 1
-54 278 2 1
-53 276 2 1
-53 277 2 1
-52 276 2 1
-52 277 2 1
-52 278 2 1
-63 262 10 0
-99 299 5 0
-99 299 6 0
-66 258 4 1
-81 260 8 0
-65 259 4 1
-62 259 8 0
-63 259 9 0
-64 260 8 0
-63 260 8 0
-63 260 9 0
-64 260 9 0
-51 276 6 0
-51 276 4 0
-52 277 6 0
-53 278 4 0
-55 276 6 0
-57 275 3 1
-57 275 4 1
-57 275 5 1
-54 275 5 1
-56 273 5 1
-56 273 6 1
-56 273 7 1
-55 273 5 1
-55 273 6 1
-55 273 7 1
-54 273 7 1
-56 273 3 1
-90 263 10 0
-90 263 8 0
-91 265 11 0
-91 265 7 0
-97 282 6 0
-89 263 10 0
-89 264 9 0
-98 260 9 0
-97 259 10 0
-97 259 9 0
-96 258 10 0
-96 258 9 0
-97 290 8 0
-95 290 7 0
-96 291 8 0
-97 292 9 0
-97 292 5 0
-96 289 8 0
-97 291 9 0
-97 291 10 0
-95 290 8 0
-97 288 8 0
-97 290 9 0
-97 290 10 0
-95 289 7 0
-77 263 8 1
-77 264 6 1
-77 264 7 1
-78 262 4 1
-76 262 3 1
-76 261 3 1
-76 260 3 1
-75 261 4 2
-76 259 8 1
-74 260 5 1
-91 259 9 0
-92 260 10 0
-92 261 10 0
-93 261 9 0
-92 261 9 0
-89 262 10 0
-89 261 10 0
-90 261 10 0
-99 262 6 0
-98 294 6 0
-100 260 4 1
-71 257 7 0
-90 264 10 0
-89 264 8 0
-91 264 10 0
-92 264 10 0
-92 264 8 0
-93 263 9 0
-93 263 10 0
-81 264 7 0
-82 263 7 0
-81 262 6 0
-94 274 6 0
-93 275 8 0
-93 275 7 0
-93 276 8 0
-59 255 7 1
-67 261 4 1
-68 262 9 0
-97 254 7 0
-97 254 9 0
-97 254 8 0
-96 253 9 0
-98 252 6 0
-64 257 4 1
-83 260 6 0
-56 257 7 1
-56 257 6 1
-56 257 5 1
-57 257 7 1
-60 260 5 1
-57 257 6 1000
-57 257 5 1
-57 256 6 1000
-57 256 5 1
-58 257 5 3
-58 256 6 1
-58 256 5 1
-59 256 6 1
-59 256 5 1
-62 261 4 1
-62 260 4 1
-59 257 6 1
-58 257 6 1000
-60 263 7 1
-60 263 6 1
-61 263 7 1
-60 262 6 1
-58 261 9 0
-62 262 6 1
-62 261 6 1
-62 260 6 1
-60 261 8 0
-60 261 7 1
-58 258 8 0
-58 260 9 0
-58 259 8 0
-81 260 6 1
-81 259 8 1
-76 285 2 1
-77 286 2 1
-100 291 8 0
-67 271 8 0
-78 285 2 1
-77 286 3 1
-77 286 8 0
-76 285 7 0
-76 285 6 0
-77 285 7 0
-77 286 7 0
-77 284 6 0
-77 285 6 0
-78 285 7 0
-78 285 6 0
-79 286 7 0
-79 286 6 0
-75 286 7 0
-76 286 7 0
-78 288 6 0
-77 289 2 1
-77 288 2 1
-77 287 2 1
-78 289 2 1
-78 288 2 1
-78 287 2 1
-79 289 2 1
-79 288 2 1
-79 287 2 1
-78 288 3 1
-93 280 6 0
-94 281 7 0
-77 287 7 0
-76 287 6 0
-77 287 6 0
-78 286 7 0
-78 287 7 0
-78 286 6 0
-78 287 6 0
-79 287 7 0
-76 289 6 0
-76 288 7 0
-93 280 8 0
-79 289 4 0
-79 289 5 0
-79 289 8 0
-97 284 6 0
-96 285 8 0
-96 285 9 0
-96 285 6 0
-96 285 5 0
-93 269 8 0
-92 269 8 0
-94 270 8 0
-93 271 8 0
-94 270 9 0
-93 270 9 0
-94 271 8 0
-94 271 9 0
-96 271 8 0
-96 270 9 0
-94 269 10 0
-94 269 7 0
-94 269 6 0
-96 288 7 0
-96 288 8 0
-96 288 6 0
-81 263 3 1
-81 262 3 1
-82 264 3 1
-97 287 6 0
-98 287 6 0
-71 276 9 0
-71 276 10 0
-71 276 6 0
-62 259 10 0
-64 255 4 1
-66 257 9 0
-84 261 9 0
-60 259 9 0
-60 259 8 1
-62 260 5 1
-63 260 5 1
-64 260 5 1
-63 261 10 0
-63 261 9 0
-61 259 7 1
-63 263 7 0
-63 263 9 0
-61 261 7 0
-96 259 6 0
-100 286 5 0
-61 261 8 0
-100 287 7 0
-100 287 5 0
-62 263 5 1
-62 262 5 1
-62 261 5 1
-63 263 5 1
-64 263 5 1
-55 251 9 0
-63 262 9 0
-62 261 7 1
-62 261 9 0
-63 262 8 0
-62 261 8 0
-66 258 5 2
-69 275 8 0
-68 275 8 0
-63 261 8 0
-68 275 9 0
-69 275 7 0
-68 275 7 0
-68 276 8 0
-69 276 9 0
-70 276 9 0
-72 275 9 0
-71 273 8 0
-71 273 9 0
-100 284 5 0
-70 274 8 0
-70 273 8 0
-70 273 9 0
-70 274 7 0
-63 253 9 1
-63 252 10 1
-63 253 10 1
-62 252 10 1
-62 253 10 1
-61 252 10 1
-61 253 10 1
-63 252 6 1
-63 253 6 1
-62 256 10 0
-62 256 5 1
-63 255 4 1
-66 266 4 1
-66 267 4 1
-65 265 4 1
-65 264 7 0
-62 263 9 0
-62 263 8 1
-61 262 7 2
-61 262 9 0
-66 257 6 1
-73 256 8 1
-64 263 4 1
-65 263 4 1
-64 264 5 1
-64 264 10 0
-64 264 9 0
-84 258 6 1
-100 269 5 1
-100 269 6 1
-100 269 7 1
-100 270 6 1
-84 258 5 1
-100 288 5 0
-100 269 4 1
-100 292 9 0
-100 292 8 0
-69 273 7 0
-70 275 9 0
-70 275 10 0
-70 275 6 0
-95 279 6 0
-97 280 6 0
-70 272 9 0
-97 263 7 0
-97 263 11 0
-63 266 4 1
-98 263 8 0
-98 263 9 0
-98 264 8 0
-98 264 9 0
-97 265 8 0
-97 265 9 0
-95 264 8 0
-96 264 8 0