DAV_OBMAP v3 cell_size=10
-151 -528 10 0
-151 -528 11 0
-151 -527 10 0
-151 -526 10 0
-151 -527 11 0
-151 -526 11 0
-152 -527 10 0
-152 -527 11 0
-152 -528 10 0
-153 -528 10 0
-152 -528 11 0
-153 -528 11 0
-152 -529 10 0
-151 -529 11 0
-152 -529 11 0
-151 -529 10 0
-151 -530 10 0
-151 -530 11 0
-151 -528 12 0
-151 -528 8 1
-152 -529 7 1
-152 -528 7 1
-152 -527 7 1
-151 -529 7 1
-151 -528 7 1
-151 -527 7 1
-153 -527 10 0
-153 -526 10 0
-153 -527 11 0
-153 -526 11 0
-154 -527 10 0
-154 -527 11 0
-154 -528 10 0
-155 -528 10 0
-154 -528 11 0
-155 -528 11 0
-153 -529 10 0
-154 -529 10 0
-153 -529 11 0
-154 -529 11 0
-153 -530 10 0
-189 -528 10 0
-188 -529 11 0
-188 -528 11 0
-189 -529 10 0
-189 -529 11 0
-188 -530 10 0
-189 -531 10 0
-188 -530 11 0
-188 -531 11 0
-187 -530 10 0
-187 -530 11 0
-186 -531 10 0
-186 -531 11 0
-187 -529 12 0
-187 -529 8 1
-188 -530 7 1
-188 -529 7 1
-188 -528 7 1
-187 -530 7 1
-187 -529 7 1
-187 -528 7 1
-188 -528 10 0
-189 -528 11 0
-190 -529 10 0
-191 -528 10 0
-190 -529 11 0
-190 -528 11 0
-190 -530 10 0
-191 -530 10 0
-190 -530 11 0
-191 -530 11 0
-191 -531 10 0
-190 -531 11 0
-189 -532 10 0
-189 -530 11 0
-189 -531 11 0
-189 -530 10 0
-188 -531 10 0
-189 -530 12 0
-189 -530 8 1
-190 -531 7 1
-190 -530 7 1
-190 -529 7 1
-189 -531 7 1
-189 -530 7 1
-189 -529 7 1
-188 -531 7 1
-190 -528 10 0
-191 -529 10 0
-191 -529 11 0
-191 -528 11 0
-192 -529 10 0
-193 -528 10 0
-192 -529 11 0
-192 -528 11 0
-192 -528 10 0
-192 -530 10 0
-193 -530 10 0
-192 -530 11 0
-193 -530 11 0
-193 -531 10 0
-192 -531 11 0
-192 -531 10 0
-191 -532 10 0
-191 -531 11 0
-190 -531 10 0
-191 -530 12 0
-191 -530 8 1
-192 -531 7 1
-192 -530 7 1
-192 -529 7 1
-191 -531 7 1
-191 -530 7 1
-191 -529 7 1
-161 -527 7 1
-160 -529 7 1
-160 -528 7 1
-160 -527 7 1
-161 -527 11 0
-162 -526 10 0
-162 -526 11 0
-163 -527 10 0
-164 -527 10 0
-163 -528 11 0
-164 -527 11 0
-163 -528 10 0
-164 -528 10 0
-164 -528 11 0
-163 -529 10 0
-164 -530 10 0
-163 -529 11 0
-164 -529 11 0
-162 -529 10 0
-162 -530 11 0
-161 -530 10 0
-162 -528 12 0
-162 -528 8 1
-163 -529 7 1
-163 -528 7 1
-163 -527 7 1
-162 -529 7 1
-162 -528 7 1
-162 -527 7 1
-163 -527 11 0
-164 -526 10 0
-164 -526 11 0
-165 -528 10 0
-166 -527 10 0
-165 -528 11 0
-165 -527 11 0
-166 -528 10 0
-166 -528 11 0
-165 -529 10 0
-166 -530 10 0
-165 -529 11 0
-164 -529 10 0
-164 -530 11 0
-163 -530 10 0
-164 -528 12 0
-164 -528 8 1
-165 -529 7 1
-165 -528 7 1
-165 -527 7 1
-164 -529 7 1
-164 -528 7 1
-164 -527 7 1
-174 -527 10 0
-174 -527 11 0
-165 -527 10 0
-166 -526 10 0
-166 -527 11 0
-166 -526 11 0
-167 -528 10 0
-168 -527 10 0
-167 -528 11 0
-167 -527 11 0
-168 -528 10 0
-168 -528 11 0
-174 -530 10 0
-174 -531 10 0
-167 -529 11 0
-174 -530 11 0
-174 -529 12 0
-174 -529 8 1
-175 -530 7 1
-175 -529 7 1
-175 -528 7 1
-174 -530 7 1
-174 -529 7 1
-174 -528 7 1
-173 -530 7 1
-167 -527 7 1
-166 -529 7 1
-166 -528 7 1
-166 -527 7 1
-175 -528 11 0
-176 -528 10 0
-176 -527 10 0
-176 -528 11 0
-176 -527 11 0
-177 -527 10 0
-177 -527 11 0
-177 -529 10 0
-178 -529 10 0
-177 -529 11 0
-178 -529 11 0
-177 -530 10 0
-177 -530 11 0
-176 -530 10 0
-176 -531 10 0
-176 -530 11 0
-176 -529 12 0
-176 -529 8 1
-177 -530 7 1
-177 -529 7 1
-177 -528 7 1
-176 -530 7 1
-176 -529 7 1
-176 -528 7 1
-168 -529 7 1
-168 -528 7 1
-168 -527 7 1
-177 -528 10 0
-177 -528 11 0
-178 -528 10 0
-178 -527 10 0
-178 -528 11 0
-178 -527 11 0
-179 -527 10 0
-179 -528 11 0
-179 -529 10 0
-180 -529 10 0
-179 -529 11 0
-180 -529 11 0
-179 -530 10 0
-179 -530 11 0
-178 -530 10 0
-178 -531 10 0
-178 -530 11 0
-178 -531 11 0
-178 -529 12 0
-178 -529 8 1
-179 -530 7 1
-179 -529 7 1
-179 -528 7 1
-178 -530 7 1
-178 -529 7 1
-178 -528 7 1
-170 -527 7 1
-179 -528 10 0
-180 -528 10 0
-180 -527 10 0
-180 -528 11 0
-180 -527 11 0
-181 -527 10 0
-181 -528 11 0
-181 -528 10 0
-181 -529 10 0
-182 -529 10 0
-181 -529 11 0
-180 -530 10 0
-181 -530 10 0
-180 -530 11 0
-181 -530 11 0
-180 -531 10 0
-180 -531 11 0
-180 -529 12 0
-180 -529 8 1
-181 -530 7 1
-181 -529 7 1
-181 -528 7 1
-180 -530 7 1
-180 -529 7 1
-180 -528 7 1
-172 -527 7 1
-182 -528 10 0
-182 -527 10 0
-182 -528 11 0
-182 -527 11 0
-183 -528 10 0
-183 -528 11 0
-183 -529 10 0
-184 -529 10 0
-182 -529 11 0
-183 -529 11 0
-182 -530 10 0
-183 -530 10 0
-182 -530 11 0
-183 -530 11 0
-182 -531 10 0
-182 -531 11 0
-182 -529 12 0
-182 -529 8 1
-183 -530 7 1
-183 -529 7 1
-183 -528 7 1
-182 -530 7 1
-182 -529 7 1
-182 -528 7 1
-183 -527 10 0
-183 -527 11 0
-184 -528 10 0
-185 -528 10 0
-184 -528 11 0
-185 -528 11 0
-185 -529 10 0
-184 -529 11 0
-185 -529 11 0
-184 -530 10 0
-185 -531 10 0
-184 -530 11 0
-185 -530 11 0
-185 -530 10 0
-183 -531 10 0
-183 -531 11 0
-183 -529 12 0
-183 -529 8 1
-184 -530 7 1
-184 -529 7 1
-184 -528 7 1
-185 -527 10 0
-185 -527 11 0
-186 -529 10 0
-187 -528 10 0
-186 -529 11 0
-187 -528 11 0
-187 -529 10 0
-187 -529 11 0
-186 -530 10 0
-187 -531 10 0
-186 -530 11 0
-187 -531 11 0
-185 -531 11 0
-184 -531 10 0
-184 -531 11 0
-185 -529 12 0
-185 -529 8 1
-186 -530 7 1
-186 -529 7 1
-186 -528 7 1
-185 -530 7 1
-185 -529 7 1
-185 -528 7 1
-186 -528 10 0
-186 -528 11 0
-187 -527 10 0
-188 -529 10 0
-199 -529 7 1
-199 -530 7 1
-199 -531 7 1
-200 -529 7 1
-200 -530 7 1
-200 -531 7 1
-199 -530 8 1
-199 -530 12 0
-199 -532 11 0
-199 -532 10 0
-199 -531 10 0
-200 -531 11 0
-199 -531 11 0
-200 -532 10 0
-200 -531 10 0
-200 -530 11 0
-200 -530 10 0
-200 -529 11 0
-195 -530 7 1
-195 -529 7 1
-197 -529 10 0
-197 -528 10 0
-197 -529 11 0
-197 -529 7 1
-197 -530 7 1
-197 -531 7 1
-198 -529 7 1
-198 -530 7 1
-198 -531 7 1
-197 -530 8 1
-197 -530 12 0
-197 -532 11 0
-197 -532 10 0
-197 -531 10 0
-198 -529 11 0
-198 -530 10 0
-153 -530 11 0
-153 -528 12 0
-153 -528 8 1
-154 -529 7 1
-154 -528 7 1
-154 -527 7 1
-153 -529 7 1
-153 -528 7 1
-153 -527 7 1
-195 -530 11 0
-194 -531 10 0
-194 -531 11 0
-193 -532 10 0
-193 -531 11 0
-193 -532 11 0
-193 -530 12 0
-155 -527 10 0
-155 -526 10 0
-155 -527 11 0
-155 -526 11 0
-156 -527 10 0
-156 -527 11 0
-156 -528 10 0
-157 -528 10 0
-156 -528 11 0
-155 -529 10 0
-156 -530 10 0
-155 -529 11 0
-156 -529 11 0
-156 -529 10 0
-155 -530 10 0
-155 -530 11 0
-155 -528 12 0
-155 -528 8 1
-156 -529 7 1
-156 -528 7 1
-156 -527 7 1
-155 -529 7 1
-155 -528 7 1
-155 -527 7 1
-196 -530 11 0
-197 -530 11 0
-196 -531 10 0
-196 -531 11 0
-195 -531 10 0
-195 -532 10 0
-195 -531 11 0
-157 -527 10 0
-157 -526 10 0
-157 -527 11 0
-157 -526 11 0
-158 -527 10 0
-157 -528 11 0
-158 -527 11 0
-158 -528 10 0
-159 -528 10 0
-158 -528 11 0
-157 -529 10 0
-158 -530 10 0
-157 -529 11 0
-158 -529 11 0
-157 -530 10 0
-157 -530 11 0
-157 -528 12 0
-157 -528 8 1
-158 -529 7 1
-158 -528 7 1
-158 -527 7 1
-157 -529 7 1
-157 -528 7 1
-157 -527 7 1
-199 -530 10 0
-198 -530 11 0
-199 -530 11 0
-198 -531 10 0
-197 -531 11 0
-198 -531 11 0
-158 -526 10 0
-158 -526 11 0
-159 -527 10 0
-160 -527 10 0
-159 -528 11 0
-160 -527 11 0
-160 -528 10 0
-160 -528 11 0
-159 -529 10 0
-160 -530 10 0
-159 -529 11 0
-160 -529 11 0
-158 -529 10 0
-158 -530 11 0
-158 -528 12 0
-158 -528 8 1
-159 -529 7 1
-159 -528 7 1
-159 -527 7 1
-198 -529 10 0
-197 -528 11 0
-199 -529 10 0
-199 -528 10 0
-199 -529 11 0
-199 -528 11 0
-200 -529 10 0
-159 -527 11 0
-160 -526 10 0
-160 -526 11 0
-161 -527 10 0
-162 -527 10 0
-161 -528 11 0
-162 -527 11 0
-161 -528 10 0
-162 -528 10 0
-162 -528 11 0
-161 -529 10 0
-162 -530 10 0
-161 -529 11 0
-162 -529 11 0
-160 -529 10 0
-160 -530 11 0
-159 -530 10 0
-160 -528 12 0
-160 -528 8 1
-161 -529 7 1
-161 -528 7 1
-195 -531 7 1
-196 -529 7 1
-196 -530 7 1
-196 -531 7 1
-195 -530 8 1
-195 -530 12 0
-195 -532 11 0
-197 -530 10 0
-196 -530 10 0
-196 -529 11 0
-196 -528 10 0
-196 -529 10 0
-195 -528 11 0
-195 -529 11 0
-195 -528 10 0
-195 -529 10 0
-193 -529 7 1
-193 -530 7 1
-193 -531 7 1
-194 -529 7 1
-194 -530 7 1
-194 -531 7 1
-193 -530 8 1
-194 -530 11 0
-195 -530 10 0
-194 -530 10 0
-194 -529 11 0
-194 -528 10 0
-194 -529 10 0
-193 -528 11 0
-193 -529 11 0
-193 -529 10 0
-167 -528 7 1
-167 -529 7 1
-167 -530 11 0
-168 -530 10 0
-167 -529 10 0
-172 -528 7 1
-172 -529 7 1
-173 -527 7 1
-173 -528 7 1
-173 -529 7 1
-172 -528 8 1
-172 -528 12 0
-172 -530 11 0
-172 -529 11 0
-172 -530 10 0
-172 -529 10 0
-173 -530 11 0
-173 -529 11 0
-173 -530 10 0
-173 -529 10 0
-174 -528 11 0
-174 -528 10 0
-173 -527 11 0
-173 -528 11 0
-173 -527 10 0
-173 -528 10 0
-172 -527 11 0
-172 -526 10 0
-172 -527 10 0
-170 -528 7 1
-170 -529 7 1
-171 -527 7 1
-171 -528 7 1
-171 -529 7 1
-170 -528 8 1
-170 -528 12 0
-170 -530 11 0
-170 -529 11 0
-170 -530 10 0
-170 -529 10 0
-171 -530 11 0
-171 -529 11 0
-171 -530 10 0
-171 -529 10 0
-172 -528 11 0
-172 -528 10 0
-171 -527 11 0
-171 -528 11 0
-171 -527 10 0
-171 -528 10 0
-170 -527 11 0
-170 -526 10 0
-170 -527 10 0
-169 -527 7 1
-169 -528 7 1
-169 -529 7 1
-168 -528 8 1
-168 -528 12 0
-167 -530 10 0
-168 -530 11 0
-168 -529 11 0
-168 -529 10 0
-169 -530 11 0
-169 -529 11 0
-169 -530 10 0
-169 -529 10 0
-170 -528 11 0
-170 -528 10 0
-169 -527 11 0
-169 -528 11 0
-169 -527 10 0
-169 -528 10 0
-168 -527 11 0
-168 -526 10 0
-167 -527 10 0
-166 -528 8 1
-166 -528 12 0
-165 -530 11 0
-165 -530 10 0
-166 -530 11 0
-166 -529 11 0
-166 -529 10 0
-175 -528 10 0
-175 -527 10 0
-175 -527 11 0
-175 -529 10 0
-176 -529 10 0
-175 -529 11 0
-176 -529 11 0
-175 -530 10 0
-174 -529 11 0
-175 -530 11 0
-174 -529 10 0