DAV_OBMAP v3 cell_size=10
-14 -106 4 1
-13 -101 2 1
-13 -101 3 2
-44 -101 3 1
-46 -101 3 0
-12 -103 -1 1
-12 -103 0 2
-12 -103 1 1
-11 -103 -1 1
-11 -103 0 2
-11 -103 1 2
-13 -107 4 0
-18 -103 2 1
-39 -129 6 0
-38 -128 7 0
-38 -129 7 0
-5 -121 -1 1
-38 -129 6 0
-37 -130 7 0
-1 -122 -1 1
-2 -122 -1 1
-3 -122 0 1
-25 -115 6 0
-3 -123 1 1
-1 -117 -1 1
-1 -117 0 1
-1 -117 1 1
-5 -116 1 1
-4 -116 -1 1
-4 -116 0 1
-44 -138 5 1
-4 -115 0 1
-26 -111 4 1
-4 -114 0 1
-4 -114 1 1
-25 -113 5 1
-25 -112 3 1
-5 -121 0 1
-5 -121 1 1
-5 -121 2 1
-4 -121 0 2
-4 -121 1 1
-4 -121 2 1
-3 -121 0 2
-3 -121 1 1
-3 -120 0 1
-2 -120 0 2
-3 -121 -1 1
-3 -120 -1 1
-2 -121 -1 1
-2 -121 0 1
-2 -121 1 1
-2 -120 -1 1
-2 -120 1 1
-1 -121 -1 1
-1 -121 0 2
-1 -121 1 1
-1 -120 -1 1
-14 -104 2 1
-14 -104 3 2
-14 -104 4 1
-13 -104 2 1
-13 -104 3 2
-13 -104 4 2
-13 -103 2 1
-13 -103 3 2
-13 -103 4 1
-13 -102 2 1
-13 -102 3 2
-13 -102 4 1
-25 -112 5 1
-25 -111 3 1
-25 -111 4 1
-24 -101 1 1
-24 -101 2 1
-24 -101 3 1
-12 -102 1 1
-12 -101 -1 1
-12 -101 0 2
-23 -101 3 1
-25 -111 5 1
-22 -101 3 1
-24 -113 3 1
-15 -105 -1 1
-15 -105 0 2
-20 -101 0 1
-20 -101 1 2
-20 -101 2 1
-14 -104 -1 1
-14 -104 0 2
-14 -104 1 1
-13 -104 -1 1
-46 -142 6 0
-13 -104 1 1
-45 -142 6 0
-20 -101 -1 1
-20 -107 1 1
-20 -107 0 2
-22 -104 3 1
-22 -104 2 1
-22 -105 4 1
-22 -105 3 2
-22 -105 2 1
-20 -104 5 1
-5 -117 0 1
-17 -150 3 0
-13 -149 3 0
-16 -148 3 0
-13 -150 2 1
-14 -148 2 1
-16 -149 2 0
-13 -149 2 1
-5 -117 1 1
-4 -117 -1 1
-1 -107 6 1
-1 -107 7 1
-28 -112 4 1
-28 -112 5 1
-3 -119 3 0
-3 -107 4 0
-4 -103 4 0
-4 -106 3 1
-4 -105 1 1
-4 -105 2 1
-4 -104 1 1
-4 -104 2 1
-4 -104 3 1
-4 -103 1 1
-4 -103 2 1
-4 -103 3 1
-3 -105 1 1
-3 -104 1 1
-3 -103 1 1
-3 -103 2 2
-3 -103 3 1
-2 -105 1 1
-15 -149 5 0
-2 -103 1 1
-16 -150 5 0
-13 -149 4 0
-1 -118 0 2
-15 -148 4 0
-1 -119 -1 1
-14 -148 4 0
-5 -117 -1 1
-14 -150 3 0
-13 -150 3 0
-15 -149 3 0
-15 -148 3 0
-21 -102 -1 1
-2 -130 3 0
-1 -132 2 0
-23 -102 3 1
-22 -104 1 2
-3 -130 2 1
-20 -104 1 1
-1 -130 2 1
-3 -131 2 1
-3 -129 0 1
-3 -129 1 1
-3 -129 2 1
-2 -130 2 1
-2 -129 0 1
-2 -129 1 1
-2 -129 2 1
-1 -130 0 1
-1 -130 1 1
-1 -129 2 1
-20 -104 -1 1
-1 -130 -1 1
-20 -106 -1 1
-20 -106 0 2
-20 -106 1 1
-20 -105 -1 1
-20 -105 0 2
-20 -105 1 1
-19 -106 -1 1
-19 -106 0 1
-19 -106 1 1
-47 -101 3 0
-25 -111 2 0
-28 -106 0 2
-29 -107 -1 1
-29 -107 0 2
-29 -107 1 1
-29 -106 -1 1
-29 -106 0 2
-29 -106 1 2
-29 -105 -1 1
-29 -105 0 1
-29 -105 1 1
-28 -106 -1 1
-28 -106 1 1
-21 -106 3 2
-21 -106 4 1
-21 -106 5 1
-17 -103 5 1
-16 -103 5 1
-15 -105 5 1
-20 -103 4 1
-20 -102 4 1
-23 -105 3 2
-2 -131 4 0
-23 -104 4 1
-1 -129 4 0
-22 -106 3 2
-22 -106 4 1
-21 -106 2 1
-22 -103 0 1
-22 -102 0 1
-21 -105 1 1
-2 -129 -1 1
-2 -128 -1 1
-2 -128 0 1
-2 -128 1 1
-21 -106 -1 1
-21 -106 0 2
-21 -106 1 1
-21 -105 -1 1
-21 -105 0 2
-16 -102 5 1
-18 -103 5 1
-20 -104 2 1
-20 -104 3 2
-20 -104 4 1
-19 -104 2 1
-19 -104 3 2
-19 -104 4 1
-17 -102 5 1
-18 -105 2 1
-18 -101 5 1
-17 -101 5 1
-16 -101 5 1
-29 -107 4 1
-29 -106 4 0
-31 -107 3 0
-31 -108 3 0
-31 -109 2 0
-31 -105 3 1
-31 -104 1 1
-31 -104 2 2
-31 -104 3 1
-30 -103 1 1
-30 -103 2 1
-30 -103 3 1
-29 -103 1 1
-29 -103 2 1
-29 -103 3 1
-32 -107 2 1
-32 -106 2 1
-32 -105 0 2
-32 -105 1 2
-32 -105 2 1
-32 -104 0 1
-32 -104 1 2
-32 -104 2 1
-31 -104 0 1
-30 -104 0 1
-30 -104 -1 1
-30 -103 -1 1
-30 -103 0 1
-31 -120 7 0
-30 -120 7 0
-21 -108 6 0
-31 -120 8 0
-31 -119 7 0
-32 -120 8 0
-31 -119 8 0
-22 -110 7 0
-23 -110 7 0
-22 -111 6 0
-23 -111 6 0
-41 -136 3 1
-41 -136 4 1
-20 -102 0 2
-20 -102 -1 1
-41 -136 5 1
-15 -108 1 1
-15 -108 0 1
-15 -108 -1 1
-16 -107 1 1
-16 -107 0 1
-16 -107 -1 1
-16 -104 0 2
-16 -104 1 2
-7 -114 1 1
-7 -114 0 2
-7 -115 2 1
-45 -141 7 0
-44 -141 7 0
-3 -101 11 1
-3 -101 12 1
-3 -101 13 1
-2 -101 11 1
-2 -101 12 1
-1 -101 11 1
-1 -101 12 1
-2 -107 10 1
-2 -107 11 1
-2 -107 12 1
-1 -107 10 1
-1 -107 11 1
-1 -107 12 1
-7 -109 0 1
-7 -109 -1 1
-7 -108 2 1
-7 -110 2 0
-1 -103 8 1
-11 -109 1 1
-11 -110 1 2
-10 -109 2 1
-12 -109 1 2
-12 -110 3 1
-12 -110 2 1
-12 -110 1 1
-13 -109 3 1
-13 -109 1 1
-13 -110 3 1
-13 -110 2 1
-13 -110 1 1
-14 -108 3 1
-14 -109 3 1
-14 -109 2 1
-14 -109 1 1
-14 -110 3 1
-14 -110 2 1
-14 -110 1 1
-25 -111 1 1
-24 -111 -1 1
-24 -111 0 1
-24 -111 1 1
-23 -111 -1 1
-23 -111 0 1
-23 -111 1 1
-27 -107 -1 1
-5 -104 15 0
-4 -104 14 0
-3 -103 13 1
-50 -146 6 0
-49 -146 6 0
-50 -145 7 0
-50 -145 8 0
-50 -145 6 0
-21 -110 3 1
-21 -110 4 1
-48 -145 5 1
-48 -145 4 1
-48 -145 3 1
-48 -146 5 1
-48 -146 4 1
-48 -146 3 1
-45 -140 5 1
-23 -110 5 1
-13 -102 7 0
-14 -103 5 1
-14 -103 6 0
-14 -103 9 0
-14 -101 7 0
-14 -102 7 0
-13 -102 8 0
-12 -102 7 0
-11 -102 7 0
-13 -104 8 0
-18 -109 7 0
-42 -136 3 1
-12 -108 2 1
-12 -107 0 1
-12 -107 1 2
-12 -107 2 1
-12 -106 0 1
-12 -106 1 2
-11 -104 0 2
-12 -105 -1 1
-12 -105 0 2
-12 -105 1 1
-12 -104 -1 1
-12 -104 0 2
-12 -104 1 1
-11 -105 -1 1
-11 -105 0 2
-11 -105 1 1
-11 -104 -1 1
-11 -104 1 1
-10 -105 -1 1
-10 -105 0 2
-10 -105 1 1
-10 -104 -1 1
-10 -104 0 2
-10 -104 1 1
-10 -103 -1 1
-10 -103 0 1
-10 -103 1 1
-15 -107 0 2
-16 -108 -1 1
-16 -108 0 1
-16 -108 1 1
-41 -135 3 1
-41 -135 4 1
-41 -135 5 1
-41 -134 3 1
-16 -101 1 1
-16 -101 0 2
-16 -101 -1 1
-16 -102 1 1
-16 -102 0 2
-47 -144 3 1
-47 -145 5 1
-47 -145 4 1
-47 -145 3 1
-48 -143 5 1
-48 -143 4 1
-17 -103 -1 1
-18 -103 1 1
-18 -103 0 2
-18 -103 -1 1
-17 -107 4 1
-17 -107 5 1
-17 -106 3 1
-17 -106 4 1
-17 -106 5 1
-2 -123 4 0
-1 -120 4 0
-1 -122 4 0
-1 -122 3 0
-2 -122 4 0
-1 -121 4 0
-19 -108 6 0
-18 -108 8 0
-29 -117 7 1
-18 -108 7 0
-19 -108 7 0
-28 -117 8 0
-29 -116 7 1
-29 -116 8 0
-30 -116 7 1
-27 -113 6 0
-49 -148 7 0
-26 -112 5 1
-50 -149 8 0
-50 -149 7 0
-21 -109 5 1
-21 -109 4 2
-21 -109 3 1
-21 -110 5 1
-42 -136 6 0
-4 -105 16 0
-4 -102 16 0
-4 -104 16 0
-3 -106 17 0
-2 -106 17 0
-4 -105 17 0
-3 -106 18 0
-3 -105 18 0
-4 -103 16 0
-2 -106 16 0
-4 -103 17 0
-1 -106 17 0
-4 -104 18 0
-3 -102 18 0
-1 -105 18 0
-3 -104 19 0
-1 -104 19 0
-3 -105 16 0
-3 -102 16 0
-4 -104 17 0
-3 -104 17 0
-3 -105 17 0
-2 -104 18 0
-3 -103 16 0
-3 -104 16 0
-1 -105 17 0
-2 -105 18 0
-3 -103 18 0
-2 -104 19 0
-2 -101 15 1
-2 -101 14 1
-2 -101 13 1
-3 -104 15 1
-3 -104 14 1
-3 -104 13 1
-3 -105 15 1
-3 -105 14 1
-3 -105 13 1
-3 -106 15 1
-3 -106 14 1
-3 -106 13 1
-1 -106 16 1
-3 -103 17 0
-2 -105 17 0
-3 -102 17 0
-3 -104 18 0
-2 -101 18 0
-2 -102 18 0
-1 -104 13 1
-2 -102 15 1
-11 -108 -1 1
-5 -132 3 0
-3 -134 3 0
-4 -133 3 0
-3 -135 3 0
-6 -133 4 0
-26 -106 -1 1
-26 -107 0 2
-26 -107 -1 1
-23 -109 2 1
-26 -108 1 2
-25 -103 3 1
-25 -109 4 1
-25 -109 3 2
-25 -109 2 1
-26 -109 4 1
-26 -109 3 2
-26 -109 2 1
-27 -109 4 1
-27 -109 3 2
-27 -109 2 1
-20 -109 2 1
-21 -109 2 1
-22 -109 2 1
-26 -105 4 1
-25 -108 1 1
-25 -108 0 2
-25 -108 -1 1
-25 -109 1 1
-12 -143 1 1
-39 -149 1 1
-39 -149 0 1
-39 -150 2 1
-39 -150 1 1
-24 -107 0 2
-24 -107 -1 1
-24 -108 1 1
-24 -108 0 2
-24 -108 -1 1
-22 -109 1 1
-22 -109 0 2
-22 -109 -1 1
-41 -101 0 2
-37 -109 1 1
-37 -109 2 1
-37 -109 3 1
-35 -106 -1 1
-5 -132 4 0
-2 -134 3 0
-35 -105 0 1
-34 -104 6 0
-35 -105 6 0
-34 -103 6 0
-36 -104 6 0
-33 -103 5 0
-35 -103 5 0
-33 -105 5 0
-34 -103 4 0
-36 -103 5 0
-7 -113 5 0
-7 -113 4 0
-17 -106 0 2
-33 -105 2 1
-33 -104 1 2
-33 -104 2 1
-32 -102 2 2
-33 -101 1 1
-33 -101 2 1
-32 -103 1 1
-32 -103 2 1
-32 -102 1 1
-32 -102 3 1
-32 -101 1 1
-32 -101 2 1
-32 -101 3 1
-10 -106 1 2
-10 -107 0 1
-10 -107 1 2
-10 -106 0 1
-10 -106 2 1
-10 -105 2 1
-9 -107 0 1
-9 -107 1 1
-9 -107 2 1
-9 -106 0 1
-9 -106 1 2
-9 -106 2 1
-9 -105 0 1
-9 -105 1 2
-9 -105 2 1
-12 -108 -1 1
-12 -107 -1 1
-12 -143 0 1
-11 -108 0 1
-11 -108 1 1
-11 -107 -1 1
-11 -106 -1 1
-10 -108 -1 1
-10 -108 0 2
-10 -108 1 1
-10 -107 -1 1
-10 -106 -1 1
-9 -147 -1 1
-9 -147 0 1
-9 -147 1 1
-9 -146 -1 1
-9 -146 0 1
-9 -146 1 1
-9 -145 -1 1
-41 -150 -1 1
-41 -149 -1 1
-40 -150 -1 1
-40 -149 -1 1
-48 -147 5 1
-48 -147 4 1
-48 -147 3 2
-48 -141 4 1
-48 -141 5 1
-50 -150 7 0
-47 -141 4 1
-25 -110 7 0
-25 -110 8 0
-2 -126 1 1
-2 -126 0 1
-46 -141 8 0
-41 -138 6 0
-48 -142 4 1
-48 -142 3 1
-12 -146 2 1
-11 -148 0 1
-11 -148 1 1
-11 -147 0 2
-11 -147 2 1
-11 -146 0 1
-11 -146 1 1
-11 -146 2 1
-10 -148 0 1
-10 -148 1 1
-10 -148 2 1
-10 -147 0 1
-10 -147 1 1
-10 -147 2 1
-10 -146 0 2
-10 -146 1 1
-12 -147 5 0
-12 -143 2 0
-20 -106 2 1
-14 -148 5 0
-13 -149 5 0
-24 -106 2 2
-24 -106 3 2
-24 -106 4 1
-24 -105 2 2
-24 -105 3 1
-24 -105 4 1
-24 -104 2 2
-24 -104 3 1
-24 -104 4 1
-23 -103 4 1
-23 -102 4 1
-10 -141 -1 1
-10 -142 1 1
-10 -142 0 2
-10 -142 -1 1
-11 -140 1 1
-11 -140 0 1
-11 -140 -1 1
-12 -140 1 1
-12 -140 0 1
-12 -140 -1 1
-9 -142 1 1
-10 -141 2 0
-8 -143 2 0
-9 -143 2 0
-11 -141 2 1
-9 -141 2 0
-10 -142 2 0
-11 -141 3 1
-8 -142 3 0
-9 -142 3 0
-12 -142 3 0
-9 -141 3 0
-12 -143 3 0
-9 -143 4 0
-9 -143 3 0
-11 -141 4 1
-9 -142 4 0
-12 -142 4 0
-10 -144 4 0
-10 -142 4 0
-10 -143 5 0
-10 -143 1 1
-10 -143 0 1
-10 -143 -1 1
-9 -144 1 1
-11 -141 0 2
-14 -146 3 0
-11 -145 3 0
-11 -147 4 0
-11 -147 3 0
-13 -145 4 0
-11 -146 4 0
-12 -146 3 0
-11 -148 4 0
-15 -147 -1 1
-11 -149 2 1
-11 -150 2 1
-13 -148 2 1
-13 -145 2 1
-13 -145 1 2
-13 -145 0 1
-13 -146 1 1
-13 -146 0 1
-14 -145 2 1
-14 -145 1 1
-14 -145 0 1
-14 -146 2 1
-14 -146 0 1
-15 -145 2 1
-15 -145 1 1
-15 -145 0 1
-15 -146 2 1
-15 -146 1 1
-15 -146 0 1
-15 -147 2 1
-15 -147 1 1
-15 -147 0 1
-14 -146 1 2
-10 -146 2 1
-1 -112 6 0
-2 -113 6 0
-1 -111 5 0
-3 -112 5 0
-1 -112 4 0
-9 -134 2 1
-2 -111 5 0
-3 -113 5 0
-1 -111 4 0
-3 -111 4 0
-3 -114 4 0
-2 -111 4 0
-2 -110 4 0
-3 -113 4 0
-11 -135 2 1
-2 -112 3 0
-27 -113 4 2
-21 -109 6 0
-22 -108 7 0
-21 -111 3 1
-38 -133 6 0
-8 -111 0 2
-9 -109 3 0
-40 -131 5 0
-40 -131 4 0
-48 -144 6 0
-26 -116 7 0
-26 -115 8 0
-3 -117 4 0
-6 -117 3 0
-5 -118 3 0
-47 -146 7 0
-11 -112 3 0
-7 -110 3 0
-7 -117 2 0
-4 -116 2 0
-5 -118 2 1
-10 -135 0 1
-10 -135 -1 1
-11 -136 0 1
-8 -135 3 1
-8 -135 2 2
-8 -135 1 1
-8 -136 2 1
-9 -135 3 1
-9 -135 2 2
-9 -135 1 2
-10 -135 3 1
-10 -135 2 1
-10 -135 1 1
-7 -136 2 1
-8 -136 3 1
-6 -137 3 0
-7 -136 3 1
-6 -138 3 0
-9 -136 4 0
-7 -137 4 0
-17 -105 -1 1
-17 -105 0 1
-16 -105 1 1
-49 -102 -1 1
-46 -149 3 1
-46 -150 2 1
-45 -150 -1 1
-23 -102 0 1
-24 -105 -1 1
-24 -105 0 2
-24 -104 -1 1
-24 -104 0 1
-24 -103 -1 1
-24 -103 0 1
-24 -103 1 1
-23 -105 -1 1
-23 -104 -1 1
-23 -103 -1 1
-22 -103 -1 1
-22 -107 -1 1
-22 -107 0 2
-22 -107 1 1
-21 -107 2 1
-23 -108 3 1
-26 -106 0 1
-26 -105 -1 1
-26 -105 0 1
-24 -108 5 1
-24 -110 -1 1
-24 -110 0 2
-24 -110 1 1
-26 -108 0 2
-27 -109 0 2
-28 -110 -1 1
-28 -110 0 2
-28 -110 1 2
-28 -109 -1 1
-28 -109 0 2
-28 -109 1 2
-28 -108 -1 1
-28 -108 5 1
-28 -107 4 1
-27 -107 0 2
-27 -110 2 1
-27 -110 3 2
-27 -110 4 1
-29 -110 2 1
-29 -110 3 1
-29 -110 4 1
-29 -109 2 2
-29 -109 3 2
-29 -109 4 1
-29 -108 2 1
-29 -108 3 1
-29 -108 4 1
-28 -110 2 2
-28 -110 3 2
-28 -110 4 1
-28 -109 2 2
-28 -108 2 1
-27 -111 2 2
-28 -112 1 1
-8 -104 1 1
-8 -104 0 1
-9 -104 1 1
-9 -104 0 1
-10 -105 3 0
-31 -104 -1 1
-32 -106 4 0
-31 -106 5 0
-33 -107 4 0
-33 -106 2 1
-34 -107 2 0
-33 -103 0 1
-32 -103 0 1
-31 -103 0 1
-34 -110 -1 1
-34 -110 0 1
-34 -110 1 1
-34 -109 -1 1
-34 -109 0 1
-34 -109 1 1
-34 -108 -1 1
-4 -117 2 1
-3 -117 2 0
-28 -113 7 0
-45 -149 3 0
-27 -115 7 0
-16 -102 -1 1
-45 -150 4 0
-16 -103 0 2
-16 -103 -1 1
-17 -103 1 1
-16 -106 6 0
-17 -105 7 0
-37 -124 7 0
-36 -123 6 0
-36 -123 8 0
-36 -123 7 0
-36 -124 7 0
-34 -124 6 0
-34 -124 8 0
-9 -112 -1 1
-9 -112 2 1
-18 -104 8 0
-33 -122 6 0
-33 -122 5 0
-32 -121 8 0
-33 -121 8 0
-32 -120 7 0
-33 -121 7 0
-46 -138 5 1
-45 -139 3 1
-45 -139 5 1
-1 -127 -1 1
-2 -127 1 1
-2 -127 0 1
-3 -111 3 0
-3 -114 3 0
-1 -111 3 0
-3 -112 3 0
-9 -134 -1 1
-2 -114 2 0
-2 -111 2 1
-8 -134 0 1
-5 -138 2 1
-4 -134 1 2
-5 -133 2 1
-4 -135 2 1
-5 -135 2 1
-4 -134 2 1
-4 -136 2 0
-6 -133 3 0
-4 -135 3 0
-5 -133 3 0
-5 -134 3 0
-4 -136 3 0
-4 -134 4 0
-5 -136 4 0
-42 -104 6 1
-42 -103 2 1
-42 -104 2 1
-8 -107 1 1
-45 -150 0 2
-45 -150 1 2
-45 -149 -1 1
-45 -149 0 1
-45 -149 1 1
-45 -148 -1 1
-3 -107 11 0
-4 -106 10 0
-2 -106 8 1
-2 -105 8 2
-2 -104 8 2
-1 -106 8 1
-1 -105 8 2
-1 -104 8 1
-46 -148 2 1
-46 -147 0 1
-46 -147 1 1
-46 -147 2 1
-46 -146 0 1
-46 -146 1 1
-46 -146 2 1
-45 -150 2 1
-45 -149 2 1
-45 -148 2 1
-46 -150 4 0
-45 -150 3 1
-46 -148 3 1
-46 -148 4 1
-46 -147 3 1
-46 -147 4 1
-44 -150 0 2
-44 -150 1 1
-44 -150 2 1
-44 -149 0 1
-6 -118 -1 1
-6 -116 4 0
-8 -109 3 0
-44 -149 3 1
-43 -149 2 1
-43 -149 3 1
-42 -149 1 1
-42 -149 2 1
-42 -149 3 1
-40 -149 1 2
-41 -150 0 2
-41 -149 0 1
-39 -105 3 2
-38 -104 4 1
-38 -105 3 1
-6 -135 4 0
-2 -113 2 1
-6 -137 4 0
-7 -135 4 0
-7 -136 4 0
-6 -135 1 1
-6 -135 0 2
-6 -135 -1 1
-6 -136 -1 1
-6 -136 0 2
-7 -134 1 1
-7 -134 0 2
-7 -134 -1 1
-7 -135 1 1
-1 -112 1 2
-1 -112 0 1
-1 -113 1 1
-1 -113 0 1
-1 -114 2 1
-1 -114 1 1
-1 -114 0 1
-19 -104 0 2
-2 -118 0 1
-19 -104 -1 1
-2 -119 1 1
-42 -101 6 1
-39 -148 1 1
-39 -148 0 1
-25 -103 2 1
-25 -103 1 1
-25 -103 0 1
-24 -102 3 1
-24 -103 3 1
-39 -150 0 1
-40 -148 2 1
-40 -148 1 1
-40 -148 0 1
-40 -149 2 1
-40 -149 0 1
-40 -150 2 1
-40 -150 1 1
-38 -101 1 1
-39 -101 1 2
-40 -106 3 1
-21 -107 7 0
-49 -145 5 1
-35 -104 2 1
-34 -103 3 1
-33 -105 3 1
-33 -104 4 0
-33 -106 4 0
-35 -103 4 0
-34 -103 5 0
-34 -104 4 0
-33 -106 5 0
-35 -104 5 0
-34 -104 5 0
-34 -106 6 0
-35 -104 6 0
-34 -105 6 0
-3 -106 9 1
-3 -106 10 1
-1 -103 10 1
-2 -103 10 1
-3 -103 10 1
-3 -105 10 1
-4 -103 11 0
-5 -117 4 0
-5 -117 5 0
-4 -118 4 0
-25 -110 6 0
-26 -112 7 0
-26 -111 8 0
-43 -135 5 1
-43 -135 4 1
-43 -135 3 1
-43 -136 5 1
-2 -126 -1 1
-31 -119 9 0
-31 -119 6 0
-31 -119 5 0
-45 -139 7 0
-45 -138 7 0
-45 -139 6 0
-43 -136 6 0
-3 -104 10 1
-4 -105 10 0
-4 -104 11 0
-43 -136 4 2
-44 -136 3 1
-44 -136 4 1
-42 -137 7 0
-48 -142 6 0
-48 -143 6 0
-47 -143 7 0
-34 -125 7 0
-17 -105 6 0
-18 -104 7 0
-6 -110 5 0
-5 -112 5 0
-5 -109 5 0
-6 -111 4 0
-6 -109 4 0
-5 -109 4 0
-5 -108 4 0
-6 -110 3 0
-5 -111 3 0
-34 -106 2 0
-36 -104 2 1
-34 -107 3 0
-33 -106 3 0
-34 -104 3 1
-5 -110 3 0
-33 -105 4 0
-34 -105 4 0
-34 -106 5 0
-6 -109 3 0
-4 -109 3 0
-1 -103 5 1
-2 -102 7 1
-2 -102 6 1
-2 -102 5 1
-2 -103 5 1
-5 -105 6 0
-1 -104 5 1
-8 -139 0 1
-8 -139 -1 1
-8 -139 -2 1
-8 -140 0 1
-8 -140 -1 1
-8 -140 -2 1
-8 -141 0 1
-8 -141 -1 1
-8 -141 -2 1
-9 -139 -2 1
-9 -140 -2 1
-9 -141 -2 1
-10 -139 -2 1
-10 -140 -2 1
-10 -141 -2 1
-47 -148 1 1
-25 -105 4 1
-21 -108 -1 1
-21 -108 0 2
-21 -108 1 1
-23 -108 -1 1
-47 -150 -1 1
-47 -149 -1 1
-23 -107 -1 1
-23 -107 0 2
-23 -107 1 1
-23 -106 -1 1
-23 -106 0 2
-22 -108 -1 1
-22 -108 0 1
-22 -108 1 1
-47 -148 -1 1
-46 -150 -1 1
-46 -150 0 2
-46 -150 1 1
-46 -149 -1 1
-46 -149 0 2
-23 -109 0 2
-23 -109 1 1
-27 -108 2 1
-27 -108 3 2
-27 -108 4 2
-27 -107 2 2
-27 -107 3 1
-27 -107 4 1
-27 -106 2 1
-27 -106 3 1
-27 -106 4 1
-23 -110 -1 1
-23 -110 0 1
-23 -110 1 1
-22 -110 -1 1
-22 -110 0 1
-22 -110 1 1
-21 -110 -1 1
-21 -110 0 1
-21 -110 1 1
-25 -109 -1 1
-25 -109 0 2
-12 -146 5 0
-11 -145 4 0
-11 -144 4 0
-11 -146 3 0
-10 -145 4 0
-12 -144 4 0
-10 -146 4 0
-13 -146 4 0
-11 -144 3 0
-13 -145 3 0
-10 -145 3 0
-12 -144 3 0
-10 -147 3 0
-10 -144 2 0
-11 -144 2 0
-10 -145 1 1
-13 -144 -1 1
-13 -143 -1 1
-13 -143 0 1
-13 -143 1 1
-12 -144 -1 1
-12 -143 -1 1
-19 -103 -1 1
-19 -103 0 2
-35 -109 -1 1
-34 -108 3 0
-33 -108 4 0
-31 -105 4 0
-32 -106 5 0
-34 -108 1 1
-34 -108 0 2
-19 -107 4 1
-19 -107 3 1
-19 -108 5 1
-35 -121 8 0
-34 -121 8 0
-33 -120 8 0
-33 -120 7 0
-41 -134 4 1
-42 -135 7 0
-41 -135 6 0
-41 -136 7 0
-42 -136 7 0
-50 -147 5 1
-10 -150 1 1
-10 -150 0 1
-12 -145 2 1
-11 -145 2 1
-12 -145 3 0
-10 -146 3 0
-12 -146 1 2
-12 -146 0 2
-12 -147 2 1
-12 -107 5 0
-44 -138 4 2
-2 -127 -1 1
-25 -113 3 1
-25 -113 4 1
-12 -109 0 2
-12 -109 -1 1
-13 -108 -1 1
-14 -101 8 0
-13 -107 5 0
-12 -106 4 0
-11 -108 4 0
-11 -106 3 0
-12 -107 3 0
-12 -108 4 0
-10 -107 4 0
-14 -107 4 0
-11 -108 3 1
-10 -106 3 0
-13 -108 3 1
-12 -109 2 2
-30 -119 7 0
-10 -107 2 1
-11 -108 2 1
-35 -102 1 1
-34 -102 1 1
-34 -102 2 1
-33 -102 1 1
-33 -102 2 1
-33 -102 3 1
-28 -107 2 1
-28 -106 2 1
-3 -106 8 1
-3 -105 8 1
-5 -105 9 0
-2 -103 8 1
-28 -108 1 1
-27 -110 -1 1
-27 -110 0 2
-27 -110 1 2
-27 -109 -1 1
-27 -109 1 1
-27 -108 -1 1
-27 -108 0 2
-27 -108 1 2
-26 -110 -1 1
-26 -110 0 2
-26 -110 1 1
-26 -109 -1 1
-26 -109 0 2
-26 -109 1 1
-25 -110 -1 1
-25 -110 0 2
-25 -110 1 1
-5 -104 10 0
-4 -103 9 0
-4 -106 9 0
-3 -103 8 1
-2 -106 6 1
-2 -105 6 2
-2 -104 6 2
-1 -106 6 2
-1 -105 6 2
-1 -104 6 2
-4 -105 8 0
-3 -104 8 1
-44 -101 6 1
-43 -101 6 1
-5 -114 3 0
-8 -116 3 0
-6 -115 3 0
-5 -115 3 0
-5 -113 2 1
-6 -114 2 1
-5 -114 2 1
-6 -115 2 1
-6 -116 2 1
-10 -114 2 1
-10 -113 2 1
-6 -111 2 1
-6 -116 -1 1
-6 -116 0 1
-6 -116 1 1
-5 -116 -1 1
-5 -116 0 2
-8 -112 1 1
-7 -112 -1 1
-13 -106 3 1
-13 -106 4 1
-12 -105 2 1
-12 -105 3 1
-12 -105 4 1
-12 -104 2 1
-12 -104 3 1
-12 -104 4 1
-12 -103 2 1
-13 -107 2 1
-13 -106 0 1
-13 -106 1 2
-12 -108 0 2
-12 -108 1 1
-39 -148 2 1
-42 -150 -1 1
-42 -150 0 1
-42 -149 -1 1
-42 -149 0 1
-19 -104 1 1
-18 -104 -1 1
-18 -104 0 2
-18 -104 1 1
-17 -104 -1 1
-17 -104 0 2
-17 -104 1 1
-15 -102 -1 1
-15 -102 0 2
-15 -102 1 1
-14 -105 5 1
-14 -104 5 1
-13 -105 5 1
-13 -104 5 1
-13 -103 5 1
-12 -105 5 1
-12 -104 5 1
-12 -103 5 1
-11 -106 4 0
-13 -102 5 1
-11 -104 3 1
-11 -104 4 1
-11 -104 5 1
-11 -103 3 1
-11 -103 4 1
-11 -103 5 1
-11 -102 3 2
-11 -102 4 1
-11 -102 5 1
-13 -107 3 0
-12 -108 3 1
-11 -105 3 0
-14 -107 3 0
-11 -107 3 0
-11 -104 2 1
-11 -106 2 1
-15 -108 2 1
-15 -107 2 1
-11 -107 0 2
-11 -107 1 2
-11 -107 2 1
-11 -106 0 2
-11 -106 1 2
-42 -133 7 0
-42 -134 7 0
-42 -133 6 0
-42 -134 6 0
-41 -133 7 0
-41 -134 7 0
-40 -133 6 0
-28 -115 9 0
-19 -105 4 2
-19 -105 5 1
-2 -118 1 1
-18 -107 4 1
-46 -142 4 1
-46 -142 3 1
-17 -107 3 1
-18 -105 5 1
-5 -138 1 1
-5 -138 0 1
-5 -138 -1 1
-5 -137 2 1
-7 -134 2 1
-6 -135 2 0
-11 -135 3 1
-7 -134 3 1
-5 -136 3 0
-6 -135 3 0
-5 -137 3 0
-41 -106 4 0
-1 -103 13 2
-1 -103 14 2
-1 -103 15 1
-1 -102 13 1
-1 -102 14 2
-1 -102 15 1
-1 -101 13 1
-1 -101 14 1
-1 -101 15 1
-38 -101 3 1
-48 -148 4 1
-47 -150 2 1
-40 -106 2 1
-40 -106 4 1
-39 -106 2 2
-39 -106 3 2
-1 -102 18 0
-38 -106 3 2
-1 -103 18 0
-38 -105 2 2
-1 -101 17 0
-1 -104 17 0
-1 -101 16 0
-1 -103 16 1
-49 -149 -1 1
-49 -149 0 2
-49 -149 1 1
-49 -148 -1 1
-49 -148 0 2
-49 -148 1 1
-49 -147 -1 1
-49 -147 0 1
-49 -147 1 1
-50 -150 -1 1
-5 -105 12 0
-3 -102 11 1
-49 -150 -1 1
-49 -150 0 2
-49 -150 1 2
-1 -102 11 1
-3 -107 12 0
-4 -104 12 0
-3 -106 11 1
-5 -104 11 0
-44 -150 4 0
-1 -105 10 2
-2 -106 9 1
-2 -106 10 1
-2 -105 9 2
-2 -105 10 2
-2 -104 9 2
-2 -104 10 2
-1 -106 9 1
-1 -106 10 1
-1 -105 9 2
-1 -104 9 1
-1 -104 10 1
-42 -150 2 1
-42 -150 1 1
-42 -150 3 1
-43 -149 -1 1
-43 -149 0 1
-43 -149 1 1
-49 -150 5 1
-3 -103 9 1
-49 -143 4 1
-49 -143 3 1
-16 -106 3 1
-5 -112 2 0
-5 -109 2 0
-4 -110 0 2
-17 -108 8 0
-21 -108 3 2
-22 -108 4 2
-33 -123 7 0
-21 -109 8 0
-43 -136 3 1
-17 -103 4 1
-17 -103 3 2
-17 -103 2 1
-18 -103 4 1
-18 -102 4 1
-4 -118 1 1
-3 -119 4 0
-14 -106 3 1
-16 -106 2 1
-18 -109 6 0
-18 -109 8 0
-17 -105 3 2
-17 -105 4 2
-17 -105 5 1
-21 -111 5 1
-21 -111 4 1
-22 -109 6 0
-21 -109 7 0
-16 -103 1 1
-26 -113 4 1
-26 -113 5 1
-10 -143 3 0
-6 -109 5 0
-7 -110 5 0
-8 -109 5 0
-5 -108 5 0
-7 -111 5 0
-7 -108 4 0
-7 -108 5 0
-6 -107 4 0
-11 -144 1 1
-8 -108 4 0
-7 -107 4 0
-7 -109 3 0
-6 -108 3 1
-6 -107 3 1
-5 -108 2 1
-38 -150 2 1
-37 -150 2 1
-36 -150 2 1
-35 -150 -1 1
-35 -150 0 1
-35 -150 1 1
-37 -107 -1 1
-49 -102 0 1
-49 -102 1 1
-49 -101 -1 1
-49 -101 0 1
-49 -101 1 1
-48 -102 -1 1
-24 -111 5 1
-20 -110 7 0
-29 -119 7 0
-30 -119 8 0
-29 -119 8 0
-30 -118 7 0
-11 -147 1 2
-13 -146 2 1
-11 -148 2 1
-14 -147 2 1
-12 -147 3 0
-36 -107 0 1
-35 -107 2 0
-11 -148 3 0
-34 -108 2 0
-35 -103 -1 1
-35 -103 0 1
-14 -147 4 0
-36 -107 -1 1
-49 -145 6 0
-42 -104 7 1
-42 -103 6 1
-42 -103 7 1
-42 -102 6 1
-7 -107 5 0
-9 -108 5 0
-6 -107 5 0
-8 -107 4 0
-7 -107 3 1
-8 -106 3 1
-18 -104 2 1
-15 -103 4 2
-46 -144 6 0
-32 -122 8 0
-1 -106 5 1
-2 -104 5 1
-2 -106 5 1
-3 -105 5 1
-3 -106 5 1
-2 -107 7 1
-4 -105 5 0
-2 -105 5 1
-3 -104 5 1
-5 -104 6 0
-4 -104 6 0
-4 -103 6 0
-5 -105 7 0
-4 -105 6 0
-4 -106 6 0
-5 -104 7 0
-4 -106 7 0
-3 -106 6 1
-4 -103 7 0
-3 -107 7 0
-1 -103 6 2
-2 -103 6 1
-3 -103 6 1
-3 -104 6 1
-3 -105 6 1
-5 -104 8 0
-2 -107 8 0
-4 -104 7 0
-3 -106 7 1
-4 -103 8 0
-2 -103 7 1
-5 -105 8 0
-2 -107 9 0
-3 -104 7 1
-4 -104 8 0
-3 -107 9 0
-11 -110 0 1
-1 -114 6 0
-4 -117 3 0
-1 -113 5 0
-2 -113 5 0
-47 -146 1 1
-1 -112 5 0
-3 -134 4 0
-4 -134 3 0
-4 -117 0 2
-4 -117 1 1
-7 -116 -1 1
-27 -114 3 1
-13 -150 0 1
-13 -150 1 1
-8 -113 2 1
-11 -105 2 1
-13 -107 -1 1
-2 -117 -1 1
-20 -108 6 0
-20 -107 7 0
-20 -108 7 0
-12 -150 0 2
-12 -150 1 1
-12 -150 2 1
-17 -149 -1 1
-17 -149 0 1
-17 -149 1 1
-15 -150 2 0
-15 -148 -1 1
-15 -148 0 1
-15 -148 1 1
-14 -148 -1 1
-14 -148 0 2
-14 -148 1 1
-13 -150 -1 1
-13 -149 -1 1
-13 -149 0 1
-13 -149 1 1
-13 -148 -1 1
-13 -148 0 2
-13 -148 1 2
-19 -109 6 0
-40 -131 6 0
-28 -113 5 1
-10 -108 4 0
-29 -113 7 0
-23 -112 7 0
-21 -107 4 2
-23 -112 8 0
-24 -114 8 0
-32 -123 8 0
-33 -122 9 0
-21 -107 1 1
-21 -107 0 1
-21 -107 -1 1
-9 -143 1 1
-9 -142 -1 1
-9 -142 0 1
-8 -144 -1 1
-8 -144 0 1
-8 -144 1 1
-8 -143 -1 1
-8 -143 0 1
-8 -143 1 1
-8 -142 -1 1
-46 -101 -1 1
-3 -132 3 0
-2 -133 3 0
-4 -132 3 0
-2 -135 2 0
-2 -132 2 0
-5 -132 2 0
-2 -134 2 0
-3 -132 2 0
-2 -133 1 1
-5 -131 -1 1
-5 -131 0 1
-5 -131 1 1
-4 -131 -1 1
-4 -131 0 1
-4 -131 1 1
-3 -133 -1 1
-3 -132 -1 1
-3 -132 0 1
-3 -132 1 1
-3 -131 -1 1
-3 -131 0 2
-3 -131 1 1
-2 -134 0 2
-2 -135 -1 1
-2 -135 0 1
-2 -135 1 1
-2 -134 -1 1
-2 -134 1 1
-2 -133 -1 1
-2 -133 0 1
-1 -135 -1 1
-1 -135 0 1
-1 -135 1 1
-1 -134 -1 1
-1 -134 0 1
-1 -134 1 1
-1 -133 -1 1
-1 -133 0 2
-1 -133 1 1
-2 -132 -1 1
-2 -132 0 2
-2 -132 1 1
-33 -103 1 1
-33 -103 2 1
-33 -103 3 1
-34 -102 6 0
-33 -104 6 0
-33 -102 5 0
-35 -102 5 1
-33 -104 5 0
-32 -104 5 0
-29 -107 2 1
-30 -109 -1 1
-30 -108 -1 1
-30 -107 -1 1
-30 -107 0 2
-30 -107 1 1
-37 -102 4 1
-37 -101 4 1
-36 -102 2 2
-36 -102 3 1
-36 -101 2 2
-36 -101 4 2
-35 -102 2 1
-35 -102 3 1
-35 -101 2 1
-35 -101 3 1
-35 -101 4 1
-32 -104 3 1
-34 -102 5 0
-33 -102 6 0
-34 -101 6 0
-33 -103 6 0
-33 -101 5 0
-35 -101 5 1
-32 -103 5 0
-33 -101 4 1
-32 -102 4 1
-32 -104 4 0
-32 -101 4 1
-32 -103 3 1
-34 -101 3 0
-33 -101 3 1
-3 -133 4 0
-2 -132 4 0
-2 -134 4 0
-2 -132 3 0
-1 -132 4 0
-3 -131 4 0
-1 -133 3 0
-2 -131 3 0
-2 -135 3 0
-1 -132 3 0
-3 -131 3 0
-2 -133 2 0
-1 -134 2 0
-1 -131 2 1
-4 -131 2 0
-1 -133 2 0
-2 -131 2 1
-1 -132 1 1
-2 -136 -1 1
-2 -136 0 1
-2 -136 1 1
-4 -130 -1 1
-4 -130 0 1
-42 -102 5 1
-43 -101 1 1
-43 -101 0 2
-43 -101 -1 1
-44 -101 -1 1
-44 -101 1 1
-44 -101 0 2
-44 -102 1 1
-44 -102 0 2
-43 -101 2 1
-17 -106 1 1
-27 -112 8 0
-35 -105 -1 1
-35 -106 1 1
-35 -106 0 2
-38 -109 3 1
-38 -109 2 1
-32 -108 3 0
-29 -107 5 1
-29 -108 5 1
-29 -109 5 1
-4 -134 0 1
-4 -134 -1 1
-3 -135 1 1
-3 -135 0 2
-3 -135 -1 1
-3 -136 1 1
-3 -136 0 1
-3 -136 -1 1
-3 -137 1 1
-3 -137 0 1
-3 -137 -1 1
-38 -101 2 1
-5 -132 1 1
-5 -132 0 1
-5 -132 -1 1
-5 -133 1 1
-5 -133 0 2
-5 -133 -1 1
-6 -132 1 1
-6 -132 0 1
-6 -132 -1 1
-32 -103 -1 1
-33 -103 -1 1
-34 -103 0 1
-34 -103 -1 1
-34 -104 0 2
-34 -104 -1 1
-35 -107 1 1
-35 -107 0 1
-35 -107 -1 1
-35 -108 1 1
-35 -108 0 1
-35 -108 -1 1
-35 -109 1 1
-35 -109 0 1
-12 -103 4 2
-12 -103 3 2
-28 -114 5 1
-28 -114 4 1
-25 -112 8 0
-25 -112 6 0
-27 -112 7 0
-27 -111 7 0
-26 -150 2 1
-26 -150 1 1
-26 -150 0 1
-9 -109 1 1
-6 -118 4 0
-4 -119 3 0
-5 -119 4 0
-5 -107 1 1
-5 -107 0 1
-5 -107 -1 1
-6 -107 1 1
-6 -107 0 1
-6 -107 -1 1
-7 -107 1 1
-7 -107 0 1
-7 -107 -1 1
-7 -108 1 1
-7 -108 0 2
-7 -108 -1 1
-7 -109 1 1
-9 -105 -1 1
-9 -104 -1 1
-9 -103 -1 1
-9 -103 0 1
-9 -103 1 1
-28 -104 1 1
-28 -104 0 1
-28 -104 -1 1
-29 -105 2 2
-29 -106 2 1
-30 -105 2 1
-30 -105 1 2
-30 -105 0 1
-30 -106 2 1
-30 -106 0 2
-30 -107 2 1
-31 -105 2 1
-31 -105 1 2
-31 -105 0 1
-31 -106 2 1
-31 -106 1 2
-31 -106 0 2
-31 -107 2 1
-31 -107 1 1
-31 -107 0 2
-30 -106 1 2
-29 -106 3 1
-25 -106 5 1
-25 -107 5 1
-40 -103 5 0
-40 -104 4 1
-40 -104 5 0
-39 -103 5 0
-41 -105 5 0
-39 -104 4 1
-40 -105 4 1
-38 -103 4 1
-38 -105 6 0
-37 -106 5 0
-40 -105 3 1
-39 -104 3 2
-38 -104 3 1
-42 -105 3 0
-39 -105 2 1
-40 -104 1 1
-39 -104 1 1
-39 -104 2 1
-39 -103 1 1
-39 -102 1 2
-38 -104 1 1
-38 -104 2 1
-38 -103 1 2
-38 -103 2 1
-38 -103 3 1
-38 -102 1 2
-38 -102 2 2
-38 -102 3 2
-41 -105 2 1
-41 -105 1 1
-37 -104 5 0
-37 -103 4 1
-38 -107 4 1
-36 -105 4 0
-39 -107 4 1
-37 -106 4 1
-37 -104 3 1
-38 -107 3 2
-36 -105 3 0
-40 -107 2 1
-40 -107 3 1
-40 -107 4 1
-39 -107 2 1
-39 -107 3 1
-38 -107 2 2
-37 -105 2 1
-32 -106 3 0
-32 -105 3 1
-34 -107 -1 1
-34 -107 0 1
-34 -107 1 1
-34 -106 -1 1
-34 -106 0 2
-34 -106 1 1
-34 -105 -1 1
-34 -105 0 2
-33 -105 -1 1
-33 -105 0 2
-32 -105 -1 1
-32 -110 -1 1
-32 -110 0 1
-32 -110 1 1
-32 -109 -1 1
-32 -109 0 2
-32 -109 1 1
-41 -150 3 1
-12 -101 3 2
-12 -101 4 1
-11 -101 3 2
-11 -101 4 1
-10 -101 3 1
-10 -101 4 1
-10 -102 -1 1
-10 -101 -1 1
-41 -150 1 1
-41 -150 2 2
-9 -102 1 1
-31 -106 4 0
-32 -107 3 0
-33 -107 3 0
-32 -108 2 0
-33 -107 2 0
-33 -110 -1 1
-33 -110 0 1
-33 -110 1 1
-33 -109 -1 1
-33 -109 0 2
-33 -109 1 1
-7 -135 3 1
-6 -136 3 0
-6 -136 2 1
-10 -134 1 1
-10 -134 2 1
-49 -101 2 1
-50 -101 2 1
-10 -150 2 1
-10 -149 0 1
-10 -149 1 1
-10 -149 2 1
-14 -144 0 1
-14 -144 1 1
-14 -144 2 1
-13 -144 0 1
-13 -144 1 1
-13 -144 2 1
-12 -145 0 1
-12 -145 1 1
-12 -144 0 2
-12 -144 1 1
-12 -144 2 1
-12 -146 -1 1
-11 -148 -1 1
-11 -147 -1 1
-11 -146 -1 1
-10 -148 -1 1
-10 -147 -1 1
-10 -146 -1 1
-14 -146 -1 1
-13 -146 -1 1
-20 -105 5 1
-21 -103 0 1
-21 -103 -1 1
-20 -105 3 2
-21 -103 4 1
-21 -104 4 1
-21 -104 3 2
-21 -104 2 1
-1 -109 4 1
-1 -109 3 1
-1 -109 2 1
-1 -108 3 1
-1 -108 2 1
-1 -103 3 1
-1 -103 2 1
-1 -103 1 1
-1 -104 1 1
-1 -105 1 1
-2 -108 4 0
-1 -108 5 1
-2 -106 1 1
-2 -107 1 1
-2 -108 3 1
-2 -108 2 1
-2 -108 1 1
-2 -102 3 1
-2 -102 2 1
-5 -104 3 0
-4 -104 4 1
-2 -103 4 0
-5 -105 4 0
-2 -103 3 1
-2 -103 2 1
-3 -120 1 1
-2 -104 1 1
-2 -119 2 0
-3 -121 2 1
-2 -117 2 0
-2 -120 2 0
-3 -120 2 1
-1 -118 3 0
-4 -115 3 0
-3 -121 3 0
-21 -105 2 1
-17 -106 2 1
-18 -106 2 1
-19 -105 2 1
-19 -106 2 1
-20 -106 5 1
-20 -106 4 2
-20 -106 3 1
-21 -102 4 1
-19 -103 5 1
-19 -104 5 1
-28 -111 4 1
-29 -111 4 1
-29 -111 3 1
-29 -111 2 1
-19 -105 1 1
-19 -105 0 2
-19 -105 -1 1
-21 -102 0 1
-40 -103 4 1
-40 -102 4 1
-41 -103 4 1
-41 -101 5 0
-41 -103 5 0
-12 -147 4 0
-12 -148 4 0
-12 -149 4 0
-13 -147 5 0
-14 -149 5 0
-13 -148 5 0
-43 -102 7 1
-43 -102 6 1
-43 -103 7 1
-43 -104 7 1
-43 -104 6 1
-44 -102 7 1
-44 -102 6 1
-44 -103 7 1
-44 -103 6 1
-44 -104 7 1
-44 -104 6 1
-43 -103 6 2
-12 -147 1 2
-12 -147 0 1
-12 -147 -1 1
-12 -148 1 1
-12 -148 0 1
-12 -148 -1 1
-3 -120 3 0
-3 -117 3 0
-5 -120 3 0
-2 -119 3 0
-4 -120 4 0
-2 -118 4 0
-3 -120 4 0
-3 -118 4 0
-4 -119 4 0
-4 -121 -1 1
-3 -123 2 1
-42 -133 4 1
-4 -122 2 1
-42 -136 4 1
-26 -114 3 1
-13 -106 2 1
-8 -108 -1 1
-8 -108 0 1
-8 -108 1 1
-18 -106 9 0
-18 -106 4 2
-19 -106 3 2
-19 -106 4 1
-19 -106 5 1
-19 -105 3 1
-50 -149 3 2
-50 -149 4 1
-50 -149 5 1
-9 -108 1 1
-6 -134 4 0
-9 -108 3 0
-7 -107 2 2
-6 -108 2 1
-8 -107 2 1
-8 -108 2 1
-8 -107 -1 1
-8 -107 0 2
-35 -106 6 0
-34 -105 5 0
-36 -108 5 0
-34 -107 5 0
-35 -108 4 0
-34 -107 4 0
-34 -105 3 1
-39 -108 4 1
-35 -107 3 0
-34 -105 2 1
-48 -141 6 0
-46 -143 3 1
-46 -143 4 1
-46 -143 5 1
-16 -106 0 1
-16 -106 1 1
-2 -117 1 1
-13 -105 -1 1
-6 -118 0 1
-3 -116 -1 1
-3 -117 1 1
-3 -117 -1 1
-19 -101 0 2
-19 -101 1 1
-18 -101 -1 1
-18 -101 0 2
-18 -101 1 1
-25 -113 7 0
-3 -123 0 2
-18 -108 6 0
-4 -118 0 1
-18 -106 8 0
-19 -101 4 1
-18 -102 2 1
-18 -102 3 2
-18 -105 -1 1
-31 -122 7 0
-32 -122 7 0
-41 -130 6 0
-13 -101 1 1
-13 -101 0 2
-13 -101 -1 1
-13 -102 1 1
-13 -102 0 2
-16 -105 5 1
-16 -105 4 1
-16 -105 3 1
-16 -106 5 1
-16 -106 4 1
-19 -102 4 1
-4 -120 1 2
-18 -103 3 2
-49 -143 5 1
-48 -144 3 1
-48 -144 5 1
-18 -105 6 0
-18 -105 8 0
-44 -135 5 1
-18 -105 7 0
-21 -109 9 0
-22 -108 3 1
-20 -110 5 1
-47 -144 7 0
-46 -144 7 0
-47 -143 6 0
-16 -105 7 0
-44 -135 4 1
-44 -135 3 1
-44 -136 5 1
-44 -137 6 0
-44 -136 6 0
-44 -137 7 0
-44 -136 7 0
-45 -136 6 0
-45 -137 7 0
-44 -138 7 0
-44 -138 6 0
-42 -139 6 0
-42 -139 7 0
-44 -138 8 0
-45 -137 3 1
-45 -137 4 1
-8 -112 0 1
-7 -111 -1 1
-7 -110 -1 1
-9 -111 2 1
-17 -106 -1 1
-4 -120 -1 1
-11 -103 8 0
-12 -102 9 0
-12 -102 6 0
-12 -102 5 1
-17 -104 5 1
-17 -104 3 2
-17 -103 7 0
-33 -125 7 0
-33 -125 8 0
-34 -123 9 0
-34 -123 6 0
-34 -123 5 0
-50 -149 6 0
-49 -148 8 0
-49 -148 6 0
-37 -128 8 0
-35 -128 7 0
-35 -128 8 0
-35 -128 6 0
-37 -127 8 0
-37 -127 9 0
-37 -127 5 0
-46 -141 3 1
-48 -147 7 0
-46 -141 5 1
-49 -147 8 0
-49 -147 6 0
-48 -147 6 0
-50 -146 7 0
-49 -146 7 0
-49 -146 8 0
-48 -150 5 1
-48 -149 5 1
-48 -148 5 1
-47 -147 2 1
-47 -147 3 1
-47 -147 4 1
-47 -146 2 1
-47 -146 3 1
-47 -146 4 1
-47 -150 0 1
-47 -150 1 2
-47 -149 0 2
-47 -149 1 1
-47 -148 0 1
-11 -102 2 1
-10 -104 2 1
-10 -104 3 1
-10 -104 4 1
-10 -103 2 2
-10 -103 4 1
-10 -102 2 1
-10 -102 3 1
-10 -102 4 1
-9 -104 2 1
-9 -104 3 1
-9 -104 4 1
-9 -103 2 1
-9 -103 3 1
-9 -103 4 1
-9 -102 2 1
-9 -102 3 1
-9 -102 4 1
-7 -105 0 1
-7 -105 1 1
-7 -105 2 1
-5 -111 -1 1
-46 -149 1 2
-46 -148 -1 1
-46 -148 0 1
-46 -148 1 1
-23 -106 5 1
-26 -107 1 2
-26 -106 1 1
-26 -105 1 1
-26 -105 2 1
-26 -105 3 1
-25 -107 0 2
-24 -109 -1 1
-24 -109 0 2
-24 -109 1 1
-23 -109 -1 1
-11 -111 -1 1
-10 -113 -1 1
-1 -126 -1 1
-1 -126 0 2
-1 -126 1 1
-46 -140 5 1
-45 -142 3 1
-45 -142 4 1
-45 -142 5 1
-45 -141 3 1
-45 -141 4 1
-48 -143 7 0
-48 -142 7 0
-49 -143 6 0
-49 -143 7 0
-50 -144 6 0
-48 -145 6 0
-48 -145 7 0
-47 -145 6 0
-47 -145 7 0
-48 -144 8 0
-48 -144 4 2
-49 -144 3 1
-49 -144 4 1
-49 -144 5 1
-21 -106 6 0
-21 -106 7 0
-20 -106 6 0
-20 -106 8 0
-20 -106 7 0
-42 -135 5 1
-42 -135 4 2
-42 -135 3 1
-2 -103 9 1
-1 -103 9 1
-3 -107 10 0
-4 -103 10 0
-4 -104 9 0
-2 -106 7 1
-2 -105 7 2
-2 -104 7 2
-1 -106 7 1
-1 -105 7 2
-1 -104 7 1
-28 -108 0 2
-14 -148 3 0
-12 -150 4 0
-13 -148 3 0
-13 -147 4 0
-12 -149 3 0
-14 -147 3 0
-12 -150 3 0
-12 -148 3 0
-15 -148 2 0
-12 -149 2 1
-13 -147 2 1
-12 -148 2 1
-1 -107 1 1
-12 -150 -1 1
-12 -149 -1 1
-12 -149 0 1
-12 -149 1 2
-11 -150 -1 1
-11 -150 0 1
-11 -150 1 1
-11 -149 -1 1
-11 -149 0 1
-11 -149 1 2
-16 -148 -1 1
-16 -148 0 1
-16 -148 1 1
-14 -149 2 1
-14 -147 -1 1
-14 -147 0 1
-14 -147 1 1
-13 -147 -1 1
-13 -147 0 2
-13 -147 1 1
-34 -150 -1 1
-34 -150 0 1
-34 -150 1 1
-33 -150 -1 1
-33 -150 0 1
-33 -150 1 1
-1 -115 5 0
-1 -113 4 0
-1 -114 4 0
-8 -115 -1 1
-5 -117 2 1
-4 -115 2 0
-6 -117 2 1
-4 -116 3 0
-7 -117 3 0
-5 -117 3 0
-7 -116 3 0
-4 -116 4 0
-5 -116 3 0
-6 -117 4 0
-5 -114 4 0
-12 -106 -1 1
-5 -116 4 0
-6 -114 4 0
-20 -108 3 1
-50 -144 7 0
-20 -108 4 2
-38 -127 8 0
-47 -140 3 1
-6 -115 5 0
-44 -142 6 0
-3 -119 1 1
-6 -120 2 1
-4 -120 0 2
-4 -119 0 2
-4 -119 1 1
-21 -101 -1 1
-15 -101 -1 1
-15 -101 0 2
-15 -101 1 1
-14 -101 -1 1
-14 -101 0 2
-14 -101 1 1
-4 -119 -1 1
-3 -119 -1 1
-3 -119 0 1
-2 -119 -1 1
-2 -119 0 2
-21 -105 3 2
-21 -105 4 1
-1 -131 3 0
-1 -131 4 0
-1 -133 4 0
-3 -132 4 0
-20 -105 2 1
-2 -130 4 0
-20 -105 4 1
-1 -130 3 0
-1 -134 3 0
-1 -132 -1 1
-4 -106 16 0
-5 -104 16 0
-3 -106 16 0
-4 -105 15 0
-4 -104 15 0
-3 -103 14 1
-26 -110 2 1
-26 -110 3 1
-26 -110 4 1
-25 -110 2 1
-24 -110 2 1
-25 -109 5 1
-28 -109 3 2
-28 -109 4 1
-28 -109 5 1
-28 -108 3 1
-28 -108 4 2
-46 -101 5 0
-28 -107 3 1
-44 -101 5 1
-28 -107 5 1
-27 -109 5 1
-27 -108 5 1
-27 -107 5 1
-26 -109 5 1
-26 -108 5 1
-26 -107 5 1
-27 -107 1 2
-27 -106 1 1
-25 -111 -1 1
-25 -111 0 1
-39 -103 3 1
-7 -132 1 1
-7 -132 0 1
-7 -132 -1 1
-13 -108 4 0
-9 -108 4 0
-10 -108 3 0
-12 -109 4 0
-10 -109 4 0
-11 -107 5 0
-11 -107 4 0
-12 -108 5 0
-11 -108 5 0
-15 -102 7 0
-15 -103 7 0
-14 -103 8 0
-15 -103 8 0
-14 -103 7 0
-32 -119 7 0
-17 -101 1 2
-17 -101 0 2
-17 -101 -1 1
-17 -102 1 1
-17 -102 0 2
-17 -102 -1 1
-18 -102 1 1
-18 -102 0 2
-18 -102 -1 1
-19 -102 1 1
-19 -102 0 2
-15 -105 8 0
-19 -102 -1 1
-42 -133 3 1
-20 -101 3 1
-42 -133 5 1
-42 -132 3 1
-42 -132 4 1
-42 -132 5 1
-41 -133 3 1
-41 -133 5 1
-41 -132 3 1
-41 -132 4 1
-41 -132 5 1
-40 -134 3 1
-40 -134 4 1
-40 -134 5 1
-40 -133 3 1
-40 -133 4 1
-40 -133 5 1
-40 -132 3 1
-40 -132 4 1
-40 -132 5 1
-41 -134 5 1
-22 -111 8 0
-13 -106 -1 1
-14 -106 -1 1
-14 -107 -1 1
-27 -114 4 1
-11 -111 1 1
-11 -111 2 1
-10 -111 0 1
-10 -111 1 1
-10 -111 2 1
-10 -108 2 1
-10 -111 -1 1
-9 -111 -1 1
-15 -106 7 0
-12 -101 8 0
-14 -105 7 0
-14 -105 8 0
-12 -101 7 0
-10 -102 8 0
-11 -102 8 0
-12 -103 7 0
-10 -102 7 0
-12 -103 8 0
-9 -102 7 0
-10 -113 0 1
-10 -113 1 1
-10 -112 -1 1
-10 -112 1 1
-9 -113 -1 1
-9 -113 0 2
-9 -113 1 2
-1 -124 1 1
-41 -133 8 0
-41 -133 4 2
-21 -110 6 0
-20 -110 6 0
-26 -112 3 1
-26 -112 4 1
-8 -101 6 0
-8 -101 7 0
-9 -101 6 0
-23 -110 8 0
-38 -125 8 0
-38 -125 7 0
-24 -110 7 0
-1 -102 5 1
-1 -102 6 1
-1 -102 7 1
-47 -144 6 0
-44 -138 3 1
-16 -103 2 1
-16 -103 3 2
-16 -103 4 2
-15 -103 2 1
-15 -103 3 2
-3 -107 6 0
-5 -106 5 0
-3 -103 5 1
-5 -104 5 0
-4 -106 5 0
-4 -105 4 1
-3 -104 4 1
-14 -102 2 1
-14 -102 3 2
-14 -102 4 2
-14 -101 2 1
-14 -101 3 2
-14 -101 4 1
-17 -105 2 1
-9 -140 4 0
-9 -140 5 0
-9 -139 4 0
-8 -141 4 0
-8 -139 4 0
-10 -138 4 0
-8 -140 3 0
-7 -140 4 0
-12 -110 0 1
-8 -138 3 0
-7 -139 3 0
-9 -138 3 1
-8 -139 2 1
-8 -138 2 1
-10 -139 2 0
-10 -138 2 1
-7 -140 2 0
-9 -138 2 1
-8 -139 1 1
-11 -137 -1 1
-11 -137 0 1
-11 -137 1 1
-10 -137 -1 1
-10 -137 0 1
-10 -137 1 2
-9 -137 -1 1
-9 -137 0 2
-9 -137 1 1
-8 -140 1 0
-10 -138 -2 1
-9 -138 -2 1
-8 -138 -2 1
-8 -138 -1 1
-8 -138 0 2
-12 -111 2 1
-38 -131 6 0
-12 -111 0 1
-39 -131 7 0
-38 -131 7 0
-21 -101 3 1
-40 -130 6 0
-40 -129 6 0
-40 -130 7 0
-14 -108 1 1
-41 -130 7 0
-8 -114 2 1
-8 -114 1 2
-8 -114 0 1
-8 -115 2 1
-8 -115 0 1
-8 -116 2 1
-8 -116 1 1
-8 -116 0 1
-9 -114 1 1
-9 -114 0 1
-9 -115 2 1
-9 -115 1 1
-9 -115 0 1
-19 -108 -1 1
-19 -108 0 1
-19 -108 1 1
-18 -108 -1 1
-18 -108 0 1
-18 -108 1 1
-23 -105 0 2
-23 -105 1 1
-23 -104 0 2
-23 -103 0 1
-20 -109 3 1
-37 -124 8 0
-37 -124 6 0
-36 -125 7 0
-37 -126 8 0
-42 -136 5 1
-36 -128 7 0
-36 -128 8 0
-37 -128 7 0
-36 -128 6 0
-37 -127 7 0
-36 -127 7 0
-36 -127 8 0
-50 -148 5 1
-50 -148 4 1
-50 -148 3 2
-21 -110 7 0
-19 -109 7 0
-20 -109 7 0
-50 -147 4 2
-50 -147 9 0
-19 -106 7 0
-20 -105 7 0
-19 -105 8 0
-45 -137 6 0
-45 -138 6 0
-43 -138 7 0
-43 -138 6 0
-43 -139 7 0
-1 -127 0 1
-1 -127 1 1
-1 -118 1 1
-1 -118 -1 1
-1 -131 -1 1
-1 -119 0 1
-1 -120 1 1
-1 -125 4 0
-1 -124 0 2
-1 -124 -1 1
-28 -113 8 0
-1 -132 0 1
-26 -113 7 0
-27 -114 7 0
-34 -124 7 0
-14 -104 8 0
-13 -103 7 0
-13 -104 7 0
-30 -115 5 1
-30 -115 6 1
-29 -117 5 1
-29 -117 6 1
-29 -116 5 1
-29 -115 5 1
-29 -115 6 1
-3 -122 1 2
-4 -123 0 1
-4 -123 1 1
-4 -123 2 1
-4 -122 0 1
-4 -122 1 1
-28 -114 3 1
-47 -142 4 2
-9 -109 4 0
-9 -112 0 1
-9 -112 1 1
-8 -112 -1 1
-15 -104 5 1
-14 -104 7 0
-15 -104 9 0
-15 -106 8 0
-44 -135 7 0
-43 -136 7 0
-49 -147 5 1
-49 -146 3 1
-28 -117 5 1
-28 -117 6 1
-28 -116 5 1
-28 -116 6 1
-28 -115 5 1
-28 -115 6 1
-27 -113 9 0
-37 -130 6 0
-25 -115 8 0
-38 -130 7 0
-37 -128 6 0
-1 -124 3 0
-2 -124 3 0
-1 -124 2 0
-5 -122 -1 1
-5 -122 0 1
-5 -122 1 1
-3 -125 -1 1
-3 -125 0 1
-3 -125 1 1
-2 -125 -1 1
-2 -125 0 1
-35 -127 8 0
-1 -125 -1 1
-35 -127 7 0
-29 -117 8 0
-28 -117 7 1
-46 -138 4 1
-38 -125 6 0
-49 -145 3 1
-50 -145 5 1
-50 -145 4 1
-50 -145 3 1
-49 -146 9 0
-4 -120 2 1
-22 -108 2 1
-26 -106 4 1
-26 -106 3 1
-26 -106 2 1
-26 -107 4 2
-26 -107 3 2
-26 -107 2 2
-26 -108 4 1
-26 -108 3 2
-26 -108 2 2
-19 -108 2 1
-20 -108 2 1
-21 -108 2 1
-9 -138 4 0
-8 -139 3 0
-7 -138 4 0
-9 -137 4 0
-8 -137 3 1
-10 -138 3 1
-7 -138 3 0
-9 -137 3 1
-7 -137 2 1
-10 -137 2 2
-11 -138 2 1
-11 -138 3 1
-27 -106 -1 1
-28 -105 1 1
-28 -105 0 2
-28 -105 -1 1
-28 -107 1 1
-28 -107 0 2
-28 -107 -1 1
-29 -108 1 1
-29 -108 0 2
-29 -109 0 2
-29 -110 1 1
-29 -110 0 1
-30 -108 2 1
-30 -108 1 1
-30 -108 0 1
-30 -109 2 1
-30 -109 1 1
-30 -109 0 2
-30 -110 2 1
-30 -110 1 1
-30 -110 0 1
-29 -109 1 2
-26 -112 0 2
-27 -112 0 2
-28 -112 0 1
-27 -111 4 1
-26 -111 0 2
-26 -111 -1 1
-27 -111 0 1
-27 -111 -1 1
-28 -111 0 1
-28 -111 -1 1
-27 -106 0 1
-26 -111 2 1
-26 -111 1 1
-26 -112 2 1
-26 -112 1 1
-27 -111 3 2
-27 -111 1 2
-27 -112 2 1
-27 -112 1 1
-28 -111 3 1
-28 -111 2 1
-28 -111 1 1
-28 -112 2 1
-20 -109 4 1
-20 -109 5 1
-9 -109 2 1
-5 -115 2 1
-7 -110 1 1
-7 -110 0 1
-4 -114 -1 1
-7 -111 1 1
-7 -111 0 1
-4 -115 -1 1
-7 -112 1 2
-7 -112 0 2
-6 -114 5 0
-7 -115 5 0
-7 -114 4 0
-2 -118 -1 1
-15 -102 4 1
-15 -102 3 2
-24 -106 1 2
-25 -104 3 1
-25 -104 2 1
-25 -104 1 1
-25 -105 3 1
-25 -105 2 1
-25 -105 1 1
-25 -106 3 2
-25 -106 2 2
-25 -106 1 2
-20 -107 2 1
-22 -107 2 1
-23 -107 4 1
-23 -107 3 2
-23 -107 2 1
-24 -107 4 1
-24 -107 3 2
-24 -107 2 1
-17 -107 2 1
-18 -107 2 1
-19 -107 2 1
-22 -106 5 1
-22 -107 5 1
-22 -107 4 2
-22 -107 3 1
-22 -104 -1 1
-22 -105 -1 1
-22 -106 1 1
-22 -106 0 2
-22 -106 -1 1
-30 -117 9 0
-29 -118 8 0
-11 -112 1 1
-15 -102 2 1
-6 -110 2 0
-42 -101 5 1
-42 -104 3 1
-8 -107 5 0
-8 -106 5 0
-8 -108 5 0
-9 -106 4 0
-8 -107 3 1
-8 -106 4 0
-9 -105 3 0
-41 -101 4 1
-7 -106 3 1
-8 -106 2 1
-8 -106 1 2
-7 -106 1 1
-7 -106 2 1
-6 -107 2 1
-6 -106 1 1
-6 -106 2 1
-6 -106 3 1
-8 -106 0 1
-8 -105 0 1
-8 -105 1 1
-8 -105 2 1
-9 -106 -1 1
-8 -106 -1 1
-7 -106 -1 1
-7 -106 0 1
-4 -133 1 1
-4 -132 -1 1
-4 -132 0 2
-4 -132 1 1
-3 -134 -1 1
-3 -134 0 1
-3 -134 2 1
-3 -133 0 2
-3 -133 1 1
-41 -149 1 1
-41 -149 2 1
-41 -148 0 1
-41 -148 1 1
-41 -148 2 1
-40 -150 0 1
-47 -101 1 2
-48 -102 0 1
-48 -102 1 1
-48 -102 2 1
-48 -101 0 2
-48 -101 1 1
-48 -101 2 1
-47 -102 0 1
-47 -102 1 1
-47 -102 2 1
-47 -101 0 1
-47 -101 2 1
-39 -149 2 1
-46 -102 0 1
-46 -102 1 2
-46 -102 2 1
-46 -101 0 2
-46 -101 1 1
-46 -101 2 1
-4 -132 4 0
-3 -135 4 0
-3 -133 3 0
-2 -133 4 0
-48 -101 -1 1
-47 -101 -1 1
-32 -119 8 0
-32 -118 8 0
-34 -119 7 0
-34 -119 8 0
-34 -120 7 0
-17 -104 7 0
-15 -104 6 0
-15 -104 8 0
-15 -104 7 0
-15 -105 6 0
-19 -107 7 0
-15 -105 7 0
-2 -107 5 1
-1 -107 5 1
-10 -136 1 2
-10 -136 2 2
-10 -136 3 1
-9 -137 2 1
-9 -136 1 2
-9 -136 2 2
-9 -136 3 1
-7 -139 2 1
-8 -137 2 1
-7 -138 1 2
-8 -138 1 1
-8 -137 0 2
-8 -137 1 1
-7 -139 0 1
-7 -139 1 1
-7 -138 0 2
-7 -138 2 1
-13 -145 -1 1
-12 -145 -1 1
-11 -145 -1 1
-11 -145 0 2
-11 -145 1 1
-50 -101 1 1
-50 -101 0 1
-50 -101 -1 1
-16 -104 -1 1
-30 -117 5 1
-20 -110 4 1
-36 -101 0 1
-36 -101 -1 1
-37 -101 -1 1
-38 -101 -1 1
-38 -102 -1 1
-37 -101 0 1
-35 -102 -1 1
-36 -102 0 1
-36 -102 -1 1
-36 -103 -1 1
-37 -102 0 2
-37 -102 -1 1
-33 -102 0 1
-34 -102 0 1
-35 -102 0 1
-35 -101 1 1
-36 -101 1 1
-36 -102 1 1
-40 -106 1 1
-40 -107 1 1
-36 -103 1 1
-28 -104 2 1
-28 -104 3 1
-31 -108 2 0
-29 -104 -1 1
-29 -104 0 2
-21 -109 0 1
-32 -108 -1 1
-32 -108 0 1
-32 -108 1 1
-32 -107 -1 1
-32 -107 0 2
-32 -107 1 1
-32 -106 -1 1
-32 -106 0 2
-32 -106 1 1
-30 -110 -1 1
-30 -105 -1 1
-25 -108 4 1
-25 -108 3 2
-25 -108 2 1
-23 -108 1 1
-23 -108 0 2
-25 -106 4 1
-25 -107 4 1
-25 -107 3 2
-25 -107 2 2
-23 -107 5 1
-23 -108 5 1
-23 -108 4 1
-16 -102 2 1
-3 -116 1 1
-3 -116 0 1
-17 -102 2 1
-18 -101 4 1
-3 -117 0 1
-4 -117 4 0
-5 -118 0 2
-5 -118 -1 1
-5 -119 1 2
-5 -119 0 1
-5 -119 -1 1
-15 -103 0 2
-15 -103 1 1
-14 -103 -1 1
-14 -103 0 2
-14 -103 1 1
-41 -136 6 0
-19 -108 4 1
-19 -108 3 1
-19 -109 5 1
-19 -109 4 1
-19 -109 3 1
-20 -107 5 1
-20 -107 4 2
-10 -101 8 0
-11 -101 6 0
-2 -107 6 1
-9 -101 8 0
-5 -105 5 0
-3 -107 5 0
-50 -146 3 1
-29 -113 8 0
-50 -147 3 1
-32 -123 7 0
-22 -108 5 1
-34 -123 8 0
-33 -123 8 0
-34 -123 7 0
-33 -122 7 0
-22 -109 3 1
-22 -109 4 1
-39 -130 6 0
-37 -131 6 0
-39 -130 8 0
-39 -130 5 0
-39 -130 4 0
-25 -115 7 0
-26 -114 7 0
-27 -115 6 0
-28 -113 6 0
-28 -112 6 0
-28 -112 8 0
-28 -112 7 0
-27 -112 6 0
-6 -112 4 0
-8 -114 4 0
-6 -113 4 0
-8 -113 3 0
-7 -112 3 0
-7 -114 3 0
-7 -115 4 0
-46 -142 5 1
-6 -112 3 0
-2 -117 3 0
-5 -119 3 0
-3 -118 2 0
-9 -140 1 1
-9 -139 -1 2
-6 -113 2 1
-9 -114 2 1
-7 -114 2 1
-6 -112 2 1
-8 -115 1 2
-9 -116 0 1
-13 -103 8 0
-9 -116 1 1
-9 -116 2 1
-16 -104 7 0
-46 -138 6 0
-46 -138 7 0
-47 -139 6 0
-47 -139 7 0
-43 -141 6 0
-44 -140 7 0
-43 -141 7 0
-1 -105 5 1
-29 -103 -1 1
-29 -103 0 1
-28 -103 -1 1
-28 -103 0 1
-28 -103 1 1
-33 -108 -1 1
-33 -108 0 1
-33 -108 1 1
-33 -107 -1 1
-33 -107 0 2
-33 -107 1 1
-33 -106 -1 1
-33 -106 0 2
-33 -106 1 1
-31 -110 -1 1
-31 -110 0 1
-31 -110 1 1
-31 -109 -1 1
-31 -109 0 2
-31 -109 1 1
-31 -105 -1 1
-31 -107 4 0
-18 -106 6 0
-28 -113 4 1
-4 -116 1 1
-4 -115 1 1
-5 -118 1 2
-7 -117 -1 1
-4 -118 -1 1
-19 -101 2 1
-19 -101 3 1
-17 -101 2 1
-17 -101 3 2
-17 -101 4 1
-16 -101 2 1
-16 -101 3 2
-16 -101 4 1
-15 -101 2 1
-15 -101 3 2
-15 -101 4 1
-22 -101 4 1
-21 -101 4 1
-20 -101 4 1
-18 -101 3 2
-21 -102 2 2
-22 -103 1 2
-22 -103 2 2
-22 -103 3 2
-22 -102 1 1
-22 -102 2 1
-22 -102 3 1
-21 -103 1 2
-21 -103 2 2
-21 -103 3 1
-21 -102 1 2
-21 -102 3 2
-20 -103 1 1
-20 -103 2 1
-20 -103 3 2
-20 -102 1 1
-20 -102 2 1
-20 -102 3 1
-12 -110 4 0
-9 -107 4 0
-10 -110 3 0
-10 -111 4 0
-16 -104 4 2
-8 -108 3 1
-9 -110 3 0
-10 -111 3 0
-8 -109 2 0
-10 -110 2 1
-9 -110 2 1
-1 -128 -1 1
-12 -111 1 1
-1 -128 0 1
-1 -128 1 1
-11 -111 0 1
-1 -125 1 1
-1 -125 0 2
-1 -129 -1 1
-2 -125 1 1
-1 -129 0 2
-1 -129 1 1
-10 -101 7 0
-11 -101 7 0
-11 -101 8 0
-45 -139 8 0
-45 -139 4 2
-15 -107 -1 1
-15 -107 1 1
-14 -108 -1 1
-45 -137 5 1
-44 -137 3 1
-44 -137 4 1
-44 -137 5 1
-43 -139 3 1
-43 -139 4 1
-43 -139 5 1
-43 -138 3 1
-43 -138 4 1
-43 -138 5 1
-43 -137 3 1
-43 -137 4 1
-43 -137 5 1
-47 -140 6 0
-47 -142 7 0
-50 -148 8 0
-47 -142 6 0
-50 -148 6 0
-48 -141 7 0
-11 -109 5 0
-50 -147 6 0
-46 -143 6 0
-45 -144 6 0
-46 -143 7 0
-47 -142 8 0
-39 -103 2 2
-40 -101 4 1
-42 -102 7 1
-28 -114 7 0
-27 -113 8 0
-27 -114 8 0
-40 -128 7 0
-40 -128 6 0
-39 -128 7 0
-39 -129 7 0
-39 -128 6 0
-34 -122 7 0
-8 -111 -1 1
-8 -111 1 1
-13 -146 3 0
-11 -149 3 0
-14 -108 2 1
-14 -107 0 1
-14 -107 1 2
-17 -103 0 2
-47 -144 4 1
-13 -109 0 1
-13 -109 -1 1
-5 -119 2 1
-5 -120 2 1
-19 -103 4 1
-19 -103 3 2
-19 -103 2 1
-16 -102 4 1
-16 -102 3 2
-9 -145 0 1
-9 -145 1 1
-10 -144 -1 1
-10 -144 0 1
-10 -144 1 1
-36 -106 6 0
-37 -107 5 0
-35 -106 5 0
-36 -108 4 0
-35 -107 4 0
-35 -104 3 1
-35 -105 2 1
-39 -109 1 1
-10 -144 5 0
-12 -145 4 0
-11 -143 4 0
-10 -144 3 0
-10 -143 4 0
-11 -143 3 0
-12 -143 4 0
-9 -145 4 0
-10 -142 3 0
-13 -143 3 0
-9 -144 3 0
-11 -142 3 0
-9 -145 3 0
-35 -105 1 1
-35 -104 -1 1
-35 -104 0 1
-35 -104 1 2
-11 -143 2 0
-11 -142 2 0
-10 -145 2 0
-12 -142 0 2
-13 -142 -1 1
-13 -142 0 1
-13 -142 1 1
-13 -141 -1 1
-13 -141 0 1
-13 -141 1 1
-12 -142 -1 1
-12 -142 1 1
-12 -141 -1 1
-12 -141 0 1
-12 -141 1 1
-11 -142 -1 1
-11 -142 0 1
-11 -142 1 1
-11 -141 -1 1
-32 -101 5 0
-11 -141 1 1
-9 -144 -1 1
-9 -144 0 1
-36 -101 5 2
-37 -102 5 1
-37 -102 6 1
-37 -101 5 1
-37 -101 6 1
-36 -102 5 1
-36 -102 6 1
-36 -101 6 1
-35 -102 6 1
-35 -101 6 1
-35 -105 5 0
-37 -108 5 0
-35 -107 5 0
-35 -106 4 0
-38 -108 4 1
-35 -105 3 1
-36 -108 3 1
-36 -109 1 1
-36 -109 2 1
-36 -109 3 1
-36 -108 1 1
-36 -108 2 1
-36 -107 1 1
-36 -107 2 1
-38 -106 4 1
-38 -106 2 1
-18 -106 7 0
-45 -101 2 1
-10 -143 2 0
-39 -101 3 1
-39 -101 2 2
-39 -102 4 1
-39 -102 3 1
-39 -102 2 2
-39 -103 4 1
-44 -149 1 1
-44 -149 2 1
-49 -148 5 1
-38 -130 6 0
-40 -134 7 0
-39 -134 6 0
-40 -134 6 0
-42 -132 7 0
-42 -131 6 0
-42 -132 6 0
-41 -131 7 0
-41 -132 7 0
-41 -131 6 0
-41 -132 6 0
-39 -132 6 0
-40 -132 7 0
-39 -131 6 0
-40 -132 6 0
-39 -133 7 0
-40 -133 7 0
-17 -104 4 2
-39 -133 6 0
-18 -104 5 1
-18 -104 4 2
-18 -104 3 1
-17 -105 9 0
-15 -107 6 0
-15 -107 8 0
-15 -107 7 0
-17 -107 6 0
-17 -107 8 0
-18 -107 6 0
-18 -107 8 0
-19 -105 7 0
-18 -104 6 0
-45 -104 -1 1
-41 -104 2 1
-39 -101 4 1
-4 -133 0 2
-4 -133 -1 1
-29 -116 9 0
-29 -116 6 2
-30 -116 5 1
-33 -122 8 0
-30 -120 8 0
-31 -121 8 0
-31 -121 7 0
-33 -119 8 0
-33 -119 7 0
-33 -117 7 0
-31 -117 8 0
-31 -117 7 0
-31 -118 7 0
-30 -118 8 0
-31 -118 8 0
-30 -117 7 1
-9 -111 1 1
-36 -125 6 0
-9 -111 0 1
-9 -110 5 0
-9 -110 4 0
-9 -107 -1 1
-3 -112 2 0
-50 -147 7 0
-37 -126 6 0
-42 -137 3 1
-1 -111 1 1
-1 -111 0 1
-2 -111 1 1
-2 -111 0 1
-2 -112 2 1
-2 -112 1 1
-2 -112 0 1
-2 -113 1 1
-2 -113 0 1
-3 -110 2 0
-3 -113 2 0
-1 -111 2 1
-4 -111 2 0
-2 -110 3 0
-2 -111 3 0
-4 -113 3 0
-4 -110 3 0
-3 -113 3 0
-1 -110 3 0
-5 -112 3 0
-3 -110 4 0
-4 -113 4 0
-4 -111 4 0
-2 -114 4 0
-4 -112 4 0
-3 -110 5 0
-4 -111 5 0
-3 -112 4 0
-3 -111 5 0
-2 -112 6 0
-2 -112 5 0
-4 -133 2 1
-3 -135 2 1
-6 -133 2 0
-3 -133 2 1
-3 -136 2 0
-46 -139 7 0
-47 -140 7 0
-28 -114 8 0
-35 -122 8 0
-24 -114 6 0
-19 -107 6 0
-40 -131 8 0
-44 -101 4 1
-43 -101 5 1
-45 -101 5 0
-42 -101 4 1
-46 -102 4 0
-42 -102 3 1
-45 -104 2 1
-44 -104 2 1
-44 -103 2 1
-43 -104 2 1
-43 -103 2 1
-43 -102 2 1
-42 -101 3 1
-4 -136 1 1
-8 -133 -1 1
-5 -135 1 1
-10 -134 0 1
-6 -134 2 0
-5 -136 2 1
-7 -133 3 1
-7 -133 2 1
-7 -133 1 1
-8 -133 3 1
-8 -133 2 1
-8 -133 1 1
-9 -133 3 1
-9 -133 2 1
-9 -133 1 1
-5 -134 2 1
-5 -135 3 0
-6 -134 3 0
-7 -134 4 0
-5 -135 4 0
-5 -136 1 1
-5 -136 0 2
-5 -136 -1 1
-5 -137 1 1
-5 -137 0 1
-5 -137 -1 1
-18 -105 4 2
-18 -105 3 2
-18 -106 5 1
-1 -102 16 1
-1 -104 14 1
-1 -104 15 2
-1 -104 16 1
-25 -107 -1 1
-1 -103 19 0
-1 -101 18 0
-1 -103 17 0
-2 -103 18 0
-2 -101 17 0
-2 -102 17 0
-2 -103 16 1
-2 -102 16 0
-2 -105 14 2
-2 -105 15 1
-2 -105 16 1
-2 -104 14 2
-2 -104 15 1
-2 -104 16 1
-2 -103 14 1
-2 -103 15 1
-1 -105 14 2
-1 -105 15 1
-1 -105 16 1
-2 -104 13 2
-2 -103 13 1
-2 -102 13 1
-2 -102 14 1
-8 -113 5 0
-7 -114 5 0
-15 -106 -1 1
-15 -106 0 2
-2 -125 3 0
-14 -105 -1 1
-14 -105 0 1
-1 -125 2 0
-13 -105 0 2
-2 -124 2 0
-20 -107 6 0
-1 -104 18 0
-2 -104 17 0
-2 -103 17 0
-2 -101 16 0
-2 -106 13 1
-2 -106 14 1
-2 -106 15 1
-2 -105 13 2
-1 -106 13 1
-1 -106 14 1
-1 -106 15 1
-20 -109 6 0
-22 -109 5 1
-9 -141 4 0
-9 -141 5 0
-10 -141 4 0
-10 -141 3 0
-10 -140 4 0
-8 -140 4 0
-10 -140 3 0
-8 -142 4 0
-9 -140 3 0
-9 -139 3 0
-12 -140 3 2
-13 -141 2 1
-13 -141 3 1
-13 -141 4 1
-13 -140 2 1
-13 -140 3 1
-13 -140 4 1
-13 -139 2 1
-13 -139 3 1
-13 -139 4 1
-12 -141 2 1
-12 -141 3 1
-12 -141 4 1
-12 -140 2 1
-12 -140 4 1
-12 -139 2 1
-12 -139 3 1
-12 -139 4 1
-11 -140 2 1
-11 -140 3 1
-11 -140 4 1
-11 -139 2 1
-11 -139 3 1
-11 -139 4 1
-8 -141 3 0
-10 -139 3 0
-9 -140 2 0
-8 -140 2 0
-10 -140 2 0
-8 -141 2 0
-9 -139 2 0
-9 -142 2 0
-8 -141 1 0
-10 -139 0 2
-11 -139 -1 1
-11 -139 0 1
-11 -139 1 1
-11 -138 -1 1
-11 -138 0 1
-11 -138 1 1
-10 -139 -1 1
-10 -139 1 1
-10 -138 -1 1
-10 -138 0 2
-10 -138 1 1
-9 -140 -1 2
-9 -140 0 1
-1 -105 13 1
-2 -121 3 0
-2 -121 4 0
-1 -119 4 0
-3 -122 4 0
-39 -130 7 0
-1 -121 3 0
-4 -121 3 0
-2 -118 3 0
-2 -122 3 0
-1 -120 3 0
-4 -122 3 0
-2 -121 2 1
-1 -121 2 1
-1 -119 2 0
-3 -122 2 1
-1 -120 2 0
-1 -122 1 2
-2 -123 0 1
-28 -112 3 1
-2 -123 1 1
-2 -123 2 1
-2 -122 0 2
-2 -122 1 1
-37 -107 4 1
-36 -107 4 0
-36 -104 3 0
-36 -106 3 0
-37 -107 3 1
-36 -105 2 1
-37 -107 2 1
-37 -106 2 1
-38 -106 -1 1
-38 -106 0 1
-38 -106 1 1
-37 -106 -1 1
-37 -106 0 1
-37 -106 1 1
-36 -106 -1 1
-36 -106 0 2
-36 -106 1 1
-36 -105 -1 1
-40 -135 6 0
-26 -111 5 1
-41 -135 7 0
-5 -105 11 0
-4 -104 10 0
-42 -135 6 0
-40 -136 6 0
-42 -135 8 0
-43 -134 3 1
-43 -134 4 1
-17 -103 8 0
-17 -103 6 0
-7 -119 -1 1
-7 -119 0 1
-7 -118 0 1
-7 -118 1 1
-6 -120 -1 1
-6 -120 0 1
-6 -120 1 1
-6 -119 -1 1
-6 -119 1 1
-6 -118 1 1
-5 -120 -1 1
-5 -120 0 1
-18 -105 0 1
-18 -105 1 1
-5 -111 0 1
-5 -111 1 1
-5 -110 -1 1
-5 -110 0 1
-21 -108 5 1
-42 -138 6 0
-21 -108 4 1
-42 -138 7 0
-20 -107 3 2
-21 -107 5 1
-47 -142 5 1
-21 -107 3 1
-49 -142 7 0
-20 -108 8 0
-48 -146 7 0
-4 -119 2 1
-3 -116 2 0
-28 -150 0 1
-28 -150 1 1
-28 -150 2 1
-6 -118 2 1
-3 -119 2 1
-19 -107 5 1
-17 -106 7 0
-16 -106 7 0
-16 -106 8 0
-42 -104 4 1
-42 -104 5 1
-42 -103 3 1
-42 -103 4 1
-42 -103 5 1
-42 -102 4 1
-41 -102 4 1
-1 -119 1 1
-5 -133 4 0
-4 -135 4 0
-17 -104 2 1
-16 -104 2 1
-14 -103 2 1
-14 -103 3 2
-14 -103 4 1
-9 -101 7 0
-45 -142 7 0
-50 -147 8 0
-19 -101 -1 1
-47 -141 6 0
-20 -109 8 0
-21 -108 8 0
-47 -141 7 0
-21 -106 8 0
-30 -115 7 1
-30 -117 8 0
-30 -116 8 0
-32 -116 7 0
-31 -116 8 0
-31 -116 7 0
-28 -116 7 1
-27 -116 7 0
-28 -116 8 0
-8 -133 0 1
-7 -133 -1 1
-7 -133 0 1
-6 -134 -1 1
-6 -134 0 1
-6 -134 1 1
-6 -133 -1 1
-6 -133 0 2
-6 -133 1 1
-5 -135 -1 1
-5 -135 0 2
-12 -102 3 2
-4 -137 -1 1
-4 -137 0 1
-4 -137 1 1
-4 -136 -1 1
-4 -136 0 2
-19 -103 1 1
-4 -135 -1 1
-4 -135 0 2
-4 -135 1 1
-5 -134 -1 1
-5 -134 0 2
-5 -134 1 1
-38 -105 5 0
-38 -106 5 0
-38 -104 5 0
-39 -106 5 0
-37 -105 4 1
-26 -114 4 1
-37 -104 4 0
-37 -106 3 1
-37 -103 3 1
-37 -105 3 1
-37 -103 1 2
-37 -103 2 1
-37 -102 1 1
-37 -102 2 1
-37 -102 3 1
-37 -101 1 1
-37 -101 2 1
-37 -101 3 1
-37 -104 2 1
-38 -104 0 2
-39 -105 -1 1
-39 -105 0 1
-38 -105 -1 1
-38 -105 0 1
-38 -105 1 1
-38 -104 -1 1
-38 -103 -1 1
-38 -103 0 1
-37 -105 -1 1
-37 -105 0 2
-37 -105 1 1
-37 -104 -1 1
-37 -104 0 1
-37 -104 1 1
-37 -103 -1 1
-37 -103 0 1
-1 -108 7 1
-1 -108 1 1
-17 -150 5 0
-5 -104 9 0
-16 -150 4 0
-3 -105 7 1
-3 -103 7 1
-17 -150 4 0
-1 -103 7 1
-14 -102 8 0
-17 -104 8 0
-14 -108 0 1
-13 -107 1 2
-39 -132 7 0
-14 -107 2 1
-12 -106 2 1
-12 -102 4 1
-21 -108 7 0
-44 -141 6 0
-34 -126 7 0
-42 -137 4 1
-46 -142 7 0
-3 -118 -1 1
-21 -101 2 1
-21 -101 1 1
-21 -101 0 1
-7 -117 0 1
-18 -107 7 0
-50 -150 5 1
-17 -107 7 0
-17 -108 7 0
-35 -124 8 0
-36 -122 8 0
-35 -123 8 0
-36 -122 7 0
-23 -109 4 2
-23 -109 3 1
-22 -110 4 2
-22 -110 9 0
-22 -110 8 0
-21 -111 6 0
-21 -111 7 0
-22 -112 7 0
-23 -109 6 0
-3 -134 1 1
-5 -116 2 0
-7 -118 2 0
-4 -118 3 0
-6 -118 3 0
-3 -116 3 0
-4 -105 9 0
-5 -118 4 0
-25 -111 7 0
-24 -111 8 0
-24 -111 7 0
-48 -143 3 1
-20 -108 9 0
-24 -112 7 0
-5 -120 1 1
-50 -150 1 1
-50 -150 0 2
-47 -148 4 1
-47 -148 3 2
-47 -148 2 1
-47 -149 4 1
-47 -149 3 1
-47 -149 2 1
-47 -150 4 1
-47 -150 3 1
-43 -133 7 0
-48 -148 3 1
-48 -148 2 1
-22 -113 7 0
-22 -112 6 0
-24 -111 9 0
-25 -110 3 1
-25 -110 4 1
-25 -110 5 1
-24 -110 3 1
-24 -110 4 2
-24 -110 5 1
-23 -112 3 1
-23 -112 4 1
-23 -112 5 1
-23 -111 3 1
-23 -111 4 1
-23 -111 5 1
-23 -110 3 1
-23 -110 4 1
-44 -140 4 1
-44 -140 5 1
-44 -139 3 1
-11 -102 -1 1
-11 -102 0 2
-11 -102 1 2
-11 -101 -1 1
-11 -101 0 2
-11 -101 1 1
-1 -124 4 0
-34 -101 2 0
-3 -103 15 1
-41 -102 5 0
-41 -104 5 0
-40 -102 5 0
-41 -104 4 1
-45 -105 4 1
-45 -105 5 1
-45 -105 6 1
-45 -104 6 1
-45 -103 6 1
-44 -105 4 1
-33 -101 6 0
-34 -101 5 0
-43 -105 4 1
-43 -105 5 1
-43 -105 6 1
-41 -105 4 0
-32 -102 5 0
-41 -104 3 1
-41 -105 3 1
-40 -104 2 2
-42 -103 -1 1
-42 -103 0 1
-41 -103 -1 1
-41 -103 0 1
-40 -103 -1 1
-40 -103 0 2
-40 -102 -1 1
-40 -102 0 2
-40 -101 -1 1
-40 -101 0 1
-42 -102 2 1
-41 -102 2 2
-31 -102 4 1
-31 -101 4 1
-42 -101 1 1
-42 -101 2 1
-41 -103 1 1
-41 -103 2 1
-30 -102 2 1
-30 -102 3 1
-30 -102 4 1
-30 -101 2 1
-30 -101 3 1
-30 -101 4 1
-40 -103 1 1
-40 -103 2 2
-40 -103 3 2
-40 -102 1 2
-40 -102 2 2
-40 -102 3 2
-40 -101 1 2
-40 -101 2 2
-40 -101 3 1
-44 -103 1 2
-45 -104 0 1
-45 -104 1 1
-44 -104 0 1
-44 -104 1 1
-44 -103 0 2
-43 -104 0 1
-43 -104 1 1
-43 -103 0 2
-43 -103 1 1
-43 -102 0 1
-43 -102 1 1
-45 -103 -1 1
-45 -102 -1 1
-44 -103 -1 1
-44 -102 -1 1
-43 -103 -1 1
-43 -102 -1 1
-42 -102 -1 1
-42 -102 0 1
-42 -101 -1 1
-42 -101 0 2
-1 -106 1 1
-1 -108 6 1
-2 -108 5 0
-1 -108 4 1
-13 -150 4 0
-13 -150 5 0
-13 -148 4 0
-8 -104 2 1
-32 -104 -1 1
-33 -104 0 2
-33 -104 -1 1
-33 -108 2 0
-32 -109 2 0
-33 -108 3 0
-32 -105 4 0
-32 -108 4 0
-38 -109 1 1
-39 -109 3 1
-39 -109 2 1
-2 -117 0 1
-31 -106 3 0
-31 -109 3 0
-32 -107 4 0
-30 -106 4 0
-31 -108 4 0
-30 -107 4 0
-24 -108 2 1
-24 -108 3 2
-24 -108 4 1
-23 -108 2 1
-25 -107 1 2
-24 -107 1 1
-24 -103 2 1
-24 -102 0 1
-24 -102 1 1
-24 -102 2 1
-21 -109 -1 1
-21 -109 1 1
-20 -109 -1 1
-20 -109 0 1
-20 -109 1 1
-19 -109 -1 1
-19 -109 0 1
-19 -109 1 1
-25 -106 -1 1
-25 -106 0 2
-25 -105 -1 1
-25 -105 0 1
-25 -104 -1 1
-25 -104 0 1
-24 -106 -1 1
-30 -105 3 1
-30 -106 3 1
-30 -107 3 0
-29 -107 3 1
-30 -106 -1 1
-31 -106 -1 1
-31 -107 -1 1
-31 -108 1 1
-31 -108 0 1
-31 -108 -1 1
-26 -104 1 1
-26 -104 0 1
-26 -104 -1 1
-27 -104 1 1
-27 -104 0 1
-11 -105 4 0
-27 -104 -1 1
-12 -101 2 1
-11 -101 2 1
-10 -102 0 1
-10 -102 1 1
-10 -101 0 1
-10 -101 1 1
-10 -101 2 1
-10 -111 5 0
-9 -109 5 0
-9 -111 4 0
-9 -111 5 0
-11 -110 5 0
-8 -109 4 0
-11 -137 2 1
-11 -137 3 1
-11 -136 1 1
-11 -136 2 1
-11 -136 3 1
-10 -137 3 1
-10 -112 4 0
-8 -111 4 0
-11 -111 4 0
-5 -111 2 0
-3 -111 2 0
-4 -110 2 0
-4 -112 2 0
-2 -110 2 0
-5 -110 2 0
-3 -109 3 0
-4 -111 3 0
-5 -109 3 0
-4 -112 3 0
-3 -110 3 0
-4 -109 4 0
-5 -113 4 0
-5 -110 4 0
-3 -109 4 0
-5 -112 4 0
-5 -111 4 0
-4 -109 5 0
-4 -112 5 0
-2 -110 5 0
-5 -111 5 0
-4 -110 5 0
-4 -110 4 0
-3 -111 6 0
-9 -111 3 0
-9 -112 4 0
-8 -110 3 0
-27 -113 7 0
-26 -113 3 1
-26 -114 5 1
-48 -146 6 0
-47 -146 6 0
-49 -145 7 0
-48 -144 7 0
-1 -106 4 1
-1 -105 2 2
-1 -105 3 1
-3 -118 3 0
-14 -102 1 1
-13 -102 -1 1
-44 -139 4 1
-12 -107 4 0
-12 -106 3 0
-3 -105 2 1
-3 -105 3 2
-3 -105 4 1
-3 -104 2 2
-3 -104 3 1
-2 -104 2 2
-2 -104 3 1
-1 -104 2 1
-1 -104 3 1
-12 -106 5 0
-4 -105 3 1
-50 -150 3 2
-14 -149 1 1
-44 -140 3 1
-45 -138 5 1
-45 -138 4 1
-45 -138 3 1
-22 -111 7 0
-23 -111 7 0
-16 -103 8 0
-16 -103 7 0
-15 -102 8 0
-19 -102 3 2
-19 -102 2 1
-17 -102 4 1
-17 -102 3 2
-18 -101 2 1
-7 -117 1 1
-32 -118 7 0
-4 -130 1 1
-3 -130 -1 1
-3 -130 0 1
-3 -130 1 1
-2 -131 -1 1
-2 -131 0 1
-2 -131 1 1
-2 -130 -1 1
-2 -130 0 1
-2 -130 1 2
-36 -103 0 2
-36 -103 2 1
-13 -147 3 0
-11 -149 4 0
-12 -146 4 0
-15 -147 3 0
-27 -112 4 1
-27 -112 3 1
-27 -113 5 1
-27 -113 3 1
-27 -114 5 1
-2 -120 3 0
-2 -120 4 0
-3 -121 4 0
-2 -119 4 0
-12 -102 2 1
-20 -103 -1 1
-20 -103 0 2
-11 -146 5 0
-45 -101 1 2
-6 -115 1 1
-6 -115 0 2
-6 -115 -1 1
-7 -114 -1 1
-7 -115 -1 1
-6 -114 0 2
-7 -136 1 1
-7 -136 0 2
-7 -136 -1 1
-6 -137 -1 1
-6 -138 -1 1
-6 -139 -1 1
-8 -135 0 2
-8 -135 -1 1
-9 -135 0 1
-9 -135 -1 1
-6 -116 3 0
-6 -113 3 0
-8 -115 4 0
-5 -115 4 0
-7 -116 4 0
-7 -115 3 0
-6 -115 4 0
-35 -121 7 0
-35 -122 7 0
-25 -112 9 0
-33 -124 7 0
-33 -124 8 0
-24 -114 7 0
-24 -113 7 0
-25 -114 6 0
-25 -114 8 0
-25 -114 7 0
-27 -114 6 0
-26 -114 8 0
-27 -111 6 0
-17 -105 8 0
-34 -125 8 0
-34 -125 6 0
-35 -124 7 0
-11 -112 0 1
-11 -112 -1 1
-11 -113 1 1
-11 -113 0 1
-11 -113 -1 1
-10 -112 0 2
-8 -112 2 1
-6 -111 1 1
-6 -111 0 1
-6 -111 -1 1
-6 -112 1 1
-6 -112 0 1
-6 -112 -1 1
-6 -113 1 1
-6 -113 0 1
-6 -113 -1 1
-7 -113 1 1
-7 -113 0 1
-7 -113 -1 1
-8 -113 1 1
-8 -113 0 1
-8 -113 -1 1
-9 -113 2 1
-7 -111 2 1
-8 -111 2 1
-2 -124 4 0
-10 -112 2 1
-7 -112 2 1
-9 -113 3 0
-10 -112 3 0
-7 -113 3 0
-10 -113 3 0
-7 -111 3 0
-8 -113 4 0
-8 -112 3 0
-8 -110 4 0
-7 -112 4 0
-41 -134 6 0
-9 -113 4 0
-7 -111 4 0
-8 -112 5 0
-8 -112 4 0
-8 -110 5 0
-9 -112 5 0
-8 -111 5 0
-43 -134 5 1
-28 -113 3 1
-38 -128 5 0
-38 -128 6 0
-38 -128 9 0
-38 -128 8 0
-36 -129 6 0
-37 -129 6 0
-36 -129 8 0
-36 -130 7 0
-37 -129 7 0
-38 -130 8 0
-39 -129 8 0
-40 -128 8 0
-39 -127 6 0
-39 -127 8 0
-39 -127 7 0
-38 -126 6 0
-38 -127 6 0
-38 -126 8 0
-38 -126 7 0
-38 -127 7 0
-36 -127 6 0
-37 -127 6 0
-35 -123 7 0
-34 -122 8 0
-34 -121 7 0
-1 -123 -1 1
-2 -123 -1 1
-2 -124 1 1
-2 -124 0 2
-2 -124 -1 1
-3 -122 -1 1
-3 -123 -1 1
-3 -124 1 1
-3 -124 0 1
-3 -124 -1 1
-4 -122 -1 1
-4 -123 -1 1
-4 -124 1 1
-4 -124 0 1
-36 -125 5 0
-4 -124 -1 1
-36 -125 9 0
-36 -125 8 0
-34 -126 6 0
-34 -126 8 0
-3 -123 3 0
-35 -126 7 0
-1 -123 3 0
-1 -119 3 0
-3 -122 3 0
-42 -137 5 1
-37 -125 6 0
-37 -125 8 0
-37 -125 7 0
-37 -126 7 0
-35 -125 6 0
-35 -125 8 0
-35 -125 7 0
-36 -126 7 0
-35 -127 6 0
-47 -142 3 1
-47 -141 3 1
-46 -141 4 2
-50 -148 7 0
-22 -110 5 1
-22 -110 3 1
-22 -111 5 1
-22 -111 4 1
-22 -111 3 1
-23 -109 5 1
-18 -107 5 1
-18 -106 3 2
-36 -103 3 1
-34 -102 3 1
-47 -144 5 1
-47 -143 3 1
-47 -143 4 1
-47 -143 5 1
-32 -117 7 0
-32 -117 8 0
-29 -118 7 0
-43 -137 6 0
-45 -141 5 1
-45 -140 3 1
-45 -140 4 1
-41 -133 6 0
-12 -104 7 0
-23 -106 1 1
-24 -104 1 2
-24 -105 1 2
-8 -138 4 0
-8 -137 4 0
-7 -139 4 0
-7 -137 3 0
-7 -116 0 1
-7 -116 1 1
-7 -116 2 1
-7 -115 0 1
-7 -115 1 2
-37 -105 5 0
-37 -105 6 0
-36 -104 5 0
-38 -107 5 0
-36 -106 5 0
-6 -108 5 0
-7 -110 4 0
-7 -109 4 0
-6 -108 4 0
-4 -108 3 1
-7 -108 3 1
-5 -108 3 1
-7 -109 2 0
-4 -109 2 0
-6 -109 2 0
-6 -110 -1 1
-6 -110 0 1
-6 -110 1 1
-6 -109 -1 1
-6 -109 0 1
-6 -109 1 1
-6 -108 -1 1
-6 -108 0 2
-6 -108 1 1
-5 -108 -1 1
-5 -108 0 1
-5 -108 1 1
-4 -108 -1 1
-4 -108 0 1
-4 -108 1 1
-44 -150 3 1
-43 -150 1 1
-43 -150 2 2
-43 -150 3 1
-45 -147 0 1
-45 -147 1 1
-45 -147 2 1
-44 -148 0 1
-44 -148 1 1
-44 -148 2 1
-44 -147 0 1
-44 -147 1 1
-44 -147 2 1
-40 -102 6 0
-9 -141 -1 1
-9 -141 0 1
-9 -141 1 1
-37 -103 5 0
-38 -102 4 1
-38 -101 4 1
-39 -101 0 1
-38 -102 0 2
-38 -101 0 1
-4 -107 4 0
-4 -107 2 2
-5 -107 2 1
-5 -107 3 1
-5 -106 1 1
-5 -106 2 1
-5 -106 3 1
-4 -108 2 1
-4 -107 1 1
-4 -107 3 1
-4 -106 1 1
-4 -106 2 1
-3 -108 1 1
-3 -108 2 1
-3 -108 3 1
-3 -107 1 1
-3 -107 2 2
-3 -107 3 1
-3 -106 1 1
-4 -102 1 1
-4 -102 2 1
-4 -102 3 1
-3 -102 1 1
-3 -102 2 1
-3 -102 3 1
-2 -102 1 1
-44 -150 -1 1
-44 -149 -1 1
-41 -149 3 1
-40 -150 3 1
-40 -149 3 1
-38 -150 -1 1
-38 -150 0 1
-38 -150 1 1
-37 -150 -1 1
-37 -150 0 1
-37 -150 1 1
-36 -150 -1 1
-36 -150 0 1
-36 -150 1 1
-39 -150 -1 1
-9 -106 3 0
-9 -105 4 0
-10 -105 4 0
-10 -103 3 2
-11 -103 2 1
-36 -105 0 2
-28 -105 3 1
-28 -105 2 1
-29 -104 3 1
-29 -104 2 1
-29 -104 1 1
-29 -105 3 1
-30 -104 3 1
-30 -104 2 2
-30 -104 1 1
-7 -137 -1 1
-7 -138 -1 1
-7 -139 -1 1
-8 -136 1 1
-8 -136 0 1
-8 -136 -1 1
-8 -137 -1 1
-9 -136 0 2
-9 -136 -1 1
-10 -136 0 1
-10 -136 -1 1
-6 -137 2 1
-6 -137 1 2
-6 -137 0 2
-6 -138 2 1
-6 -138 1 1
-6 -138 0 1
-6 -139 2 1
-6 -139 1 1
-6 -139 0 1
-24 -106 0 2
-7 -137 1 2
-7 -137 0 1
-44 -101 2 1
-50 -146 5 1
-50 -146 4 1
-35 -104 4 0
-39 -102 0 1
-39 -102 -1 1
-39 -103 0 1
-39 -103 -1 1
-39 -104 0 1
-39 -104 -1 1
-40 -104 0 1
-40 -104 -1 1
-41 -104 0 1
-41 -104 -1 1
-39 -105 1 1
-40 -105 2 1
-40 -105 1 1
-41 -104 1 1
-14 -149 -1 1
-14 -149 0 2
-8 -115 3 0
-6 -111 3 0
-6 -114 3 0
-9 -114 3 0
-8 -114 3 0
-49 -148 3 1
-49 -148 4 1
-48 -149 4 1
-48 -149 2 1
-48 -150 4 1
-48 -150 3 2
-48 -150 2 1
-48 -149 3 2
-49 -150 4 1
-49 -150 3 2
-49 -150 2 1
-13 -107 0 1
-13 -108 2 1
-7 -135 0 2
-7 -135 -1 1
-45 -140 7 0
-8 -134 -1 1
-9 -134 0 1
-50 -148 2 1
-50 -149 2 1
-50 -150 4 2
-6 -136 1 1
-13 -101 4 1
-11 -135 1 1
-11 -135 0 1
-7 -135 2 1
-8 -134 3 1
-8 -134 2 2
-8 -134 1 1
-9 -134 3 1
-9 -134 1 1
-10 -134 3 1
-8 -135 4 0
-6 -136 4 0
-8 -136 4 0
-15 -103 -1 1
-50 -149 -1 1
-16 -105 0 2
-16 -105 -1 1
-17 -105 1 1
-11 -109 2 1
-10 -109 0 2
-11 -110 -1 1
-5 -105 10 0
-27 -105 -1 1
-27 -105 0 2
-27 -105 1 1
-29 -111 -1 1
-29 -111 0 1
-29 -111 1 1
-29 -110 -1 1
-29 -109 -1 1
-29 -108 -1 1
-30 -110 3 1
-30 -110 4 1
-30 -109 3 1
-30 -109 4 1
-30 -108 3 1
-30 -108 4 1
-28 -113 -1 1
-28 -113 0 1
-28 -113 1 1
-28 -112 -1 1
-27 -113 -1 1
-27 -113 0 1
-27 -113 1 1
-27 -112 -1 1
-26 -113 -1 1
-26 -113 0 1
-26 -113 1 1
-26 -112 -1 1
-25 -113 -1 1
-25 -113 0 1
-25 -113 1 1
-25 -112 -1 1
-25 -112 0 1
-25 -112 1 1
-28 -106 3 1
-34 -102 4 0
-36 -102 4 1
-32 -103 4 0
-34 -101 4 0
-33 -102 4 0
-36 -101 3 2
-27 -106 5 1
-26 -106 5 1
-36 -108 0 1
-36 -109 0 1
-37 -107 0 1
-37 -108 0 1
-37 -109 0 1
-38 -107 0 1
-38 -108 0 1
-38 -109 0 1
-35 -106 2 0
-35 -108 3 0
-34 -106 3 0
-37 -108 4 1
-25 -108 5 1
-34 -106 4 0
-31 -103 1 1
-31 -103 2 1
-31 -103 3 1
-31 -102 1 1
-31 -102 2 1
-31 -102 3 1
-31 -101 1 1
-31 -101 2 1
-31 -101 3 2
-1 -131 0 2
-1 -131 1 1
-43 -135 6 0
-32 -121 7 0
-35 -120 7 0
-14 -105 1 1
-45 -140 6 0
-44 -140 6 0
-46 -140 6 0
-46 -140 7 0
-4 -118 2 1
-6 -119 0 2
-47 -141 5 1
-7 -120 -1 1
-17 -108 6 0
-7 -120 0 1
-8 -110 2 0
-9 -112 3 0
-8 -111 3 0
-4 -104 5 0
-4 -103 5 0
-5 -104 4 0
-2 -104 4 1
-4 -106 4 1
-1 -106 3 2
-2 -107 2 1
-2 -107 3 1
-2 -107 4 1
-2 -106 2 2
-2 -106 3 1
-2 -106 4 1
-2 -105 2 1
-2 -105 3 2
-2 -105 4 1
-1 -107 2 2
-1 -107 3 1
-1 -107 4 1
-1 -106 2 1
-17 -150 -1 1
-17 -150 0 1
-17 -150 1 1
-1 -105 4 1
-4 -120 3 0
-16 -150 -1 1
-16 -150 0 2
-16 -150 1 1
-27 -150 2 1
-27 -150 1 1
-15 -150 -1 1
-15 -150 0 2
-15 -150 1 1
-27 -150 0 1
-9 -139 0 1
-9 -139 1 1
-9 -138 -1 1
-9 -138 0 2
-9 -138 1 1
-6 -117 1 1
-6 -117 0 2
-6 -117 -1 1
-11 -144 -1 1
-11 -144 0 2
-49 -142 6 0
-11 -143 -1 1
-11 -143 0 2
-11 -143 1 1
-10 -145 -1 1
-10 -145 0 2
-48 -142 5 1
-48 -141 3 1
-26 -111 3 1
-25 -112 4 2
-23 -112 6 0
-43 -137 7 0
-22 -109 7 0
-44 -139 5 1
-15 -150 4 0
-15 -150 5 0
-16 -105 2 1
-15 -105 2 1
-14 -150 5 0
-16 -149 4 0
-15 -105 3 2
-15 -149 4 0
-15 -105 4 1
-15 -104 2 1
-14 -150 4 0
-16 -149 3 0
-15 -104 3 2
-15 -104 4 1
-14 -149 3 0
-17 -149 3 0
-14 -102 -1 1
-15 -149 2 0
-14 -150 2 1
-16 -150 2 0
-14 -102 0 2
-5 -106 4 0
-3 -103 4 0
-3 -106 2 1
-3 -106 3 1
-3 -106 4 1
-18 -150 -1 1
-18 -150 0 1
-18 -150 1 1
-16 -149 -1 1
-16 -149 0 1
-16 -149 1 1
-15 -149 -1 1
-15 -149 0 2
-15 -149 1 1
-1 -104 4 1
-14 -150 -1 1
-14 -150 0 1
-14 -150 1 1
-43 -150 -2 1
-43 -150 -1 1
-43 -150 0 1
-26 -108 -1 1
-50 -147 2 1
-49 -149 2 1
-49 -149 3 2
-49 -149 4 2
-49 -148 2 1
-49 -147 2 1
-39 -104 5 0
-40 -105 5 0
-39 -105 4 1
-39 -105 5 0
-38 -103 5 0
-40 -106 5 0
-38 -105 4 1
-39 -106 4 1
-1 -102 17 0
-36 -105 1 1
-36 -104 -1 1
-36 -104 0 1
-36 -104 1 2
-37 -106 6 0
-36 -107 5 0
-36 -105 5 0
-36 -106 4 0
-36 -104 4 0
-35 -105 4 0
-37 -108 3 1
-35 -106 3 0
-36 -107 3 1
-39 -108 1 1
-39 -108 2 1
-39 -108 3 1
-39 -107 1 1
-39 -106 1 1
-38 -108 1 1
-38 -108 2 2
-38 -108 3 1
-38 -107 1 1
-37 -108 1 2
-37 -108 2 2
-37 -107 1 1
-36 -106 2 0
-38 -102 5 0
-39 -101 5 0
-1 -129 3 0
-39 -101 -1 1
-5 -110 1 1
-5 -109 -1 1
-5 -109 0 2
-5 -109 1 1
-4 -111 -1 1
-4 -111 0 1
-4 -111 1 1
-4 -110 -1 1
-4 -110 1 1
-4 -109 -1 1
-4 -109 0 1
-4 -109 1 1
-3 -111 -1 1
-3 -111 0 1
-3 -111 1 1
-3 -110 -1 1
-3 -110 0 1
-3 -110 1 1
-3 -109 -1 1
-3 -109 0 1
-3 -109 1 1
-39 -102 5 0
-39 -102 6 0
-38 -101 5 0
-40 -101 5 0
-42 -104 -1 1
-42 -104 0 1
-42 -104 1 1
-5 -110 5 0
-6 -110 4 0
-7 -109 5 0
-6 -111 5 0
-20 -108 5 1
-24 -109 8 0
-24 -110 6 0
-24 -109 6 0
-26 -111 7 0
-25 -111 6 0
-26 -111 6 0
-24 -113 8 0
-24 -112 6 0
-24 -113 6 0
-45 -101 0 1
-45 -102 2 1
-45 -102 1 1
-45 -102 0 1
-45 -103 2 1
-45 -103 1 1
-45 -103 0 1
-46 -103 2 1
-46 -103 1 1
-46 -103 0 1
-47 -103 2 1
-47 -103 1 1
-47 -103 0 1
-19 -108 8 0
-44 -139 6 0
-43 -139 6 0
-19 -105 6 0
-44 -139 7 0
-23 -101 1 1
-23 -101 2 1
-1 -120 0 1
-2 -118 2 0
-15 -106 1 1
-6 -119 2 1
-22 -101 0 1
-22 -101 1 1
-22 -101 2 1
-13 -105 1 1
-44 -102 2 1
-9 -108 0 1
-45 -101 3 0
-43 -101 3 1
-46 -102 3 0
-3 -118 1 1
-3 -118 0 2
-43 -102 5 2
-43 -102 4 2
-43 -102 3 1
-43 -103 5 1
-43 -103 4 2
-43 -103 3 2
-43 -104 5 1
-43 -104 4 1
-43 -104 3 1
-44 -102 5 1
-44 -102 4 1
-44 -102 3 1
-44 -103 5 1
-44 -103 3 2
-44 -104 5 2
-44 -104 4 1
-44 -104 3 1
-45 -102 5 1
-45 -102 3 1
-45 -103 5 1
-45 -103 4 1
-45 -103 3 1
-45 -104 5 1
-45 -104 4 1
-45 -104 3 1
-44 -103 4 2
-30 -116 6 1
-47 -101 4 0
-43 -101 4 1
-45 -102 4 1
-28 -118 7 0
-30 -115 8 0
-29 -114 8 0
-29 -115 8 0
-29 -114 7 0
-29 -115 7 1
-28 -115 8 0
-28 -115 7 1
-49 -146 5 1
-49 -146 4 2
-1 -122 2 1
-1 -122 0 2
-1 -123 2 1
-1 -123 1 1
-1 -123 0 2
-2 -122 2 1
-22 -104 4 1
-22 -103 4 1
-22 -102 4 1
-23 -104 1 2
-23 -104 2 2
-23 -104 3 1
-23 -103 1 2
-23 -103 2 2
-23 -103 3 1
-23 -102 1 1
-23 -102 2 1
-21 -104 1 2
-18 -107 -1 1
-18 -107 0 1
-18 -107 1 1
-18 -106 -1 1
-18 -106 0 2
-18 -106 1 1
-17 -107 -1 1
-17 -107 0 1
-17 -107 1 1
-21 -104 -1 1
-21 -104 0 2
-20 -104 0 2
-21 -105 5 1
-23 -106 2 1
-23 -106 3 2
-23 -106 4 1
-23 -105 2 1
-23 -105 4 1
-22 -106 2 1
-19 -107 -1 1
-19 -107 0 2
-19 -107 1 1
-22 -104 0 2
-9 -144 2 0
-14 -149 4 0
-45 -148 0 1
-45 -148 1 2
-46 -149 2 1
-9 -143 -1 1
-9 -143 0 2
-10 -140 1 1
-10 -140 0 2
-10 -140 -1 1
-10 -141 1 1
-10 -141 0 1
-20 -108 -1 1
-20 -108 0 2
-20 -108 1 1
-20 -107 -1 1
-7 -118 -1 1
-7 -119 1 1
-23 -101 0 1
-16 -106 -1 1
-22 -107 6 0
-22 -107 7 0
-21 -107 6 0
-32 -120 5 0
-32 -120 6 0
-32 -120 9 0
-31 -122 8 0
-34 -120 8 0
-22 -105 0 2
-22 -105 1 1
-8 -142 1 1
-8 -142 0 1
-50 -150 2 1
-24 -109 5 1
-24 -109 4 1
-24 -109 3 1
-24 -109 2 1
-44 -150 -2 1
-5 -104 12 0
-5 -105 13 0
-50 -147 1 1
-50 -147 0 1
-50 -147 -1 1
-50 -148 1 1
-50 -148 0 2
-50 -148 -1 1
-50 -149 1 1
-50 -149 0 2
-48 -150 1 1
-48 -150 0 2
-48 -150 -1 1
-48 -147 1 1
-48 -147 0 1
-48 -147 -1 1
-48 -148 1 1
-48 -148 0 1
-48 -148 -1 1
-48 -149 1 2
-48 -149 0 1
-48 -149 -1 1
-48 -146 2 1
-48 -147 2 1
-49 -146 2 1
-50 -146 2 1
-11 -109 0 1
-10 -110 -1 1
-10 -110 0 1
-10 -110 1 2
-10 -109 -1 1
-49 -149 5 1
-9 -110 -1 1
-9 -110 0 2
-9 -110 1 1
-9 -109 -1 1
-9 -109 0 2
-2 -123 3 0
-9 -108 -1 1
-1 -126 3 0
-45 -101 -1 1
-23 -109 7 0
-22 -108 6 0
-24 -111 4 2
-24 -111 3 1
-24 -112 5 1
-24 -112 4 1
-24 -112 3 1
-24 -113 5 1
-24 -113 4 1
-43 -134 6 0
-43 -135 7 0
-43 -134 7 0
-44 -135 6 0
-25 -112 7 0
-25 -113 6 0
-25 -113 8 0
-10 -109 5 0
-11 -109 4 0
-1 -125 3 0
-10 -108 5 0
-10 -110 5 0
-10 -110 4 0
-11 -110 4 0
-1 -126 2 0
-27 -116 8 0
-27 -112 5 1
-30 -117 6 1
-46 -102 -1 1
-47 -102 -1 1
-20 -110 3 1
-10 -109 1 1
-11 -109 -1 1
-41 -101 3 2
-41 -101 2 2
-41 -101 1 1
-41 -102 3 2
-41 -102 1 1
-41 -103 3 1
-42 -102 1 1
-42 -103 1 1
-35 -102 4 1
-33 -103 4 0
-36 -103 4 0
-33 -104 3 1
-35 -103 3 1
-34 -104 2 2
-35 -103 1 1
-35 -103 2 1
-34 -105 1 1
-34 -104 1 1
-40 -104 3 1
-44 -105 6 1
-44 -105 5 1
-34 -103 1 2
-34 -103 2 2
-33 -105 1 1
-7 -120 1 1
-13 -109 2 2
-9 -108 2 1
-11 -110 2 1
-10 -107 3 0
-10 -109 3 0
-12 -109 3 1
-9 -107 3 0
-18 -107 3 1
-11 -110 3 1
-11 -109 3 1
-10 -106 4 0
-41 -101 -1 1
-41 -102 0 2
-41 -102 -1 1
-43 -104 -1 1
-44 -104 -1 1
-2 -114 5 0
-47 -146 0 1
-2 -112 4 0
-1 -115 4 0
-47 -147 0 1
-2 -113 4 0
-1 -112 3 0
-1 -114 3 0
-2 -114 3 0
-48 -146 1 1
-1 -113 3 0
-2 -113 3 0
-1 -115 2 0
-1 -112 2 1
-1 -113 2 1
-48 -146 0 1
-47 -147 1 2
-46 -150 3 0
-46 -149 4 1
-43 -133 6 0
-40 -135 7 0
-42 -134 5 1
-42 -134 4 1
-42 -134 3 1
-26 -115 7 0
-40 -131 7 0
-27 -115 8 0
-42 -131 7 0
-13 -108 1 1
-13 -108 0 1
-14 -106 1 1
-14 -106 0 2
-24 -111 6 0
-46 -139 6 0
-3 -104 9 1
-3 -105 9 1
-49 -145 4 1
-46 -140 4 1
-46 -140 3 1
-47 -140 5 1
-47 -140 4 1
-50 -150 8 0
-50 -150 6 0
-45 -136 7 0
-42 -137 6 0
-43 -136 8 0
-4 -106 11 0
-2 -102 11 1
-45 -150 -2 1
-3 -102 13 1
-3 -102 12 1
-4 -105 11 0
-1 -103 11 1
-2 -103 11 1
-3 -103 11 1
-3 -104 11 1
-3 -105 11 1
-5 -106 12 0
-4 -105 12 0
-4 -103 12 0
-4 -106 12 0
-3 -103 12 1
-4 -104 13 0
-5 -106 13 0
-3 -105 12 1
-3 -106 12 1
-3 -107 13 0
-1 -102 12 1
-1 -103 12 1
-2 -102 12 2
-2 -103 12 2
-4 -106 14 0
-5 -104 14 0
-3 -104 12 1
-4 -103 13 0
-4 -106 13 0
-5 -104 13 0
-5 -106 14 0
-5 -105 14 0
-4 -105 13 0
-1 -104 12 1
-1 -104 11 1
-1 -105 11 1
-1 -106 12 1
-1 -106 11 2
-2 -104 12 2
-2 -104 11 2
-2 -105 12 2
-2 -105 11 2
-2 -106 12 1
-2 -106 11 1
-1 -105 12 2
-4 -103 14 0
-5 -105 15 0
-3 -102 15 0
-4 -106 15 0
-5 -103 15 0
-5 -105 16 0
-4 -105 14 0
-4 -103 15 0
-3 -107 8 0
-15 -150 3 0
-18 -150 3 0
-4 -106 8 0
-16 -150 3 0
-4 -105 7 0
-17 -150 2 0
-15 -103 5 1
-15 -102 5 1
-15 -101 5 1
-14 -102 5 1
-14 -101 5 1
-13 -101 5 1
-45 -141 6 0
-46 -141 7 0
-46 -141 6 0
-49 -147 7 0
-49 -144 6 0
-49 -144 7 0
-46 -139 3 1
-46 -139 4 1
-46 -139 5 1
-46 -138 3 1
-12 -110 -1 1
-13 -110 0 1
-13 -110 -1 1
-8 -109 1 1
-24 -109 7 0
-8 -109 0 1
-22 -110 6 0
-23 -110 6 0
-8 -109 -1 1
-8 -110 1 1
-8 -110 0 1
-8 -110 -1 1
-49 -147 4 1
-49 -147 3 2
-6 -114 -1 1
-6 -114 1 2
-5 -115 -1 1
-5 -115 0 2
-5 -115 1 1
-5 -114 -1 1
-5 -114 0 1
-5 -114 1 1
-5 -113 -1 1
-5 -113 0 1
-5 -113 1 1
-7 -113 2 1
-10 -114 -1 1
-10 -114 0 1
-10 -114 1 1
-9 -114 -1 1
-8 -114 -1 1
-12 -102 8 0
-11 -103 7 0
-16 -104 3 2
-13 -101 8 0
-16 -104 5 1
-13 -101 7 0
-16 -104 8 0
-16 -105 8 0
-15 -104 1 1
-12 -102 -1 1
-12 -102 0 2
-12 -101 1 1
-15 -105 1 1
-15 -104 -1 1
-15 -104 0 2
-13 -104 0 2
-13 -103 -1 1
-13 -103 0 2
-13 -103 1 1
-14 -105 2 1
-14 -105 3 2
-14 -105 4 1
-13 -105 2 1
-13 -105 3 1
-13 -105 4 1
-46 -101 4 0
-15 -106 2 1
-15 -106 3 1
-15 -106 4 1
-14 -106 2 1
-45 -101 4 0