DAV_OBMAP v3 cell_size=10
-150 -161 11 0
-150 -159 11 0
-150 -162 11 0
-103 -175 6 0
-103 -175 7 0
-150 -171 16 1
-105 -177 7 0
-150 -174 16 5
-104 -178 6 0
-104 -178 7 0
-103 -177 6 0
-103 -178 6 0
-103 -177 7 0
-104 -176 7 0
-104 -176 8 0
-116 -167 8 0
-116 -167 7 0
-117 -168 6 0
-149 -171 16 1
-150 -172 16 8
-150 -171 17 1
-149 -171 17 1
-119 -166 6 0
-118 -166 7 0
-119 -165 6 0
-117 -164 6 0
-117 -164 8 0
-117 -164 7 0
-150 -170 14 1
-150 -170 15 1
-150 -170 16 1
-105 -175 6 0
-106 -175 7 0
-106 -173 6 0
-106 -173 7 0
-107 -173 6 0
-107 -173 7 0
-107 -176 6 0
-107 -175 7 0
-107 -176 7 0
-106 -176 6 0
-106 -176 7 0
-107 -175 8 0
-107 -175 5 0
-107 -175 4 0
-105 -154 6 0
-105 -154 2 1
-106 -155 1 1
-105 -155 1 1
-104 -155 1 1
-104 -154 1 1
-104 -153 1 1
-105 -180 7 0
-104 -180 7 0
-104 -180 8 0
-105 -180 6 0
-104 -180 6 0
-104 -179 7 0
-104 -179 6 0
-106 -179 6 0
-107 -179 6 0
-107 -182 7 0
-106 -182 7 0
-106 -182 8 0
-106 -182 6 0
-105 -181 7 0
-104 -182 7 0
-119 -161 7 0
-121 -163 9 0
-121 -163 5 2
-125 -165 11 0
-136 -168 7 0
-138 -167 8 1
-138 -166 8 1
-138 -166 9 0
-138 -165 7 2
-139 -165 6 1
-139 -164 6 1
-139 -164 7 1
-139 -164 8 1
-138 -165 6 1
-138 -164 6 1
-138 -164 7 1
-138 -164 8 1
-137 -165 6 1
-137 -165 7 1
-137 -164 6 1
-121 -160 7 0
-121 -160 8 0
-123 -162 9 0
-123 -162 5 1
-140 -168 8 0
-140 -168 9 0
-138 -170 8 0
-131 -164 7 0
-138 -168 9 0
-138 -168 10 0
-138 -168 5 1
-139 -169 4 1
-139 -168 4 1
-124 -161 9 0
-124 -161 5 2
-125 -161 4 1
-138 -152 8 0
-138 -152 9 0
-138 -151 8 0
-138 -151 9 0
-137 -152 8 0
-137 -152 9 0
-125 -161 5 2
-126 -162 4 1
-126 -161 4 1
-126 -160 4 1
-126 -173 7 0
-116 -167 4 1
-116 -166 4 1
-116 -164 8 0
-116 -166 9 0
-116 -166 5 1
-107 -175 3 1
-142 -165 8 0
-142 -164 8 0
-142 -164 9 0
-142 -164 7 0
-143 -164 8 0
-143 -164 9 0
-143 -165 7 0
-143 -164 7 0
-144 -166 8 0
-118 -162 7 0
-144 -166 9 0
-144 -166 7 0
-143 -167 8 0
-143 -167 9 0
-143 -167 7 0
-141 -167 9 0
-142 -166 9 0
-134 -159 11 0
-142 -166 5 1
-143 -167 4 1
-143 -166 4 1
-143 -165 4 1
-142 -167 4 1
-142 -166 4 1
-142 -165 4 1
-141 -167 4 1
-141 -165 4 1
-127 -165 7 0
-130 -164 8 0
-129 -165 7 0
-128 -166 7 0
-128 -166 8 0
-108 -171 10 0
-108 -171 11 0
-108 -171 9 0
-110 -169 9 0
-110 -171 9 0
-111 -170 9 0
-111 -173 10 0
-111 -173 11 0
-110 -173 10 0
-110 -173 11 0
-109 -172 10 0
-108 -173 10 0
-108 -173 11 0
-109 -172 9 0
-108 -173 9 0
-110 -171 11 0
-110 -171 12 0
-139 -167 7 1
-140 -168 6 1
-116 -163 8 0
-140 -167 6 1
-140 -167 7 1
-140 -167 8 1
-140 -166 6 1
-140 -166 7 1
-140 -166 8 1
-139 -167 6 1
-139 -166 6 1
-139 -166 7 2
-139 -166 8 1
-138 -166 6 1
-139 -169 8 0
-107 -173 9 0
-140 -169 7 1
-107 -173 10 0
-108 -172 9 0
-111 -174 9 0
-141 -170 8 1
-110 -174 10 0
-109 -173 10 0
-109 -174 10 0
-108 -174 9 0
-108 -174 10 0
-109 -173 11 0
-140 -170 6 1
-140 -169 6 1
-140 -168 7 1
-139 -170 8 0
-138 -170 9 0
-139 -170 7 0
-137 -171 7 0
-136 -170 9 0
-137 -169 9 0
-137 -169 10 0
-137 -169 5 1
-138 -170 4 1
-138 -169 4 1
-138 -168 4 1
-137 -170 4 1
-107 -174 9 0
-107 -174 10 0
-107 -172 9 0
-107 -172 10 0
-107 -172 8 0
-111 -174 10 0
-110 -175 9 0
-102 -181 4 3
-110 -175 10 0
-109 -176 9 0
-103 -181 4 1
-109 -176 10 0
-107 -175 9 0
-107 -175 10 0
-109 -174 11 0
-104 -179 9 0
-105 -178 5 0
-105 -178 9 0
-106 -178 5 0
-106 -178 9 0
-105 -176 4 1
-105 -177 4 1
-105 -178 4 1
-106 -176 4 1
-106 -177 4 1
-106 -178 4 1
-106 -177 5 1
-106 -177 9 0
-107 -177 4 1
-107 -177 9 0
-107 -176 4 1
-107 -176 9 0
-108 -176 4 1
-108 -175 10 0
-107 -174 3 1
-108 -175 4 2
-108 -175 9 0
-109 -175 4 1
-109 -175 9 0
-107 -173 8 0
-109 -174 9 0
-107 -174 8 0
-110 -174 4 1
-110 -174 9 0
-108 -174 8 0
-110 -173 4 1
-110 -173 9 0
-108 -173 8 0
-109 -173 8 0
-111 -172 4 2
-111 -172 9 0
-109 -172 8 0
-110 -173 8 0
-110 -171 8 0
-106 -176 9 0
-112 -172 9 0
-108 -176 10 0
-113 -171 5 0
-111 -171 8 0
-113 -171 4 1
-113 -171 9 0
-112 -169 8 0
-114 -170 9 0
-114 -172 6 0
-108 -177 10 0
-112 -170 8 0
-114 -168 8 0
-115 -168 3 1
-116 -168 3 1
-117 -168 3 1
-116 -169 5 1
-116 -169 10 0
-117 -167 9 0
-130 -170 7 0
-134 -156 10 0
-134 -156 11 0
-134 -155 10 0
-134 -155 11 0
-133 -156 10 0
-133 -156 11 0
-133 -155 10 0
-133 -155 11 0
-134 -171 7 0
-123 -167 11 0
-133 -171 8 0
-133 -173 7 0
-133 -173 8 0
-132 -171 9 0
-132 -171 6 0
-132 -171 5 0
-129 -164 9 0
-131 -163 8 0
-131 -163 10 0
-131 -163 9 0
-118 -165 5 1
-130 -161 11 0
-130 -163 8 0
-136 -152 9 0
-121 -170 7 0
-132 -162 8 0
-123 -171 7 0
-123 -172 7 0
-114 -166 7 0
-123 -171 8 0
-123 -172 8 0
-123 -170 9 0
-123 -170 6 0
-123 -170 5 0
-134 -158 12 0
-132 -159 6 1
-134 -157 12 0
-133 -157 6 1
-133 -158 6 1
-134 -157 6 1
-131 -157 10 0
-133 -158 7 1
-132 -156 9 0
-132 -156 10 0
-132 -158 11 0
-133 -156 9 0
-132 -157 11 0
-135 -157 12 0
-116 -169 8 0
-116 -170 7 0
-116 -170 9 0
-116 -170 8 0
-119 -169 6 0
-119 -169 7 0
-119 -169 10 0
-117 -170 8 0
-115 -169 8 0
-115 -167 8 0
-113 -167 6 0
-114 -168 6 0
-147 -161 7 0
-146 -161 7 0
-148 -159 7 0
-147 -163 7 0
-148 -161 5 1
-149 -160 4 1
-148 -160 4 1
-147 -162 4 2
-147 -161 4 1
-147 -160 4 1
-145 -157 7 0
-145 -157 8 0
-145 -157 6 0
-146 -158 6 0
-147 -159 6 0
-146 -161 6 0
-145 -161 6 0
-144 -161 7 0
-144 -161 6 0
-145 -159 5 1
-146 -158 4 1
-145 -158 4 1
-129 -156 8 0
-129 -155 8 0
-130 -156 7 0
-116 -172 10 0
-145 -161 7 0
-114 -173 7 0
-147 -159 7 0
-149 -159 7 0
-146 -162 7 0
-146 -162 8 0
-147 -161 5 1
-146 -162 4 1
-146 -161 4 1
-146 -160 4 1
-142 -159 7 0
-142 -159 6 0
-143 -158 7 0
-142 -157 6 0
-145 -160 7 0
-144 -160 7 0
-146 -159 6 0
-145 -158 7 0
-145 -159 7 0
-146 -158 7 0
-148 -158 7 0
-149 -158 6 1
-150 -159 5 1
-150 -158 5 1
-150 -158 6 1
-107 -181 7 0
-104 -156 5 0
-104 -156 4 0
-106 -156 5 0
-106 -156 4 0
-104 -174 6 0
-104 -174 7 0
-106 -174 6 0
-106 -174 7 0
-106 -177 6 0
-106 -177 7 0
-105 -176 6 0
-104 -177 6 0
-105 -176 7 0
-104 -177 7 0
-106 -175 8 0
-106 -175 5 0
-106 -175 4 0
-107 -151 5 0
-106 -151 5 0
-106 -151 6 0
-106 -151 4 0
-107 -175 6 0
-108 -175 7 0
-108 -153 5 0
-108 -153 6 0
-108 -153 4 0
-108 -151 3 1
-109 -152 2 1
-108 -152 2 2
-107 -152 2 1
-107 -151 2 1
-135 -152 8 0
-134 -152 9 0
-134 -153 9 0
-105 -181 8 0
-105 -181 6 0
-104 -181 6 0
-120 -168 6 0
-145 -160 10 0
-145 -160 9 0
-148 -160 7 0
-150 -174 15 6
-150 -174 14 10
-147 -161 9 0
-150 -172 14 10
-148 -161 9 0
-150 -172 13 1
-150 -171 13 1
-150 -171 14 1
-150 -171 15 1
-149 -173 13 1
-149 -172 13 1
-149 -172 14 1
-149 -172 15 1
-149 -171 13 1
-149 -171 14 1
-149 -171 15 1
-127 -155 7 1
-126 -167 7 0
-149 -175 15 1
-149 -175 16 1
-150 -175 13 1
-149 -175 13 1
-111 -171 6 0
-110 -171 6 0
-126 -166 8 0
-126 -166 9 0
-132 -153 4 1
-132 -152 4 1
-130 -154 4 1
-130 -153 4 1
-144 -164 7 0
-129 -163 9 0
-129 -162 9 0
-128 -152 4 0
-123 -163 9 0
-126 -164 10 0
-126 -164 11 0
-126 -163 10 0
-130 -165 8 0
-130 -165 7 0
-126 -164 7 0
-111 -169 8 0
-112 -171 9 0
-141 -158 10 0
-124 -168 8 0
-127 -168 7 0
-124 -166 11 0
-138 -160 9 0
-150 -166 6 1
-128 -162 5 0
-124 -166 7 0
-128 -162 6 0
-129 -162 8 0
-124 -154 3 1
-124 -153 5 1
-125 -155 4 1
-127 -155 3 1
-127 -154 3 1
-140 -160 9 0
-125 -155 3 1
-125 -152 5 1
-125 -152 6 0
-123 -154 3 1
-123 -154 4 1
-123 -154 5 1
-123 -153 3 1
-123 -153 4 1
-123 -153 5 1
-123 -152 3 1
-126 -151 7 0
-126 -151 4 1
-123 -152 4 0
-130 -152 4 1
-125 -167 7 0
-124 -167 7 0
-131 -152 4 1
-126 -169 7 0
-125 -168 7 0
-125 -168 8 0
-126 -167 6 0
-126 -167 5 0
-131 -153 5 2
-131 -153 10 0
-130 -154 9 0
-130 -155 8 0
-131 -155 9 0
-131 -154 9 0
-131 -155 8 0
-131 -154 8 0
-132 -154 9 0
-133 -155 8 0
-117 -163 8 0
-115 -165 4 1
-111 -168 7 0
-112 -168 8 0
-113 -168 8 0
-114 -166 8 0
-113 -167 3 1
-113 -168 3 1
-114 -167 3 1
-114 -168 3 1
-115 -167 3 1
-119 -169 11 0
-114 -168 9 0
-131 -160 11 0
-137 -156 10 0
-137 -156 11 0
-137 -155 10 0
-137 -155 11 0
-112 -167 7 0
-110 -169 7 0
-123 -151 5 0
-130 -153 8 0
-129 -153 8 0
-150 -162 7 0
-143 -168 8 0
-141 -157 9 0
-118 -169 10 0
-124 -152 6 1
-125 -163 4 1
-125 -162 4 1
-117 -169 10 0
-124 -164 4 1
-142 -165 9 0
-116 -168 9 0
-111 -172 8 0
-110 -174 8 0
-103 -179 8 0
-136 -152 8 0
-136 -151 8 0
-130 -163 10 0
-136 -151 9 0
-129 -164 10 0
-118 -151 14 1
-118 -151 15 3
-118 -151 16 1
-121 -165 8 0
-122 -167 8 0
-122 -168 9 0
-122 -169 7 0
-124 -171 7 0
-127 -165 10 0
-122 -170 7 0
-124 -169 9 0
-124 -169 6 0
-124 -169 5 0
-123 -165 9 0
-122 -165 9 0
-122 -165 10 0
-122 -165 8 0
-122 -163 9 0
-123 -163 10 0
-123 -163 8 0
-124 -163 9 0
-106 -177 8 0
-106 -179 8 0
-118 -171 7 0
-107 -178 4 2
-120 -151 14 1
-120 -151 15 3
-122 -153 15 0
-122 -153 16 0
-121 -154 15 0
-121 -154 16 0
-120 -155 15 0
-119 -151 14 1
-120 -155 16 0
-120 -153 17 0
-121 -154 13 1
-121 -153 13 1
-121 -152 13 1
-120 -154 13 1
-120 -153 13 1
-120 -152 13 1
-141 -165 7 0
-141 -164 7 0
-143 -165 8 0
-112 -172 8 0
-111 -173 9 0
-142 -166 7 0
-142 -165 7 0
-143 -166 8 0
-143 -166 9 0
-143 -166 7 0
-111 -173 4 1
-142 -168 9 0
-142 -168 7 0
-141 -167 7 0
-141 -166 10 0
-141 -166 4 1
-142 -167 3 1
-142 -166 3 1
-142 -165 3 1
-141 -167 3 1
-141 -166 3 1
-141 -165 3 1
-140 -167 3 1
-140 -166 3 1
-140 -165 3 1
-115 -165 7 0
-127 -162 10 0
-115 -167 9 0
-115 -167 5 1
-114 -167 4 1
-114 -166 4 1
-116 -164 7 0
-120 -152 14 1
-120 -152 15 1000
-120 -152 16 1
-119 -152 14 1
-119 -152 15 1000
-119 -152 16 1
-115 -152 14 1
-115 -152 15 1
-115 -152 16 1
-130 -159 10 0
-130 -159 9 0
-111 -176 7 0
-112 -177 6 0
-112 -177 8 0
-112 -177 7 0
-113 -177 6 0
-137 -157 6 0
-137 -155 6 0
-139 -155 6 0
-140 -158 6 0
-150 -183 10 0
-139 -158 6 0
-150 -183 9 0
-139 -157 5 1
-112 -169 3 1
-112 -170 3 1
-112 -171 3 1
-113 -169 3 1
-113 -170 3 1
-113 -171 3 1
-114 -169 3 1
-114 -170 3 1
-114 -171 3 1
-113 -170 4 2
-113 -170 9 0
-112 -171 6 0
-112 -171 7 0
-113 -172 6 0
-113 -171 6 0
-115 -171 6 0
-114 -171 6 0
-150 -182 10 0
-150 -182 11 0
-150 -182 9 0
-136 -155 7 0
-136 -155 8 0
-137 -154 7 0
-137 -154 8 0
-138 -155 7 0
-138 -155 8 0
-137 -156 5 1
-137 -155 4 1
-136 -155 4 1
-108 -173 7 0
-108 -172 7 0
-135 -157 7 0
-136 -156 7 0
-137 -159 7 0
-137 -157 5 1
-138 -158 4 1
-137 -158 4 1
-137 -157 4 1
-137 -156 4 1
-136 -158 4 1
-136 -157 4 1
-136 -156 4 1
-109 -173 6 0
-109 -173 7 0
-109 -153 5 0
-109 -153 6 0
-109 -153 4 0
-108 -154 5 0
-106 -153 5 0
-106 -153 6 0
-106 -153 4 0
-109 -153 1 1
-109 -152 1 1
-109 -151 1 1
-108 -153 1 1
-108 -152 1 1
-108 -151 1 1
-107 -153 1 1
-107 -152 1 1
-108 -175 6 0
-109 -174 8 0
-109 -174 4 2
-134 -157 8 0
-134 -157 9 0
-133 -157 7 0
-110 -174 3 1
-109 -175 3 1
-109 -174 3 1
-108 -175 3 1
-108 -174 3 1
-108 -173 3 1
-106 -175 6 0
-134 -159 7 0
-135 -157 5 1
-135 -158 4 1
-135 -157 4 1
-135 -156 4 1
-134 -158 4 1
-134 -157 4 1
-134 -156 4 1
-133 -160 8 0
-134 -159 8 0
-134 -160 10 0
-133 -160 9 0
-134 -159 9 0
-135 -159 8 0
-119 -163 8 0
-135 -159 9 0
-137 -158 10 0
-136 -157 10 0
-135 -156 8 0
-114 -171 8 0
-113 -171 7 0
-113 -173 8 0
-113 -173 7 0
-133 -158 8 0
-134 -158 8 0
-133 -158 10 0
-119 -165 8 0
-120 -163 9 0
-120 -163 5 2
-121 -164 4 1
-120 -164 4 1
-120 -163 4 1
-120 -162 4 1
-119 -164 4 1
-119 -163 4 1
-119 -162 4 1
-132 -158 7 0
-132 -156 8 0
-134 -160 8 0
-134 -160 9 0
-134 -160 7 0
-134 -158 10 0
-135 -160 9 0
-136 -160 8 0
-120 -168 9 0
-121 -169 8 0
-121 -168 8 0
-113 -177 8 0
-150 -161 9 0
-110 -177 7 0
-111 -177 8 0
-125 -165 10 0
-150 -168 7 2
-150 -168 8 2
-150 -168 9 2
-150 -170 6 1
-150 -169 6 1
-150 -168 6 1
-150 -167 7 3
-150 -167 8 3
-150 -167 9 3
-150 -169 10 1
-150 -169 11 1
-150 -168 10 1
-150 -168 11 1
-150 -167 10 1
-150 -167 11 1
-108 -178 7 0
-107 -177 3 1
-107 -179 7 0
-108 -180 6 0
-108 -180 8 0
-125 -166 10 0
-149 -159 8 0
-150 -159 10 0
-149 -159 9 0
-149 -160 8 0
-149 -160 10 0
-143 -161 10 0
-143 -161 9 0
-144 -160 10 0
-143 -157 8 0
-143 -157 10 0
-143 -157 9 0
-141 -157 8 0
-142 -158 8 0
-142 -158 9 0
-149 -169 7 1
-149 -169 8 1
-149 -169 9 1
-149 -168 7 1
-149 -168 8 1
-149 -168 9 1
-149 -167 7 1
-149 -167 8 1
-149 -167 9 1
-149 -169 10 1
-108 -177 8 0
-125 -161 10 0
-135 -151 8 0
-127 -163 9 0
-134 -151 9 0
-148 -161 8 0
-150 -160 11 0
-147 -160 9 0
-146 -160 9 0
-142 -155 7 0
-141 -155 7 0
-142 -155 8 0
-141 -155 8 0
-121 -162 7 0
-120 -162 7 0
-103 -182 9 0
-139 -156 7 0
-138 -156 7 0
-139 -156 8 0
-139 -154 7 0
-139 -155 8 0
-139 -155 7 0
-141 -157 7 0
-139 -157 7 0
-140 -156 5 1
-141 -157 4 1
-140 -157 4 1
-140 -156 4 1
-140 -155 4 1
-139 -157 4 1
-139 -156 4 1
-139 -155 4 1
-140 -156 7 0
-137 -156 8 0
-137 -156 9 0
-137 -156 7 0
-137 -155 8 0
-137 -155 9 0
-137 -155 7 0
-139 -154 8 0
-139 -155 9 0
-140 -155 9 0
-139 -158 7 0
-138 -157 7 0
-137 -158 7 0
-139 -156 9 0
-139 -156 10 0
-139 -156 5 1
-138 -157 4 1
-138 -156 4 1
-138 -155 4 1
-136 -156 8 0
-138 -159 10 0
-136 -159 9 0
-136 -160 9 0
-136 -160 10 0
-136 -159 8 0
-124 -163 10 0
-124 -163 8 0
-126 -165 9 0
-113 -176 3 1
-112 -175 4 1
-107 -179 8 0
-107 -179 9 0
-107 -179 4 2
-108 -180 3 1
-107 -180 3 1
-141 -159 7 0
-141 -159 11 0
-140 -160 8 0
-140 -160 10 0
-109 -177 9 0
-109 -177 4 1
-109 -178 3 1
-109 -177 3 1
-109 -176 3 1
-108 -178 3 1
-108 -177 3 1
-108 -176 3 1
-108 -177 7 0
-149 -162 9 0
-150 -162 10 0
-149 -162 8 0
-148 -160 9 0
-122 -167 9 0
-125 -164 9 0
-125 -164 10 0
-125 -164 8 0
-127 -163 11 0
-121 -151 7 1
-110 -180 7 0
-130 -162 9 0
-125 -155 7 1
-129 -159 8 0
-125 -155 6 1
-148 -159 8 0
-125 -155 5 1
-150 -158 10 0
-127 -153 4 1
-127 -154 5 3
-117 -167 8 0
-118 -165 6 0
-134 -169 8 0
-134 -168 8 0
-134 -168 7 0
-135 -170 8 0
-136 -169 8 0
-118 -169 7 0
-135 -170 7 0
-136 -169 7 0
-136 -170 8 0
-136 -170 7 0
-136 -172 8 0
-136 -172 7 0
-134 -170 9 0
-134 -170 10 0
-134 -170 6 0
-128 -154 4 1
-129 -153 5 2
-129 -154 5 1
-128 -153 5 2
-128 -154 6 1
-105 -181 4 1
-114 -175 3 1
-131 -154 5 1
-131 -158 8 0
-131 -158 9 0
-131 -158 7 0
-131 -157 8 0
-131 -157 9 0
-131 -157 7 1
-132 -156 7 0
-134 -157 7 0
-132 -160 7 0
-131 -160 7 0
-132 -158 10 0
-117 -169 5 1
-118 -170 4 1
-118 -169 4 1
-117 -170 4 1
-117 -169 4 1
-130 -152 5 1
-129 -151 5 1
-125 -166 8 0
-135 -160 10 0
-115 -174 8 0
-115 -175 7 0
-136 -158 9 0
-136 -158 10 0
-150 -163 5 1
-126 -154 7 1
-126 -154 6 2
-126 -154 5 2
-139 -157 9 0
-103 -158 5 0
-102 -155 6 0
-101 -156 2 1
-101 -157 2 1
-101 -155 6 0
-103 -157 6 0
-101 -158 5 0
-101 -159 5 0
-101 -176 6 0
-101 -175 5 0
-102 -176 5 0
-103 -177 5 0
-102 -178 5 0
-101 -179 6 0
-101 -179 7 0
-101 -179 5 0
-101 -159 6 0
-101 -159 4 0
-101 -157 6 0
-101 -157 7 0
-101 -157 3 1
-101 -177 8 0
-101 -177 5 0
-101 -177 4 0
-102 -158 2 1
-101 -158 2 1
-101 -185 8 0
-101 -185 7 0
-103 -183 8 0
-127 -163 7 0
-129 -159 9 0
-101 -155 1 1
-101 -156 1 1
-101 -157 1 1
-102 -156 2 1
-102 -156 7 0
-102 -156 6 0
-101 -157 4 0
-101 -157 5 0
-102 -158 4 0
-102 -158 5 0
-107 -180 8 0
-121 -169 9 0
-106 -180 8 0
-106 -181 7 0
-106 -180 7 0
-107 -181 6 0
-107 -181 8 0
-108 -152 5 1
-108 -152 6 1
-108 -152 7 1
-109 -151 8 1
-108 -151 8 1
-110 -151 2 1
-109 -151 2 1
-108 -151 2 1
-114 -168 4 2
-114 -169 4 1
-114 -170 4 2
-115 -169 4 1
-115 -170 4 3
-116 -169 4 2
-116 -170 4 2
-115 -169 5 1
-115 -169 9 0
-116 -174 7 0
-116 -173 7 0
-116 -173 8 0
-113 -170 7 0
-115 -170 6 0
-116 -170 6 0
-115 -171 8 0
-115 -171 9 0
-115 -171 7 0
-113 -167 8 0
-113 -167 7 0
-114 -168 7 0
-113 -169 6 0
-114 -169 6 0
-113 -169 8 0
-120 -169 8 0
-120 -170 8 0
-120 -169 9 0
-120 -170 9 0
-144 -160 8 0
-119 -169 9 0
-120 -168 10 0
-120 -168 7 0
-118 -169 8 0
-115 -168 4 1
-116 -168 4 1
-117 -168 4 1
-116 -167 5 1
-116 -167 9 0
-115 -169 6 0
-125 -164 7 0
-106 -180 9 0
-106 -180 4 1
-107 -181 3 1
-106 -181 3 1
-116 -168 6 0
-116 -168 7 0
-117 -169 6 0
-118 -167 6 0
-118 -167 8 0
-117 -166 6 0
-117 -167 6 0
-116 -166 6 0
-115 -166 8 0
-114 -167 6 0
-115 -167 6 0
-114 -167 8 0
-114 -167 7 0
-115 -167 7 0
-121 -167 7 0
-114 -170 7 0
-114 -170 8 0
-114 -172 7 0
-114 -172 8 0
-104 -175 7 0
-101 -158 6 0
-102 -159 5 0
-102 -157 6 0
-101 -156 6 0
-146 -159 11 0
-106 -181 6 0
-111 -173 8 0
-115 -173 6 0
-115 -174 6 0
-113 -173 9 0
-113 -173 4 1
-104 -175 6 0
-105 -175 7 0
-109 -172 6 0
-145 -158 9 0
-114 -171 4 1
-114 -171 9 0
-114 -173 6 0
-116 -173 6 0
-103 -177 8 0
-104 -177 8 0
-105 -177 8 0
-146 -153 5 0
-145 -155 7 0
-145 -154 7 0
-146 -155 8 0
-146 -155 7 0
-147 -155 7 0
-144 -153 8 0
-145 -153 8 0
-144 -153 7 0
-145 -153 7 0
-114 -174 6 0
-113 -175 6 0
-112 -176 6 0
-111 -175 6 0
-112 -174 9 0
-112 -174 4 1
-116 -171 6 0
-113 -171 8 0
-123 -164 4 1
-124 -163 4 1
-105 -176 8 0
-105 -177 9 0
-105 -177 5 0
-125 -164 4 1
-126 -153 3 1
-126 -152 3 1
-125 -152 3 1
-123 -152 5 0
-123 -152 6 3
-123 -153 6 1
-123 -153 7 1
-123 -152 7 1
-122 -153 5 1
-122 -153 6 1
-122 -153 7 1
-122 -152 5 1
-122 -152 6 2
-122 -152 7 1
-122 -151 7 1
-126 -151 3 1
-127 -153 5 1
-127 -153 7 0
-125 -154 7 1
-124 -153 6 1
-123 -154 6 1
-125 -151 3 1
-124 -151 3 1
-124 -152 7 1
-122 -151 5 1
-122 -151 4 0
-121 -152 4 1
-120 -152 5 1
-120 -152 6 1
-117 -152 3 1
-125 -151 7 0
-124 -152 4 1
-106 -176 8 0
-105 -175 8 0
-107 -176 5 0
-149 -164 7 0
-149 -164 9 0
-128 -151 3 1
-128 -152 3 1
-128 -151 4 1
-117 -151 4 1
-117 -151 5 1
-140 -158 7 0
-137 -158 9 0
-110 -178 3 1
-117 -171 6 0
-117 -171 7 0
-117 -171 10 0
-117 -171 9 0
-115 -172 7 0
-116 -172 7 0
-115 -172 9 0
-116 -175 9 0
-117 -177 9 0
-118 -179 8 0
-116 -178 8 0
-116 -179 8 0
-116 -178 9 0
-116 -179 9 0
-115 -179 8 0
-115 -178 9 0
-116 -177 10 0
-116 -177 7 0
-116 -177 6 0
-116 -177 8 0
-114 -178 8 0
-113 -178 8 0
-113 -178 9 0
-149 -177 9 1
-149 -177 10 1
-149 -177 11 1
-150 -178 8 1
-149 -178 8 1
-150 -183 11 0
-148 -181 10 0
-148 -181 11 0
-148 -181 9 0
-109 -179 8 0
-150 -180 7 1
-149 -180 7 1
-141 -160 8 0
-141 -160 10 0
-143 -161 8 0
-143 -160 8 0
-143 -158 10 0
-116 -169 7 0
-118 -168 7 0
-142 -158 7 0
-141 -158 6 0
-148 -181 12 0
-149 -179 12 0
-150 -179 12 0
-141 -159 6 0
-142 -158 5 1
-143 -157 4 1
-142 -159 4 1
-142 -158 4 1
-142 -157 4 1
-141 -159 4 1
-141 -158 4 1
-149 -182 12 0
-150 -181 13 0
-149 -182 8 1
-149 -181 8 1
-148 -180 11 0
-148 -180 12 0
-148 -180 10 0
-150 -180 12 0
-150 -180 13 0
-149 -180 12 0
-150 -178 12 0
-149 -181 12 0
-132 -152 8 0
-131 -152 8 0
-132 -152 9 0
-131 -152 9 0
-114 -173 9 0
-133 -154 8 0
-149 -180 13 0
-149 -178 12 0
-149 -179 13 0
-132 -153 9 0
-133 -152 10 0
-120 -166 8 0
-133 -152 6 0
-143 -157 6 0
-102 -181 3 1
-149 -181 13 0
-102 -183 3 1
-139 -161 5 1
-104 -183 3 1
-139 -161 7 1
-139 -160 5 1
-147 -151 8 0
-146 -151 8 0
-146 -151 9 0
-146 -151 7 0
-148 -151 8 0
-128 -161 10 0
-138 -160 7 1
-138 -159 5 1
-150 -153 8 0
-150 -153 9 0
-150 -153 7 0
-148 -153 8 0
-148 -153 9 0
-148 -153 7 0
-147 -153 8 0
-147 -153 9 0
-147 -153 7 0
-148 -151 10 0
-148 -151 7 0
-148 -151 6 0
-121 -161 7 0
-122 -161 7 0
-105 -154 16 1
-122 -161 8 0
-105 -179 7 0
-150 -162 9 0
-150 -159 9 0
-150 -160 8 0
-150 -160 10 0
-150 -160 9 0
-110 -176 7 0
-103 -180 8 0
-111 -177 7 0
-138 -157 6 0
-138 -156 6 0
-140 -155 6 0
-133 -158 11 0
-133 -157 11 0
-134 -158 11 0
-135 -154 11 0
-136 -155 11 0
-135 -156 11 0
-134 -157 11 0
-137 -157 11 0
-136 -154 11 0
-134 -154 10 0
-149 -158 8 0
-136 -154 10 0
-149 -158 7 0
-137 -168 7 0
-138 -166 7 1
-139 -166 9 0
-140 -166 9 0
-141 -168 9 0
-140 -169 8 0
-140 -169 9 0
-139 -169 7 0
-139 -168 9 0
-139 -168 10 0
-124 -173 7 0
-122 -173 7 0
-135 -153 10 0
-135 -152 6 0
-135 -152 7 0
-135 -152 10 0
-135 -154 9 0
-135 -153 9 0
-137 -154 9 0
-136 -152 6 0
-136 -152 7 0
-136 -152 10 0
-136 -154 9 0
-137 -153 9 0
-136 -153 9 0
-137 -153 8 0
-136 -151 6 0
-116 -170 3 1
-116 -169 3 1
-115 -171 3 1
-102 -152 14 1
-128 -160 8 0
-102 -152 16 1
-140 -159 9 0
-102 -181 6 0
-112 -171 4 2
-108 -176 7 0
-104 -176 5 0
-104 -176 4 0
-146 -152 8 0
-145 -152 8 0
-146 -152 7 0
-145 -152 7 0
-147 -152 8 0
-147 -151 7 0
-149 -151 7 0
-149 -154 8 0
-148 -154 8 0
-149 -154 7 0
-147 -154 8 0
-147 -154 7 0
-146 -153 8 0
-146 -154 8 0
-146 -153 7 0
-146 -154 7 0
-147 -152 9 0
-147 -152 10 0
-147 -152 7 0
-111 -175 7 0
-104 -183 7 0
-104 -176 6 0
-121 -166 10 0
-139 -159 9 0
-139 -159 10 0
-140 -159 8 0
-110 -178 8 0
-144 -155 7 0
-143 -155 7 0
-144 -155 8 0
-143 -155 8 0
-145 -154 9 0
-145 -154 6 0
-124 -163 5 1
-124 -164 7 0
-115 -169 3 1
-115 -170 3 1
-117 -171 3 1
-116 -168 8 0
-112 -171 8 0
-149 -173 17 1
-150 -151 7 0
-150 -151 9 0
-101 -151 14 1
-101 -151 15 1
-101 -151 16 1
-133 -151 8 0
-132 -151 8 0
-119 -168 9 0
-110 -176 8 0
-110 -176 6 0
-105 -179 8 0
-105 -179 6 0
-135 -152 9 0
-128 -164 9 0
-120 -167 8 0
-119 -167 9 0
-147 -160 8 0
-118 -151 2 1
-148 -158 10 0
-148 -158 8 0
-150 -159 8 0
-150 -161 10 0
-148 -162 10 0
-147 -161 10 0
-147 -161 8 0
-116 -166 7 0
-115 -166 7 0
-116 -166 8 0
-115 -166 6 0
-116 -165 7 0
-116 -165 8 0
-116 -165 6 0
-118 -167 7 0
-119 -167 6 0
-117 -167 7 0
-117 -168 7 0
-116 -167 6 0
-124 -162 10 0
-125 -162 9 0
-122 -166 8 0
-125 -162 8 0
-116 -172 8 0
-118 -172 7 0
-118 -172 9 0
-118 -172 8 0
-119 -171 7 0
-119 -172 8 0
-108 -177 6 0
-120 -170 7 0
-111 -176 6 0
-111 -179 6 0
-109 -179 7 0
-132 -160 9 0
-133 -161 8 0
-133 -160 10 0
-135 -155 7 0
-117 -151 14 1
-117 -151 15 4
-117 -151 16 1
-116 -151 14 1
-116 -151 15 4
-116 -151 16 1
-115 -151 14 1
-115 -151 15 1
-115 -151 16 1
-106 -176 3 1
-106 -175 3 1
-148 -160 10 0
-148 -160 8 0
-148 -159 9 0
-148 -159 10 0
-150 -158 9 0
-150 -158 8 0
-150 -162 8 0
-149 -161 9 0
-148 -162 9 0
-148 -161 10 0
-133 -172 7 0
-132 -172 8 0
-132 -173 7 0
-132 -173 8 0
-131 -174 7 0
-131 -173 8 0
-131 -172 9 0
-131 -172 6 0
-131 -172 5 0
-138 -158 8 0
-138 -157 9 0
-138 -157 10 0
-138 -157 8 0
-140 -156 9 0
-118 -170 6 0
-118 -170 7 0
-118 -170 10 0
-116 -171 7 0
-116 -171 9 0
-115 -170 8 0
-130 -156 6 1
-131 -154 6 1
-135 -158 11 0
-131 -153 6 1
-117 -168 9 0
-119 -170 8 0
-150 -167 6 1
-149 -168 10 1
-149 -167 10 1
-149 -169 6 1
-108 -181 7 0
-115 -170 9 0
-130 -152 7 0
-130 -160 6 0
-128 -154 9 0
-128 -154 8 0
-149 -174 14 1
-150 -173 15 13
-115 -173 8 0
-114 -173 8 0
-135 -158 10 0
-115 -167 4 1
-115 -166 4 1
-114 -176 8 0
-117 -170 7 0
-130 -156 9 0
-130 -156 8 0
-103 -180 6 0
-134 -158 6 1
-127 -161 8 0
-128 -161 8 0
-127 -161 10 0
-125 -166 9 0
-128 -161 9 0
-103 -182 8 0
-101 -183 6 0
-101 -183 8 0
-101 -184 7 0
-103 -184 6 0
-109 -180 7 0
-103 -184 7 0
-124 -162 8 0
-104 -184 7 0
-124 -162 9 0
-123 -164 8 0
-101 -183 4 1
-134 -158 7 0
-135 -159 10 0
-135 -160 8 0
-136 -158 11 0
-136 -158 7 0
-133 -158 9 0
-133 -157 9 0
-134 -157 10 0
-133 -157 8 0
-135 -156 9 0
-114 -171 7 0
-115 -174 7 0
-126 -152 6 0
-127 -152 5 0
-126 -152 5 1
-144 -157 8 0
-123 -166 9 0
-128 -151 5 0
-124 -165 10 0
-115 -168 6 0
-115 -168 8 0
-144 -157 10 0
-108 -180 7 0
-109 -180 6 0
-128 -156 8 0
-127 -156 8 0
-109 -181 7 0
-127 -156 7 0
-128 -155 8 0
-127 -154 8 0
-127 -154 9 0
-127 -154 7 0
-129 -154 9 0
-129 -154 7 0
-130 -154 7 0
-130 -157 8 0
-130 -157 9 0
-130 -157 7 1
-129 -157 8 0
-129 -157 9 0
-129 -158 7 0
-127 -157 8 0
-125 -154 5 1
-125 -154 6 1
-118 -163 8 0
-119 -162 7 0
-119 -162 8 0
-121 -164 7 0
-122 -165 7 0
-120 -164 7 0
-120 -165 7 0
-120 -164 8 0
-139 -160 8 0
-135 -159 7 0
-137 -157 7 0
-133 -159 9 0
-132 -159 10 0
-132 -159 8 0
-131 -159 8 0
-132 -157 9 0
-135 -156 7 0
-135 -155 8 0
-134 -156 7 0
-134 -156 9 0
-134 -156 8 0
-112 -173 6 0
-110 -175 7 0
-136 -158 8 0
-124 -158 9 0
-144 -161 10 0
-121 -167 3 1
-120 -167 7 0
-144 -161 9 0
-146 -157 9 0
-130 -160 8 0
-129 -160 10 0
-113 -168 7 0
-113 -168 6 0
-101 -176 5 0
-102 -175 6 0
-108 -182 7 0
-108 -178 9 0
-103 -178 7 0
-110 -176 4 1
-136 -157 7 0
-115 -169 7 0
-115 -168 7 0
-104 -181 7 0
-103 -182 3 1
-131 -156 7 1
-134 -158 9 0
-118 -171 9 0
-137 -160 8 0
-138 -158 11 0
-108 -172 6 0
-110 -172 7 0
-117 -172 8 0
-126 -158 5 1
-119 -165 7 0
-119 -164 7 0
-122 -160 8 0
-118 -163 7 0
-115 -170 7 0
-114 -170 6 0
-107 -178 9 0
-113 -176 8 0
-131 -173 7 0
-130 -173 8 0
-129 -172 9 0
-129 -172 6 0
-129 -172 5 0
-131 -170 7 0
-131 -171 8 0
-135 -155 9 0
-135 -153 8 0
-135 -153 7 0
-134 -154 8 0
-134 -154 7 0
-133 -155 7 0
-115 -173 9 0
-115 -173 5 1
-116 -174 4 1
-116 -173 4 1
-116 -172 4 1
-117 -166 5 1
-117 -166 9 0
-132 -157 8 0
-134 -155 8 0
-135 -154 7 0
-135 -154 8 0
-136 -154 7 0
-136 -153 7 0
-136 -154 8 0
-121 -166 7 0
-122 -166 3 1
-122 -165 3 1
-122 -164 3 1
-121 -166 3 1
-121 -165 3 1
-121 -164 3 1
-120 -166 3 1
-120 -165 3 1
-120 -164 3 1
-129 -163 8 0
-110 -178 6 0
-111 -178 8 0
-117 -171 8 0
-116 -169 6 0
-119 -171 9 0
-119 -170 9 0
-120 -171 8 0
-125 -164 11 0
-124 -165 8 0
-117 -168 8 0
-148 -164 9 0
-148 -164 8 0
-123 -173 8 0
-123 -171 9 0
-123 -171 6 0
-123 -171 5 0
-134 -155 9 0
-135 -153 6 0
-121 -172 7 0
-121 -172 8 0
-125 -172 8 0
-146 -163 10 0
-125 -173 7 0
-124 -173 8 0
-131 -161 7 0
-113 -170 6 0
-105 -178 6 0
-105 -177 6 0
-112 -176 8 0
-102 -179 6 0
-102 -175 7 0
-117 -169 7 0
-126 -162 8 0
-127 -162 8 0
-126 -162 10 0
-126 -162 9 0
-129 -157 6 1
-129 -157 5 1
-130 -157 6 1
-130 -157 5 1
-103 -181 7 0
-103 -181 8 0
-103 -181 6 0
-103 -179 7 0
-134 -155 4 1
-134 -154 4 1
-124 -159 5 1
-102 -181 7 0
-101 -184 3 1
-101 -183 3 1
-101 -182 3 1
-126 -157 8 0
-114 -176 7 0
-111 -174 8 0
-149 -178 13 0
-104 -183 6 0
-148 -167 6 1
-148 -167 7 1
-134 -170 7 0
-150 -179 13 0
-150 -176 10 1
-150 -176 11 1
-150 -176 12 1
-150 -177 12 0
-121 -167 9 0
-123 -168 8 0
-123 -167 8 0
-123 -168 9 0
-119 -167 4 1
-123 -167 9 0
-104 -179 8 0
-104 -178 8 0
-106 -179 9 0
-106 -179 4 1
-105 -178 3 1
-107 -177 8 0
-106 -178 6 0
-106 -178 8 0
-106 -178 7 0
-143 -159 9 0
-128 -162 11 0
-126 -160 9 0
-121 -162 4 1
-128 -160 10 0
-134 -153 7 0
-111 -178 7 0
-143 -158 8 0
-147 -160 7 0
-147 -160 11 0
-146 -161 8 0
-146 -161 10 0
-146 -161 9 0
-133 -153 4 1
-106 -182 3 1
-105 -182 3 1
-122 -165 4 1
-122 -162 7 0
-123 -161 9 0
-123 -161 10 0
-122 -162 4 1
-146 -159 9 0
-124 -158 8 0
-104 -180 9 0
-128 -164 10 0
-130 -158 8 0
-131 -158 10 0
-102 -177 8 0
-144 -159 7 0
-146 -160 8 0
-112 -174 8 0
-101 -181 5 0
-101 -181 9 0
-136 -157 8 0
-113 -177 7 0
-105 -157 4 0
-103 -157 4 0
-103 -157 5 0
-102 -157 4 0
-102 -156 5 0
-101 -180 6 0
-103 -155 2 1
-102 -156 1 1
-102 -155 1 1
-137 -151 9 0
-149 -182 10 0
-150 -180 9 6
-150 -180 10 1
-145 -158 8 0
-137 -158 8 0
-144 -158 9 0
-104 -152 5 0
-104 -152 4 0
-105 -152 1 1
-105 -153 1 1
-105 -154 1 1
-106 -152 1 1
-106 -153 1 1
-127 -157 9 0
-127 -157 7 0
-129 -156 10 0
-129 -156 5 1
-130 -157 4 1
-103 -156 2 1
-104 -157 1 1
-103 -157 1 1
-102 -157 1 1
-149 -183 10 0
-149 -183 11 0
-149 -183 9 0
-149 -181 10 0
-149 -184 10 0
-150 -184 6 1
-109 -179 3 1
-107 -154 1 1
-106 -153 7 0
-123 -168 10 0
-105 -154 4 0
-105 -154 5 0
-106 -155 4 0
-106 -155 5 0
-105 -151 4 0
-105 -151 5 0
-104 -153 4 0
-111 -179 7 0
-111 -179 8 0
-107 -178 7 0
-121 -166 9 0
-126 -165 8 0
-124 -166 9 0
-124 -167 9 0
-124 -166 10 0
-105 -153 4 0
-104 -153 5 0
-105 -153 5 0
-107 -151 4 0
-105 -152 4 0
-107 -151 1 1
-124 -165 7 0
-106 -152 4 0
-106 -152 6 0
-106 -152 5 0
-107 -152 4 0
-107 -152 6 0
-107 -152 5 0
-110 -152 4 0
-110 -151 8 1
-108 -151 4 0
-109 -152 4 0
-143 -159 8 0
-149 -182 7 1
-149 -181 7 1
-148 -182 9 0
-149 -180 10 0
-148 -182 11 0
-149 -180 11 0
-150 -177 9 1
-150 -177 10 1
-150 -177 11 1
-103 -176 7 0
-102 -176 7 0
-149 -165 8 1
-149 -165 9 1
-109 -172 7 0
-110 -172 6 0
-109 -171 6 0
-109 -171 7 0
-111 -173 6 0
-112 -174 6 0
-111 -173 7 0
-110 -173 7 0
-133 -169 9 0
-133 -169 10 0
-134 -167 9 0
-134 -167 10 0
-134 -167 8 0
-135 -167 9 0
-135 -169 11 0
-145 -163 10 0
-113 -175 7 0
-114 -175 8 0
-114 -175 7 0
-115 -175 8 0
-113 -172 8 0
-113 -172 7 0
-123 -158 4 1
-108 -176 6 0
-111 -170 6 0
-112 -168 7 0
-112 -169 7 0
-112 -169 6 0
-130 -160 9 0
-128 -160 9 0
-129 -160 9 0
-132 -159 9 0
-135 -158 7 0
-141 -157 5 1
-128 -156 9 0
-128 -156 7 0
-129 -155 7 0
-128 -157 8 0
-128 -157 7 0
-129 -157 7 1
-128 -158 8 0
-128 -158 9 0
-127 -158 8 0
-127 -159 8 0
-127 -159 9 0
-127 -158 7 0
-127 -159 7 0
-126 -158 8 0
-126 -158 9 0
-126 -158 7 0
-127 -157 10 0
-127 -157 5 1
-128 -158 4 1
-127 -158 4 1
-127 -157 4 1
-127 -156 4 1
-126 -158 4 1
-126 -157 4 1
-126 -156 4 1
-138 -160 6 1
-138 -160 5 1
-138 -161 7 1
-138 -161 6 1
-138 -161 5 1
-139 -161 6 1
-140 -161 5 1
-150 -165 4 1
-150 -164 4 1
-150 -163 4 1
-139 -160 6 1
-140 -159 7 0
-141 -156 6 0
-140 -156 6 0
-139 -157 6 0
-144 -159 6 0
-142 -156 6 0
-141 -157 6 0
-141 -158 7 0
-143 -158 4 1
-143 -159 4 1
-143 -160 4 1
-144 -159 5 1
-142 -160 6 0
-142 -160 7 0
-144 -160 6 0
-145 -160 6 0
-144 -157 6 0
-144 -157 7 0
-144 -158 4 1
-144 -159 4 1
-144 -160 4 1
-144 -158 6 0
-144 -158 7 0
-143 -159 6 0
-146 -160 7 0
-102 -177 4 0
-102 -177 5 0
-130 -158 9 0
-102 -177 7 0
-101 -178 5 0
-132 -158 8 0
-102 -177 6 0
-132 -161 9 0
-102 -179 5 0
-102 -179 7 0
-131 -160 9 0
-102 -178 6 0
-104 -178 5 0
-104 -177 5 0
-102 -175 5 0
-123 -161 5 1
-124 -162 4 1
-124 -161 4 1
-101 -176 7 0
-101 -175 6 0
-149 -163 8 0
-149 -163 9 0
-149 -163 7 0
-149 -162 7 0
-145 -159 4 1
-145 -160 4 1
-145 -161 4 1
-146 -159 4 1
-132 -159 11 0
-132 -159 7 0
-150 -171 7 1
-150 -171 8 1
-150 -171 9 1
-150 -170 7 1
-150 -170 8 1
-150 -170 9 1
-150 -169 7 1
-150 -169 8 1
-150 -169 9 1
-147 -159 4 1
-146 -160 5 1
-145 -161 8 0
-148 -162 7 0
-149 -161 8 0
-149 -161 7 0
-150 -161 7 0
-150 -162 5 1
-148 -157 5 1
-149 -157 7 1
-150 -162 4 1
-150 -161 4 1
-149 -163 4 1
-149 -162 4 1
-149 -161 4 1
-149 -157 6 1
-149 -157 5 1
-149 -158 5 1
-150 -157 7 1
-150 -157 6 1
-150 -157 5 1
-119 -168 8 0
-116 -171 8 0
-130 -161 9 0
-101 -178 7 0
-150 -166 10 1
-101 -178 6 0
-123 -162 7 0
-128 -153 6 0
-122 -162 8 0
-128 -153 7 0
-129 -152 6 0
-129 -151 6 0
-129 -152 7 0
-129 -151 7 0
-130 -151 6 0
-130 -151 7 0
-147 -162 7 0
-132 -153 6 0
-148 -161 7 0
-149 -160 7 0
-131 -157 5 1
-131 -157 6 1
-131 -156 5 1
-131 -156 6 1
-150 -165 6 1
-148 -163 7 0
-148 -163 8 0
-149 -162 5 1
-148 -163 4 1
-148 -162 4 1
-148 -161 4 1
-132 -160 8 0
-133 -159 8 0
-132 -160 10 0
-125 -158 7 0
-103 -158 6 0
-102 -178 7 0
-102 -179 8 0
-109 -175 6 0
-111 -174 6 0
-102 -180 4 1
-102 -180 3 1
-102 -179 3 1
-101 -181 3 1
-101 -180 3 1
-101 -179 3 1
-101 -155 2 1
-102 -155 2 1
-102 -157 2 1
-103 -157 2 1
-114 -161 14 0
-113 -161 14 0
-114 -161 15 0
-114 -161 13 0
-113 -161 13 0
-115 -160 13 0
-114 -160 13 0
-114 -158 16 1
-114 -157 16 1
-116 -158 12 1
-116 -157 12 1
-115 -158 12 1
-115 -157 12 1
-114 -158 12 1
-114 -157 12 1
-117 -160 13 0
-116 -161 13 0
-117 -161 13 0
-117 -162 14 0
-117 -162 15 0
-116 -162 13 0
-117 -162 13 0
-115 -162 14 0
-115 -163 14 0
-115 -163 15 0
-115 -162 13 0
-115 -163 13 0
-114 -162 14 0
-114 -162 15 0
-114 -162 13 0
-115 -161 16 0
-115 -161 13 0
-115 -161 12 0
-113 -162 13 0
-112 -162 13 0
-113 -162 14 0
-113 -162 12 0
-113 -161 12 0
-114 -160 12 0
-116 -161 12 0
-116 -162 12 0
-116 -164 13 0
-116 -164 14 0
-116 -164 12 0
-114 -163 13 0
-114 -164 13 0
-114 -164 14 0
-114 -164 12 0
-113 -164 13 0
-113 -164 14 0
-126 -173 9 0
-125 -173 9 0
-125 -171 9 0
-127 -174 9 0
-127 -175 9 0
-127 -175 8 0
-125 -174 9 0
-126 -174 9 0
-127 -173 11 0
-124 -174 9 0
-123 -174 9 0
-123 -174 8 0
-124 -173 9 0
-126 -175 9 0
-126 -175 8 0
-125 -175 9 0
-125 -176 9 0
-125 -175 8 0
-124 -175 9 0
-124 -175 8 0
-125 -174 10 0
-125 -174 11 0
-122 -174 9 0
-121 -174 9 0
-122 -174 8 0
-122 -173 9 0
-123 -173 9 0
-125 -176 8 0
-123 -175 9 0
-123 -176 9 0
-123 -175 8 0
-123 -176 8 0
-122 -176 9 0
-122 -176 8 0
-123 -174 10 0
-123 -174 11 0
-121 -152 14 1
-121 -152 15 1
-121 -152 16 1
-121 -151 14 1
-121 -151 15 1
-121 -151 16 1
-119 -153 14 1
-119 -153 15 2
-119 -153 16 1
-118 -153 14 1
-118 -153 15 4
-118 -153 16 1
-117 -153 14 1
-117 -153 15 3
-117 -153 16 1
-121 -153 14 1
-121 -153 15 1
-121 -153 16 1
-120 -153 14 2
-120 -153 15 1
-120 -153 16 1
-119 -154 14 1
-119 -154 15 1
-119 -154 16 1
-118 -154 14 1
-118 -154 15 1
-118 -154 16 1
-117 -154 14 1
-117 -154 15 3
-117 -154 16 1
-116 -153 14 1
-116 -153 15 1
-116 -153 16 1
-119 -151 17 0
-116 -154 14 1
-116 -154 15 1
-116 -154 16 1
-119 -152 17 0
-122 -152 15 0
-120 -154 15 0
-120 -154 16 0
-120 -152 17 0
-142 -153 7 0
-142 -153 8 0
-143 -156 7 0
-143 -157 7 0
-143 -156 8 0
-142 -156 7 0
-142 -156 8 0
-143 -155 9 0
-143 -155 5 1
-144 -156 4 1
-144 -155 4 1
-144 -154 4 1
-143 -156 4 1
-143 -155 4 1
-143 -154 4 1
-137 -159 8 0
-142 -155 4 1
-142 -154 4 1
-147 -159 8 0
-113 -172 3 1
-113 -173 3 1
-115 -172 3 1
-112 -178 7 0
-112 -178 8 0
-124 -158 7 0
-124 -157 8 0
-124 -157 9 0
-124 -157 7 0
-126 -156 8 0
-126 -156 7 0
-128 -158 7 0
-126 -159 8 0
-127 -160 8 0
-126 -159 7 0
-126 -160 7 0
-125 -159 8 0
-124 -160 8 0
-124 -159 9 0
-125 -159 7 0
-124 -159 7 0
-126 -158 10 0
-111 -175 4 1
-111 -175 9 0
-106 -180 3 1
-118 -168 8 0
-118 -168 9 0
-119 -163 7 0
-101 -183 7 0
-114 -169 8 0
-101 -185 6 0
-101 -184 6 0
-117 -170 3 1
-117 -169 3 1
-116 -171 3 1
-124 -153 7 1
-124 -154 7 1
-124 -154 6 1
-125 -153 7 1
-146 -159 10 0
-126 -153 7 1
-140 -159 6 0
-138 -158 6 0
-140 -157 5 1
-139 -158 4 1
-121 -162 8 0
-120 -162 8 0
-129 -156 4 1
-129 -157 4 1
-130 -156 4 1
-113 -176 6 0
-112 -175 6 0
-111 -175 8 0
-114 -174 3 1
-114 -173 3 1
-114 -172 3 1
-113 -174 3 1
-129 -158 8 0
-129 -159 10 0
-129 -158 9 0
-135 -157 8 0
-135 -157 10 0
-135 -157 9 0
-136 -157 9 0
-135 -158 8 0
-119 -171 8 0
-118 -170 8 0
-101 -183 9 0
-105 -152 5 0
-105 -152 6 0
-131 -161 8 0
-131 -161 9 0
-108 -152 4 0
-108 -154 4 0
-107 -153 5 0
-107 -154 5 0
-107 -154 6 0
-107 -153 4 0
-107 -154 4 0
-106 -154 5 0
-106 -154 4 0
-107 -152 7 0
-107 -152 3 1
-108 -153 2 1
-107 -153 2 1
-106 -153 2 3
-106 -152 2 1
-106 -151 2 1
-108 -176 8 0
-101 -184 8 0
-109 -178 7 0
-109 -178 8 0
-109 -178 6 0
-111 -176 8 0
-111 -176 9 0
-111 -176 4 1
-110 -175 3 1
-116 -169 9 0
-127 -170 7 0
-128 -171 7 0
-128 -171 8 0
-129 -172 7 0
-129 -172 8 0
-128 -173 7 0
-128 -174 7 0
-128 -173 8 0
-128 -174 8 0
-127 -173 8 0
-127 -172 9 0
-127 -172 6 0
-127 -172 5 0
-126 -159 4 1
-102 -180 7 0
-135 -158 9 0
-142 -159 8 0
-103 -183 3 1
-103 -182 4 1
-127 -161 9 0
-103 -183 6 0
-145 -154 5 0
-142 -156 4 1
-141 -156 8 0
-142 -155 9 0
-142 -155 5 1
-141 -156 4 1
-141 -155 4 1
-141 -154 4 1
-132 -158 6 1
-113 -174 9 0
-127 -163 8 0
-109 -175 8 0
-107 -180 7 0
-107 -177 7 0
-128 -152 6 0
-127 -152 6 0
-124 -162 7 0
-128 -152 7 0
-127 -152 7 0
-128 -151 6 0
-128 -151 7 0
-103 -180 3 1
-109 -180 8 0
-127 -154 6 1
-127 -155 5 1
-127 -155 6 1
-126 -155 5 1
-139 -157 10 0
-126 -155 6 1
-125 -157 8 0
-126 -157 7 0
-125 -157 7 0
-126 -155 8 0
-126 -156 9 0
-126 -155 7 1
-127 -155 8 0
-127 -155 9 0
-138 -156 8 0
-137 -157 9 0
-102 -182 8 0
-128 -164 5 0
-130 -166 8 0
-121 -167 8 0
-136 -156 12 0
-121 -167 10 0
-126 -165 7 0
-126 -168 7 0
-135 -156 12 0
-149 -175 14 1
-121 -151 5 2
-128 -152 8 0
-131 -162 9 0
-143 -163 8 0
-143 -163 7 0
-144 -164 8 0
-137 -154 10 0
-144 -165 8 0
-145 -165 8 0
-131 -154 4 1
-144 -165 7 0
-145 -165 7 0
-144 -167 8 0
-143 -165 9 0
-143 -165 10 0
-143 -165 5 1
-144 -166 4 1
-144 -165 4 1
-144 -164 4 1
-143 -164 4 1
-142 -164 4 1
-118 -167 5 1
-118 -167 9 0
-118 -169 6 0
-120 -169 6 0
-120 -169 7 0
-119 -168 7 0
-120 -167 6 0
-120 -166 6 0
-128 -164 6 0
-128 -163 6 0
-135 -172 8 0
-135 -172 7 0
-135 -171 8 0
-135 -169 8 0
-135 -169 7 0
-142 -163 7 0
-144 -163 7 0
-144 -162 7 0
-134 -172 8 0
-144 -163 8 0
-145 -164 7 0
-145 -163 7 0
-136 -157 11 0
-135 -157 11 0
-135 -171 7 0
-145 -164 8 0
-146 -164 8 0
-145 -166 7 0
-145 -166 8 0
-144 -164 9 0
-144 -164 5 1
-145 -165 4 1
-145 -164 4 1
-145 -163 4 1
-144 -163 4 1
-143 -163 4 1
-123 -167 10 0
-123 -167 7 0
-133 -171 7 0
-133 -170 8 0
-132 -171 8 0
-133 -170 7 0
-132 -171 7 0
-132 -169 8 0
-132 -169 7 0
-130 -170 8 0
-120 -168 11 0
-130 -173 7 0
-131 -172 8 0
-131 -172 7 0
-130 -171 8 0
-131 -171 7 0
-129 -170 8 0
-129 -170 7 0
-128 -172 5 0
-128 -172 6 0
-128 -172 9 0
-129 -174 7 0
-129 -174 8 0
-129 -173 8 0
-130 -174 7 0
-129 -173 7 0
-143 -162 7 0
-145 -162 7 0
-104 -151 17 0
-104 -151 18 0
-147 -164 7 0
-130 -171 7 0
-135 -159 11 0
-146 -165 7 0
-146 -165 8 0
-145 -164 9 0
-145 -164 5 1
-146 -165 4 1
-146 -164 4 1
-146 -163 4 1
-127 -174 7 0
-127 -173 7 0
-128 -172 8 0
-128 -172 7 0
-127 -171 8 0
-127 -171 7 0
-126 -170 7 0
-125 -172 5 0
-125 -172 6 0
-125 -172 9 0
-125 -174 8 0
-125 -174 7 0
-126 -173 8 0
-126 -174 7 0
-127 -172 8 0
-127 -172 7 0
-126 -171 8 0
-126 -172 8 0
-126 -171 7 0
-124 -172 5 0
-124 -172 6 0
-124 -172 9 0
-124 -174 8 0
-124 -174 7 0
-125 -173 8 0
-144 -163 9 0
-145 -162 9 0
-147 -163 8 0
-148 -163 9 0
-122 -173 8 0
-147 -164 9 0
-146 -165 9 0
-146 -163 9 0
-134 -159 6 1
-146 -163 6 1
-147 -164 5 1
-147 -163 5 1
-147 -162 5 1
-146 -164 5 1
-146 -163 5 1
-146 -162 5 1
-145 -163 5 1
-145 -162 5 1
-123 -173 7 0
-133 -159 6 1
-124 -172 7 0
-121 -171 8 0
-121 -171 7 0
-122 -172 8 0
-122 -172 7 0
-124 -172 8 0
-125 -172 7 0
-132 -157 6 1
-133 -161 10 0
-131 -162 10 0
-131 -162 8 0
-130 -161 10 0
-132 -162 9 0
-132 -162 10 0
-130 -163 9 0
-122 -171 8 0
-122 -171 7 0
-125 -171 8 0
-125 -171 7 0
-113 -175 3 1
-112 -174 3 1
-112 -173 3 1
-121 -167 11 0
-127 -164 7 0
-124 -171 8 0
-121 -168 9 0
-122 -168 8 0
-123 -170 8 0
-120 -176 10 0
-120 -176 7 0
-120 -176 6 0
-117 -176 8 0
-116 -176 8 0
-117 -176 9 0
-116 -176 9 0
-117 -175 8 0
-106 -183 7 0
-105 -184 7 0
-118 -174 8 0
-106 -183 8 0
-105 -184 8 0
-106 -183 9 0
-106 -183 4 1
-107 -184 3 1
-107 -183 3 1
-106 -184 3 1
-106 -183 3 1
-105 -184 3 1
-105 -183 3 1
-118 -176 7 0
-118 -176 6 0
-104 -184 8 0
-105 -182 8 0
-107 -184 7 0
-108 -184 8 0
-107 -185 7 0
-107 -185 8 0
-106 -186 7 0
-106 -185 8 0
-105 -185 7 0
-105 -185 8 0
-106 -184 9 0
-106 -184 4 1
-107 -185 3 1
-106 -185 3 1
-105 -185 3 1
-104 -185 7 0
-104 -185 8 0
-108 -185 7 0
-107 -186 7 0
-107 -186 8 0
-106 -187 7 0
-106 -186 8 0
-104 -186 7 0
-104 -186 8 0
-106 -185 9 0
-106 -185 4 1
-107 -186 3 1
-106 -186 3 1
-105 -186 3 1
-103 -186 8 0
-103 -186 7 0
-106 -187 8 0
-107 -187 8 0
-107 -187 7 0
-105 -187 8 0
-105 -188 8 0
-105 -187 7 0
-105 -188 7 0
-104 -187 8 0
-105 -186 8 0
-104 -187 7 0
-105 -186 9 0
-105 -186 10 0
-105 -186 7 0
-105 -186 6 0
-103 -187 8 0
-103 -187 9 0
-103 -187 7 0
-104 -186 9 0
-105 -185 9 0
-106 -186 9 0
-107 -187 9 0
-106 -188 8 0
-106 -189 8 0
-106 -188 9 0
-106 -188 7 0
-105 -189 8 0
-105 -189 9 0
-105 -189 7 0
-104 -188 8 0
-104 -189 8 0
-104 -188 9 0
-104 -188 7 0
-105 -187 9 0
-105 -187 10 0
-139 -166 10 0
-140 -164 9 0
-140 -164 10 0
-140 -164 8 0
-143 -166 10 0
-141 -167 10 0
-141 -166 11 0
-137 -166 9 0
-138 -166 10 0
-138 -165 9 0
-138 -165 10 0
-139 -165 9 0
-139 -164 9 0
-139 -165 10 0
-141 -168 10 0
-139 -166 11 0
-102 -183 9 0
-107 -183 6 0
-107 -181 9 0
-102 -184 9 0
-102 -184 8 0
-103 -184 9 0
-103 -181 9 0
-104 -182 10 0
-103 -183 9 0
-104 -183 9 0
-105 -183 9 0
-105 -188 10 0
-102 -182 9 0
-103 -182 6 0
-149 -158 9 0
-147 -158 8 0
-147 -158 10 0
-123 -164 10 0
-136 -167 10 0
-137 -166 10 0
-137 -166 8 0
-138 -169 10 0
-137 -168 10 0
-138 -167 10 0
-138 -167 11 0
-123 -164 9 0
-113 -164 12 0
-114 -162 12 0
-114 -162 11 0
-125 -165 7 0
-108 -172 3 1
-109 -173 4 1
-127 -166 6 0
-126 -168 8 0
-127 -168 8 0
-131 -161 10 0
-125 -166 7 0
-128 -152 5 0
-121 -151 6 1
-149 -175 12 1
-150 -173 12 1
-150 -174 12 1
-150 -175 12 1
-133 -155 9 0
-135 -155 10 0
-135 -155 11 0
-135 -155 6 0
-133 -156 8 0
-135 -156 10 0
-111 -181 9 0
-111 -181 8 0
-112 -181 8 0
-112 -180 8 0
-112 -178 9 0
-111 -177 9 0
-110 -178 9 0
-109 -179 9 0
-134 -168 9 0
-135 -168 10 0
-135 -166 9 0
-135 -167 10 0
-135 -167 8 0
-136 -166 9 0
-136 -166 10 0
-136 -166 8 0
-136 -170 10 0
-135 -169 10 0
-136 -168 10 0
-136 -168 11 0
-110 -179 8 0
-113 -178 6 0
-113 -178 10 0
-112 -180 7 0
-112 -180 9 0
-111 -180 8 0
-112 -179 8 0
-113 -180 7 0
-113 -180 9 0
-113 -180 8 0
-114 -180 7 0
-114 -180 9 0
-114 -180 8 0
-114 -179 8 0
-114 -177 7 0
-114 -177 9 0
-112 -177 9 0
-111 -178 9 0
-115 -178 6 0
-115 -178 7 0
-113 -163 12 0
-112 -163 12 0
-113 -163 13 0
-112 -163 13 0
-112 -162 12 0
-114 -161 12 0
-114 -163 12 0
-115 -162 12 0
-115 -163 12 0
-116 -163 12 0
-115 -165 12 0
-115 -178 10 0
-115 -165 13 0
-114 -165 12 0
-114 -165 13 0
-112 -165 12 0
-112 -165 13 0
-114 -163 14 0
-114 -163 11 0
-114 -163 10 0
-113 -179 7 0
-113 -179 9 0
-113 -179 8 0
-115 -180 7 0
-115 -180 9 0
-115 -180 8 0
-116 -179 7 0
-115 -178 8 0
-117 -178 7 0
-116 -176 7 0
-115 -176 7 0
-113 -177 9 0
-113 -178 7 0
-116 -175 8 0
-115 -176 9 0
-116 -177 9 0
-115 -176 8 0
-115 -177 9 0
-114 -177 8 0
-115 -177 8 0
-118 -176 10 0
-117 -178 9 0
-117 -178 8 0
-117 -177 8 0
-118 -178 9 0
-118 -177 9 0
-118 -178 8 0
-118 -177 8 0
-119 -178 9 0
-118 -175 9 0
-118 -175 8 0
-117 -175 9 0
-119 -177 9 0
-119 -177 8 0
-120 -178 9 0
-120 -177 9 0
-120 -178 8 0
-120 -177 8 0
-121 -177 9 0
-121 -177 8 0
-119 -174 9 0
-119 -175 9 0
-119 -174 8 0
-119 -175 8 0
-118 -176 9 0
-119 -176 9 0
-118 -176 8 0
-119 -176 8 0
-122 -175 9 0
-122 -175 7 0
-122 -175 8 0
-122 -175 11 0
-122 -175 10 0
-120 -176 8 0
-121 -176 8 0
-120 -176 9 0
-121 -176 9 0
-122 -177 8 0
-122 -177 9 0
-120 -174 8 0
-121 -174 8 0
-120 -174 9 0
-120 -175 8 0
-121 -175 8 0
-120 -175 9 0
-121 -175 9 0
-128 -172 11 0
-128 -172 10 0
-127 -173 10 0
-127 -173 9 0
-128 -174 10 0
-128 -174 9 0
-128 -173 9 0
-130 -172 10 0
-128 -170 10 0
-128 -170 9 0
-127 -171 10 0
-127 -171 9 0
-127 -172 10 0
-130 -171 11 0
-130 -171 10 0
-129 -172 10 0
-129 -173 9 0
-130 -173 10 0
-130 -173 9 0
-132 -173 9 0
-131 -170 10 0
-130 -169 10 0
-129 -170 10 0
-130 -171 9 0
-129 -170 9 0
-128 -171 10 0
-128 -171 9 0
-129 -171 9 0
-132 -170 11 0
-131 -172 10 0
-130 -172 9 0
-131 -171 9 0
-132 -172 10 0
-132 -172 9 0
-133 -172 10 0
-132 -169 10 0
-132 -169 9 0
-130 -169 8 0
-131 -169 10 0
-130 -169 9 0
-130 -170 10 0
-130 -170 9 0
-133 -170 11 0
-133 -170 10 0
-132 -171 10 0
-133 -171 10 0
-133 -172 9 0
-135 -171 10 0
-133 -168 8 0
-133 -168 10 0
-133 -168 9 0
-132 -168 8 0
-132 -168 10 0
-132 -168 9 0
-132 -170 10 0
-131 -170 9 0
-132 -170 9 0
-138 -170 7 0
-139 -167 9 0
-139 -168 8 0
-137 -164 8 1
-138 -167 6 1
-138 -165 8 1
-141 -165 8 0
-123 -174 7 0
-123 -172 9 0
-123 -172 6 0
-123 -172 5 0
-126 -172 7 0
-145 -164 11 0
-144 -165 10 0
-144 -165 9 0
-145 -166 10 0
-145 -166 9 0
-144 -162 10 0
-144 -162 9 0
-143 -164 10 0
-144 -164 10 0
-146 -163 12 0
-145 -165 9 0
-145 -164 10 0
-145 -165 10 0
-146 -165 10 0
-145 -162 10 0
-146 -162 10 0
-145 -163 9 0
-144 -163 10 0
-129 -167 8 0
-129 -165 9 0
-129 -165 6 0
-129 -165 5 0
-127 -174 8 0
-126 -174 8 0
-126 -172 9 0
-126 -172 6 0
-126 -172 5 0
-128 -170 7 0
-131 -155 4 1
-130 -154 5 1
-130 -154 10 0
-129 -156 7 0
-129 -156 9 0
-150 -178 9 1
-150 -178 10 6
-149 -179 11 1
-149 -179 10 1
-149 -179 9 1
-108 -178 6 0
-114 -174 8 0
-117 -166 8 0
-112 -176 3 1
-104 -180 3 1
-136 -156 10 0
-149 -162 11 0
-149 -162 10 0
-150 -163 11 0
-149 -161 11 0
-150 -163 10 0
-103 -184 8 0
-127 -156 9 0
-108 -178 8 0
-122 -162 10 0
-122 -162 5 2
-123 -163 4 1
-122 -163 4 1
-121 -163 4 1
-121 -161 4 1
-113 -164 10 0
-113 -164 11 0
-112 -166 11 0
-112 -165 11 0
-112 -166 12 0
-113 -166 11 0
-113 -165 11 0
-113 -166 12 0
-113 -165 12 0
-114 -166 11 0
-114 -165 11 0
-114 -166 12 0
-115 -164 11 0
-115 -164 12 0
-114 -164 11 0
-113 -163 11 0
-112 -163 11 0
-111 -164 11 0
-112 -164 11 0
-111 -164 12 0
-112 -164 12 0
-119 -152 13 1
-119 -153 13 1
-119 -154 13 1
-139 -169 9 0
-141 -170 6 1
-115 -165 8 0
-141 -170 7 1
-141 -169 6 1
-141 -169 7 1
-141 -169 8 1
-141 -168 6 1
-141 -168 7 1
-141 -168 8 1
-137 -169 4 1
-102 -196 8 0
-102 -197 8 0
-137 -168 4 1
-102 -197 9 0
-109 -174 7 0
-102 -197 7 0
-101 -196 8 0
-111 -173 3 1
-101 -196 7 0
-110 -172 3 1
-110 -171 3 1
-109 -173 3 1
-102 -195 6 0
-102 -195 8 0
-108 -174 6 0
-107 -174 6 0
-108 -174 7 0
-107 -174 7 0
-108 -173 6 0
-107 -172 6 0
-111 -153 7 1
-134 -151 7 0
-134 -151 8 0
-111 -153 6 1
-150 -166 9 0
-150 -166 7 0
-111 -153 5 1
-103 -195 9 0
-109 -151 4 0
-111 -151 7 1
-103 -198 8 0
-111 -152 6 4
-103 -198 9 0
-112 -151 7 1
-112 -151 6 1
-112 -151 5 1
-112 -152 7 1
-112 -152 6 1
-118 -164 4 1
-118 -165 4 1
-123 -154 7 1
-118 -166 4 1
-119 -165 4 1
-119 -166 4 1
-120 -165 4 1
-120 -166 4 2
-119 -165 5 1
-119 -165 9 0
-118 -166 8 0
-117 -166 7 0
-119 -166 8 0
-119 -167 7 0
-119 -166 7 0
-120 -166 7 0
-121 -165 7 0
-119 -164 8 0
-118 -164 8 0
-117 -163 7 0
-118 -164 7 0
-117 -165 8 0
-118 -165 8 0
-117 -165 7 0
-118 -165 7 0
-112 -152 5 1
-111 -151 6 2
-120 -151 5 1
-108 -151 7 1
-120 -151 6 1
-120 -151 7 1
-108 -151 6 1
-108 -151 5 1
-109 -151 7 1
-123 -151 6 0
-123 -151 4 0
-110 -151 7 1
-110 -151 6 1
-110 -151 5 1
-117 -151 2 1
-147 -159 10 0
-119 -151 2 1
-120 -151 3 1
-120 -151 2 1
-131 -159 9 0
-125 -163 10 0
-150 -165 8 0
-150 -165 9 0
-150 -165 7 0
-150 -164 8 0
-150 -164 7 0
-136 -170 4 1
-136 -169 4 1
-136 -168 4 1
-102 -181 9 0
-102 -179 4 1
-103 -179 4 1
-103 -180 4 2
-104 -179 4 1
-103 -180 5 1
-106 -181 8 0
-104 -182 6 0
-112 -170 7 0
-130 -162 10 0
-117 -169 9 0
-118 -169 9 0
-117 -169 8 0
-101 -177 6 0
-122 -160 4 1
-122 -161 4 1
-103 -180 9 0
-123 -161 4 1
-109 -174 6 0
-102 -194 8 0
-103 -195 7 0
-110 -172 4 1
-110 -173 3 1
-104 -179 5 0
-109 -171 3 1
-112 -153 7 1
-108 -176 9 0
-112 -172 4 2
-111 -170 8 0
-115 -172 6 0
-114 -151 16 1
-114 -151 15 1
-114 -151 14 1
-116 -152 16 1
-116 -152 15 1
-116 -152 14 1
-117 -152 16 1
-117 -152 15 5
-117 -152 14 1
-118 -152 16 1
-118 -152 15 3
-118 -152 14 1
-119 -151 16 1
-119 -151 15 1000
-120 -151 16 1
-105 -151 18 0
-108 -172 8 0
-127 -162 6 0
-126 -167 8 0
-126 -167 9 0
-142 -166 10 0
-112 -166 9 0
-112 -166 13 0
-110 -168 10 0
-110 -168 12 0
-110 -168 11 0
-112 -168 10 0
-112 -168 12 0
-112 -168 11 0
-113 -168 10 0
-113 -168 12 0
-129 -166 5 0
-113 -168 11 0
-114 -166 10 0
-113 -166 10 0
-113 -165 10 0
-112 -166 10 0
-112 -164 10 0
-110 -166 10 0
-111 -166 10 0
-110 -166 12 0
-110 -166 11 0
-111 -166 11 0
-118 -164 9 0
-130 -161 7 0
-119 -166 9 0
-118 -165 9 0
-116 -163 7 0
-116 -164 4 1
-117 -164 4 1
-117 -165 5 1
-117 -165 9 0
-123 -169 8 0
-123 -169 9 0
-106 -184 8 0
-106 -185 7 0
-106 -184 7 0
-148 -167 8 1
-102 -183 7 0
-102 -183 8 0
-102 -183 6 0
-104 -181 8 0
-104 -181 9 0
-150 -163 7 0
-150 -163 9 0
-124 -160 4 1
-105 -179 3 1
-105 -180 3 1
-105 -181 3 1
-127 -162 9 0
-111 -174 3 1
-112 -177 3 1
-111 -177 3 1
-110 -177 3 1
-110 -176 3 1
-128 -163 9 0
-129 -163 10 0
-128 -162 7 0
-112 -165 9 0
-112 -165 10 0
-111 -167 10 0
-111 -167 12 0
-111 -167 11 0
-112 -167 10 0
-112 -167 12 0
-112 -167 11 0
-114 -167 10 0
-114 -167 12 0
-129 -164 7 0
-114 -167 11 0
-114 -165 10 0
-114 -164 10 0
-112 -163 10 0
-111 -164 10 0
-110 -165 10 0
-110 -165 12 0
-111 -165 12 0
-110 -165 11 0
-111 -165 11 0
-107 -152 15 0
-107 -152 16 0
-150 -166 8 2
-149 -165 7 1
-102 -195 9 0
-102 -195 10 0
-102 -195 7 0
-133 -153 7 0
-132 -152 6 0
-132 -152 7 0
-131 -152 6 0
-131 -152 7 0
-117 -172 7 0
-130 -154 6 1
-133 -154 9 0
-131 -154 7 0
-103 -153 16 1
-103 -153 15 1
-103 -153 14 1
-104 -153 16 1
-104 -153 15 2
-104 -153 14 1
-105 -153 14 1
-106 -152 15 1
-106 -152 16 1
-143 -160 9 0
-125 -163 8 0
-125 -161 9 0
-103 -183 7 0
-104 -196 8 0
-128 -165 7 0
-102 -151 16 1
-102 -151 15 1
-102 -151 14 1
-145 -159 9 0
-113 -170 8 0
-126 -165 10 0
-126 -164 8 0
-126 -164 9 0
-125 -160 4 1
-125 -162 10 0
-124 -159 10 0
-123 -161 7 0
-123 -161 8 0
-124 -161 7 0
-120 -165 8 0
-112 -170 6 0
-139 -157 8 0
-118 -152 3 1
-118 -152 4 1
-118 -152 5 1
-118 -151 3 1
-118 -151 4 2
-118 -151 5 1
-126 -151 5 1
-125 -151 5 1000
-127 -151 6 0
-126 -151 6 0
-126 -163 7 0
-125 -163 7 0
-124 -163 7 0
-125 -162 6 0
-127 -153 6 0
-128 -155 5 1
-128 -155 6 1
-127 -155 4 1
-126 -155 4 1
-126 -154 4 2
-126 -153 5 1
-126 -153 6 1
-127 -151 7 0
-127 -151 4 0
-127 -151 3 0
-140 -158 9 0
-139 -159 8 0
-110 -177 6 0
-122 -151 6 1
-125 -151 6 0
-121 -152 5 1
-121 -152 6 1
-130 -151 4 1
-131 -152 3 1
-131 -152 5 1
-131 -151 3 1
-131 -151 4 1
-131 -151 5 1
-117 -152 4 1
-117 -152 5 1
-117 -151 3 1
-130 -152 3 1
-130 -151 3 1
-126 -153 4 1
-125 -153 5 1
-125 -153 4 1
-126 -154 3 1
-125 -154 3 1
-125 -154 4 1
-125 -153 3 1
-106 -179 7 0
-124 -154 4 1
-124 -154 5 1
-124 -153 3 1
-124 -153 4 2
-102 -184 3 1
-124 -152 3 1
-124 -151 5 0
-124 -151 6 0
-124 -151 4 1
-129 -151 4 1
-130 -151 5 1
-129 -152 3 1
-129 -151 3 1
-127 -152 4 0
-118 -170 9 0
-117 -170 9 0
-140 -158 11 0
-140 -158 10 0
-112 -153 5 1
-112 -153 6 1
-110 -152 5 1
-110 -152 6 1
-110 -152 7 1
-109 -152 5 1
-109 -152 6 1
-109 -152 7 1
-139 -160 9 0
-104 -183 8 0
-104 -181 4 1
-109 -176 6 0
-109 -176 8 0
-109 -176 7 0
-136 -156 9 0
-150 -164 10 0
-150 -164 11 0
-149 -163 10 0
-149 -163 11 0
-150 -162 12 0
-113 -174 7 0
-109 -177 6 0
-114 -174 7 0
-147 -160 10 0
-106 -178 3 1
-106 -179 3 1
-148 -162 11 0
-148 -161 11 0
-148 -163 10 0
-148 -163 11 0
-111 -171 3 1
-149 -178 10 1
-149 -178 11 1
-149 -180 8 1
-111 -170 3 1
-149 -179 8 1
-150 -182 12 0
-150 -182 8 3
-149 -183 7 1
-148 -182 10 0
-129 -154 8 0
-150 -182 7 1
-150 -183 7 1
-128 -154 7 0
-129 -153 9 0
-129 -153 7 0
-149 -184 11 0
-131 -153 7 0
-132 -154 7 0
-131 -156 8 0
-131 -156 9 0
-147 -162 11 0
-147 -161 11 0
-149 -164 10 0
-149 -164 11 0
-147 -164 10 0
-147 -164 11 0
-149 -162 12 0
-130 -155 4 1
-129 -155 4 1
-129 -154 4 1
-129 -153 4 1
-130 -154 8 0
-150 -179 10 3
-150 -179 9 4
-122 -162 9 0
-121 -163 7 0
-125 -168 9 0
-125 -167 8 0
-125 -167 9 0
-129 -163 7 0
-122 -170 8 0
-122 -170 9 0
-122 -169 8 0
-122 -169 9 0
-121 -170 8 0
-121 -170 9 0
-138 -156 10 0
-119 -164 5 1
-122 -167 10 0
-122 -167 11 0
-121 -168 10 0
-121 -168 11 0
-119 -164 9 0
-117 -163 4 1
-118 -163 4 1
-122 -167 7 0
-118 -164 5 1
-121 -168 7 0
-129 -162 11 0
-102 -182 3 1
-120 -168 8 0
-124 -164 9 0
-130 -172 8 0
-130 -172 7 0
-129 -171 7 0
-146 -163 8 0
-129 -171 8 0
-147 -164 8 0
-128 -170 8 0
-147 -163 10 0
-146 -163 11 0
-146 -161 11 0
-148 -164 10 0
-148 -165 10 0
-148 -164 11 0
-148 -165 9 0
-146 -164 10 0
-146 -164 11 0
-148 -163 12 0
-129 -167 7 0
-131 -165 7 0
-142 -164 10 0
-142 -163 9 0
-142 -163 10 0
-144 -166 10 0
-144 -164 11 0
-120 -163 7 0
-126 -160 8 0
-125 -163 9 0
-129 -152 4 1
-108 -179 6 0
-108 -179 8 0
-105 -153 16 1
-129 -152 8 0
-106 -154 1 1
-139 -151 8 0
-135 -151 9 0
-149 -166 6 1
-147 -162 9 0
-149 -168 6 1
-119 -165 3 1
-119 -166 3 1
-110 -151 4 0
-142 -159 10 0
-142 -159 9 0
-138 -159 9 0
-138 -159 8 0
-137 -159 9 0
-137 -160 9 0
-137 -159 10 0
-110 -153 7 1
-150 -181 10 1
-150 -181 11 1
-150 -181 9 2
-150 -184 10 0
-101 -179 8 0
-150 -184 9 0
-101 -155 4 0
-102 -154 5 0
-125 -161 8 0
-116 -172 6 0
-102 -180 9 0
-133 -153 8 0
-133 -152 7 0
-103 -155 6 0
-101 -196 9 0
-108 -179 3 1
-107 -179 3 1
-107 -178 3 1
-143 -158 9 0
-150 -158 7 1
-120 -167 9 0
-105 -178 7 0
-105 -178 8 0
-150 -182 6 1
-150 -181 6 1
-149 -182 9 0
-150 -181 8 4
-150 -180 8 1
-149 -182 11 0
-140 -156 8 0
-128 -163 8 0
-104 -196 7 0
-121 -166 8 0
-121 -164 9 0
-121 -165 10 0
-125 -159 4 1
-125 -158 4 1
-125 -157 4 1
-140 -155 7 0
-140 -155 8 0
-140 -154 7 0
-140 -154 8 0
-142 -154 7 0
-142 -154 8 0
-142 -157 7 0
-141 -156 7 0
-140 -157 7 0
-107 -177 6 0
-123 -166 7 0
-123 -166 11 0
-143 -159 7 0
-143 -159 11 0
-143 -159 10 0
-141 -160 9 0
-128 -155 4 1
-128 -156 4 1
-128 -157 4 1
-138 -158 9 0
-138 -158 10 0
-139 -158 8 0
-130 -159 8 0
-116 -165 4 1
-124 -159 4 1
-145 -156 8 0
-145 -156 7 0
-119 -151 4 1
-120 -151 4 1
-141 -164 9 0
-141 -164 8 0
-141 -165 9 0
-141 -165 10 0
-141 -164 10 0
-142 -163 8 0
-142 -167 10 0
-142 -165 10 0
-142 -165 11 0
-139 -167 4 1
-138 -167 4 1
-127 -161 5 0
-128 -163 7 0
-129 -160 7 0
-136 -169 6 0
-136 -169 10 0
-135 -171 9 0
-138 -171 7 0
-137 -171 9 0
-137 -167 4 1
-136 -156 6 0
-135 -156 6 0
-111 -181 7 0
-110 -180 8 0
-110 -181 8 0
-110 -180 9 0
-111 -179 9 0
-111 -179 10 0
-135 -154 6 0
-135 -154 10 0
-139 -168 7 0
-139 -168 6 0
-138 -167 7 1
-137 -166 6 1
-137 -165 8 1
-140 -165 8 0
-140 -165 9 0
-111 -171 7 0
-110 -171 7 0
-110 -170 6 0
-113 -173 6 0
-112 -172 6 0
-112 -172 7 0
-111 -172 6 0
-110 -173 6 0
-111 -172 7 0
-150 -175 17 1
-149 -175 17 1
-112 -172 3 1
-111 -172 3 1
-108 -180 9 0
-109 -178 9 0
-111 -180 9 0
-111 -180 7 0
-109 -181 8 0
-109 -182 8 0
-109 -182 9 0
-109 -182 7 0
-108 -181 9 0
-109 -180 9 0
-109 -180 10 0
-127 -166 5 0
-127 -151 5 0
-129 -162 10 0
-132 -154 8 0
-131 -151 9 0
-131 -151 8 0
-130 -152 9 0
-130 -152 8 0
-131 -153 8 0
-126 -169 8 0
-124 -168 7 0
-109 -173 9 0
-108 -179 9 0
-108 -182 8 0
-108 -182 9 0
-106 -182 9 0
-108 -180 10 0
-124 -164 8 0
-101 -155 5 0
-110 -174 6 0
-110 -175 6 0
-110 -175 8 0
-134 -151 11 0
-103 -176 6 0
-102 -176 6 0
-117 -173 7 0
-115 -172 8 0
-126 -155 3 1
-150 -173 14 14
-149 -172 17 1
-149 -172 12 1
-150 -172 12 1
-150 -172 17 1
-150 -173 17 1
-150 -174 17 1
-150 -173 16 11
-150 -175 16 1
-149 -173 16 1
-149 -173 15 1
-149 -173 14 1
-149 -174 16 1
-149 -174 15 1
-149 -173 12 1
-149 -174 12 1
-138 -156 9 0
-137 -157 8 0
-137 -157 10 0
-150 -165 5 1
-150 -164 5 1
-105 -183 7 0
-105 -183 8 0
-105 -182 6 0
-105 -183 6 0
-103 -182 7 0
-104 -182 8 0
-103 -179 3 1
-104 -179 3 1
-104 -180 4 1
-145 -160 8 0
-146 -158 9 0
-146 -158 8 0
-147 -159 9 0
-107 -182 9 0
-104 -182 9 0
-106 -181 9 0
-106 -181 10 0
-147 -162 8 0
-133 -154 4 1
-133 -155 4 1
-134 -153 4 1
-135 -153 4 1
-129 -152 5 1
-142 -167 9 0
-142 -167 7 0
-142 -168 8 0
-140 -167 9 0
-140 -167 10 0
-137 -164 7 1
-101 -182 9 0
-122 -163 7 0
-122 -164 8 0
-122 -164 7 0
-121 -163 8 0
-120 -163 8 0
-138 -160 8 0
-134 -154 5 1
-148 -163 3 1
-148 -162 3 1
-148 -161 3 1
-129 -164 5 0
-127 -166 7 0
-129 -166 8 0
-129 -166 7 0
-109 -171 8 0
-110 -174 7 0
-112 -175 9 0
-138 -154 7 0
-136 -155 9 0
-101 -197 7 0
-101 -197 8 0
-102 -198 7 0
-102 -198 9 0
-102 -198 8 0
-103 -198 7 0
-101 -198 8 0
-101 -198 6 0
-101 -198 7 0
-101 -198 10 0
-101 -198 9 0
-108 -182 6 0
-107 -182 8 0
-101 -200 7 0
-101 -199 7 0
-126 -166 7 0
-101 -200 8 0
-101 -199 8 0
-102 -199 7 0
-130 -163 7 0
-102 -199 8 0
-103 -194 6 0
-103 -194 10 0
-101 -195 7 0
-101 -195 9 0
-101 -195 8 0
-103 -196 7 0
-103 -196 9 0
-127 -159 4 1
-103 -196 8 0
-104 -195 7 0
-104 -195 9 0
-104 -195 8 0
-105 -194 8 0
-101 -192 7 0
-101 -194 7 0
-101 -194 9 0
-101 -194 8 0
-134 -152 6 0
-134 -154 6 0
-134 -155 6 0
-108 -152 14 1
-108 -152 15 1
-108 -152 16 1
-103 -193 6 0
-103 -193 10 0
-102 -194 7 0
-102 -196 6 0
-102 -196 10 0
-102 -196 9 0
-103 -194 9 0
-108 -151 15 1
-116 -159 14 1
-115 -159 14 1
-115 -159 15 1
-115 -159 16 1
-115 -158 14 4
-115 -158 15 2
-115 -158 16 1
-115 -157 14 1
-115 -157 15 1
-115 -157 16 1
-119 -159 16 0
-118 -159 15 0
-118 -160 15 0
-103 -195 8 0
-118 -159 16 0
-116 -159 15 0
-117 -159 16 0
-117 -159 15 0
-118 -158 16 0
-118 -158 17 0
-118 -158 13 0
-118 -158 15 0
-104 -194 7 0
-104 -194 9 0
-104 -194 8 0
-101 -193 7 0
-101 -193 9 0
-101 -193 8 0
-107 -152 14 1
-105 -154 14 1
-105 -154 15 1
-104 -154 14 1
-104 -154 15 1
-104 -154 16 1
-103 -154 14 1
-103 -154 15 1
-103 -154 16 1
-103 -192 6 0
-103 -192 10 0
-102 -193 7 0
-103 -192 7 0
-102 -193 9 0
-102 -193 8 0
-103 -194 7 0
-103 -193 7 0
-103 -193 9 0
-102 -152 15 1
-103 -194 8 0
-103 -193 8 0
-105 -193 7 0
-105 -193 9 0
-111 -151 14 1
-111 -151 15 1
-111 -151 16 1
-110 -151 14 1
-110 -151 15 1
-110 -151 16 1
-109 -151 14 1
-107 -151 14 1
-106 -151 14 1
-106 -151 15 1
-106 -151 16 1
-105 -151 14 1
-105 -151 15 5
-105 -151 16 1000
-105 -193 8 0
-102 -192 9 0
-103 -192 8 0
-149 -167 6 1
-101 -192 8 0
-149 -166 7 3
-149 -166 8 1
-149 -166 9 1
-109 -175 7 0
-149 -166 10 1
-104 -191 6 0
-104 -191 10 0
-102 -192 7 0
-103 -192 9 0
-102 -192 8 0
-104 -193 7 0
-104 -193 9 0
-107 -182 6 0
-104 -193 8 0
-105 -192 7 0
-105 -192 9 0
-105 -192 8 0
-105 -191 7 0
-106 -191 9 0
-105 -191 8 0
-104 -189 9 0
-102 -189 7 0
-103 -189 9 0
-102 -189 8 0
-102 -191 7 0
-102 -191 9 0
-102 -191 8 0
-107 -180 9 0
-107 -180 4 1
-108 -181 3 1
-108 -183 7 0
-108 -183 8 0
-108 -183 6 0
-107 -183 7 0
-107 -183 8 0
-110 -172 8 0
-109 -169 10 0
-109 -169 11 0
-112 -170 10 0
-102 -194 9 0
-112 -170 11 0
-111 -170 10 0
-111 -171 10 0
-107 -181 4 1
-111 -170 11 0
-109 -170 10 0
-109 -170 11 0
-111 -169 12 0
-111 -169 9 0
-108 -182 3 1
-107 -182 3 1
-108 -184 7 0
-107 -184 8 0
-114 -175 6 0
-137 -151 8 0
-128 -162 9 0
-128 -162 10 0
-105 -187 6 0
-128 -162 8 0
-129 -161 11 0
-133 -151 9 0
-150 -151 8 0
-128 -159 10 0
-128 -159 8 0
-111 -152 7 1
-105 -190 7 0
-103 -190 9 0
-104 -189 7 0
-103 -188 8 0
-103 -188 9 0
-103 -188 7 0
-106 -187 9 0
-107 -188 8 0
-106 -190 8 0
-103 -190 7 0
-106 -190 9 0
-106 -190 7 0
-105 -190 8 0
-105 -190 9 0
-108 -170 10 0
-103 -190 8 0
-108 -170 11 0
-108 -170 9 0
-109 -169 9 0
-110 -168 9 0
-112 -170 9 0
-112 -171 10 0
-111 -171 11 0
-111 -171 9 0
-110 -171 10 0
-110 -172 10 0
-105 -180 9 0
-110 -172 11 0
-110 -172 9 0
-109 -171 10 0
-109 -171 11 0
-109 -171 9 0
-110 -170 11 0
-110 -170 12 0
-110 -170 9 0
-110 -170 8 0
-110 -170 10 0
-105 -188 6 0
-102 -190 8 0
-105 -188 9 0
-102 -190 9 0
-102 -190 7 0
-103 -189 8 0
-106 -191 8 0
-121 -161 8 0
-105 -191 9 0
-106 -191 7 0
-104 -191 8 0
-104 -192 8 0
-132 -151 9 0
-104 -191 9 0
-104 -191 7 0
-104 -192 7 0
-103 -191 8 0
-104 -190 8 0
-103 -191 9 0
-104 -190 7 0
-103 -191 7 0
-104 -190 9 0
-104 -190 10 0
-104 -190 6 0
-101 -184 9 0
-102 -182 10 0
-103 -180 7 0
-101 -181 6 0
-101 -181 8 0
-101 -181 7 0
-101 -182 6 0
-102 -182 6 0
-101 -182 8 0
-101 -182 7 0
-102 -182 7 0
-144 -158 10 0
-144 -158 8 0
-108 -178 4 1
-146 -157 8 0
-146 -159 8 0
-144 -159 11 0
-127 -164 8 0
-127 -164 10 0
-127 -165 9 0
-146 -159 7 0
-149 -164 8 0
-150 -164 9 0
-150 -163 8 0
-136 -151 7 0
-136 -151 10 0
-136 -153 8 0
-139 -151 9 0
-117 -155 14 1
-116 -155 14 1
-116 -155 15 1
-116 -155 16 1
-122 -154 15 0
-122 -154 16 0
-121 -155 15 0
-121 -155 16 0
-120 -156 15 0
-150 -170 10 1
-118 -155 15 0
-118 -155 16 0
-120 -154 17 0
-120 -154 14 0
-119 -167 3 1
-120 -167 3 1
-119 -169 8 0
-149 -174 17 1
-149 -172 16 1
-132 -154 6 0
-133 -153 6 0
-131 -151 6 0
-131 -151 7 0
-130 -152 6 0
-116 -172 9 0
-129 -153 6 1
-130 -153 7 0
-116 -174 8 0
-150 -179 11 1
-149 -184 9 0
-150 -181 12 0
-149 -180 9 1
-149 -178 9 1
-150 -181 7 1
-150 -179 8 1
-150 -178 11 1
-149 -181 9 0
-149 -181 11 0
-150 -184 11 0
-125 -157 9 0
-133 -153 9 0
-128 -164 8 0
-149 -160 9 0
-125 -158 8 0
-108 -181 6 0
-131 -160 10 0
-131 -160 8 0
-130 -161 8 0
-132 -155 4 1
-132 -154 5 1
-131 -155 6 0
-131 -155 7 0
-132 -156 6 0
-132 -155 8 0
-132 -155 7 0
-117 -155 15 2
-119 -155 16 0
-117 -156 14 1
-116 -156 14 1
-116 -156 15 1
-116 -156 16 1
-121 -156 15 0
-121 -156 16 0
-119 -156 15 0
-119 -157 15 0
-119 -156 16 0
-119 -155 15 0
-118 -156 15 1
-118 -156 16 1
-119 -157 14 1
-118 -157 14 1
-118 -157 15 1
-118 -157 16 1
-118 -156 14 1
-117 -157 14 1
-117 -157 15 6
-117 -157 16 1
-117 -156 15 2
-117 -156 16 1
-119 -155 17 0
-119 -155 14 0
-119 -155 13 0
-128 -167 7 0
-128 -168 7 0
-128 -167 8 0
-128 -168 8 0
-128 -166 9 0
-128 -166 6 0
-128 -166 5 0
-115 -174 3 1
-108 -181 8 0
-132 -153 8 0
-115 -173 3 1
-127 -164 9 0
-123 -163 7 0
-110 -176 9 0
-132 -158 9 0
-132 -153 7 0
-133 -154 7 0
-101 -177 7 0
-144 -161 8 0
-135 -155 5 1
-115 -174 4 1
-115 -173 4 1
-115 -172 4 1
-114 -174 4 1
-114 -173 4 2
-114 -172 4 1
-115 -173 7 0
-112 -173 7 0
-112 -173 8 0
-135 -154 4 1
-135 -155 4 1
-136 -154 4 1
-137 -154 4 1
-136 -155 5 1
-116 -157 14 2
-116 -157 15 2
-116 -157 16 1
-120 -156 16 0
-121 -157 15 0
-120 -157 16 0
-120 -157 15 0
-119 -158 15 0
-129 -164 6 0
-119 -157 16 0
-118 -158 14 1
-117 -158 14 1
-117 -158 15 1
-117 -158 16 1
-116 -158 14 3
-116 -158 15 2
-116 -158 16 1
-119 -156 17 0
-119 -156 14 0
-119 -156 13 0
-122 -163 8 0
-120 -161 7 0
-120 -161 8 0
-120 -160 8 0
-110 -178 7 0
-138 -160 10 0
-148 -165 6 1
-148 -166 8 1
-148 -166 7 1
-148 -166 6 1
-123 -165 8 0
-134 -170 8 0
-134 -169 7 0
-133 -169 8 0
-133 -169 7 0
-131 -169 7 0
-129 -164 8 0
-150 -178 13 0
-119 -167 8 0
-120 -166 9 0
-121 -165 9 0
-123 -168 7 0
-125 -170 7 0
-123 -169 7 0
-112 -175 7 0
-102 -184 6 0
-102 -184 7 0
-101 -182 4 2
-117 -155 16 0
-120 -158 15 0
-120 -158 16 0
-119 -159 15 0
-119 -158 16 0
-119 -157 17 0
-119 -157 13 0
-142 -167 8 0
-141 -167 8 0
-141 -166 7 0
-141 -166 9 0
-142 -166 8 0
-141 -166 8 0
-140 -165 7 0
-145 -162 8 0
-136 -159 10 0
-112 -176 7 0
-104 -181 3 1
-104 -182 3 1
-105 -181 9 0
-111 -178 6 0
-134 -152 7 0
-134 -154 9 0
-115 -156 14 1
-115 -156 15 1
-115 -156 16 1
-117 -156 13 1
-116 -157 13 1
-116 -156 13 1
-115 -158 13 2
-115 -157 13 1
-115 -156 13 1
-119 -159 14 0
-119 -160 15 0
-118 -160 16 0
-119 -160 14 0
-117 -160 15 0
-117 -161 15 0
-117 -160 16 0
-117 -161 14 0
-116 -160 15 0
-116 -160 16 0
-116 -160 14 0
-117 -159 17 0
-117 -159 14 0
-117 -159 13 0
-105 -182 7 0
-106 -180 6 0
-130 -160 7 0
-130 -160 11 0
-130 -160 10 0
-129 -161 8 0
-129 -161 10 0
-129 -161 9 0
-101 -180 8 0
-101 -180 7 0
-103 -178 8 0
-102 -154 1 1
-141 -157 10 0
-132 -161 8 0
-122 -160 7 0
-150 -180 11 1
-150 -183 6 1
-130 -162 8 0
-133 -157 10 0
-124 -165 9 0
-125 -165 8 0
-118 -171 8 0
-108 -175 8 0
-125 -165 9 0
-127 -165 8 0
-119 -168 4 1
-133 -171 5 0
-133 -171 6 0
-133 -171 9 0
-133 -172 8 0
-134 -172 7 0
-134 -171 8 0
-145 -163 8 0
-146 -164 7 0
-124 -160 7 0
-103 -181 3 1
-138 -158 7 0
-126 -163 8 0
-127 -163 10 0
-126 -163 9 0
-124 -167 10 0
-115 -160 14 0
-114 -160 14 0
-115 -160 15 0
-114 -160 15 0
-114 -158 13 1
-114 -158 14 1
-114 -158 15 1
-114 -157 13 1
-114 -157 14 1
-114 -157 15 1
-114 -159 13 1
-117 -157 13 1
-117 -158 13 1
-116 -158 13 1
-118 -159 14 0
-117 -160 14 0
-118 -160 14 0
-118 -161 14 0
-118 -161 15 0
-116 -161 14 0
-116 -162 14 0
-150 -174 13 5
-116 -161 15 0
-116 -162 15 0
-115 -161 14 0
-115 -161 15 0
-116 -160 13 0
-116 -160 12 0
-134 -151 10 0
-133 -152 8 0
-133 -152 9 0
-134 -153 8 0
-134 -152 8 0
-117 -165 4 1
-117 -166 4 1
-117 -167 4 1
-118 -167 4 1
-148 -152 7 0
-148 -151 9 0
-148 -152 8 0
-149 -152 7 0
-149 -152 9 0
-149 -152 8 0
-149 -151 8 0
-107 -180 6 0
-150 -173 13 3
-149 -174 13 1
-150 -172 15 9
-103 -153 4 0
-103 -153 5 0
-125 -153 6 1
-126 -152 4 1
-125 -151 4 1
-124 -165 11 0
-124 -152 5 1
-125 -167 5 0
-125 -167 6 0
-124 -169 7 0
-125 -169 8 0
-125 -169 7 0
-127 -169 7 0
-124 -167 8 0
-124 -166 8 0
-113 -175 8 0
-113 -174 8 0
-109 -151 5 1
-109 -151 6 3
-123 -170 7 0
-125 -170 8 0
-124 -168 5 0
-124 -168 6 0
-124 -170 8 0
-124 -169 8 0
-124 -170 7 0
-122 -168 7 0
-125 -168 5 0
-125 -168 6 0
-117 -173 9 0
-128 -163 5 0
-117 -173 8 0
-106 -177 3 1
-125 -152 4 2
-130 -162 7 0
-128 -164 7 0
-123 -166 8 0
-123 -166 10 0
-113 -174 4 1
-122 -166 9 0
-112 -175 8 0
-133 -170 9 0
-134 -169 9 0
-135 -168 8 0
-135 -168 9 0
-135 -168 7 0
-137 -168 8 0
-131 -153 4 1
-136 -169 9 0
-137 -170 8 0
-137 -170 9 0
-137 -170 7 0
-136 -171 8 0
-137 -171 8 0
-136 -171 9 0
-136 -171 7 0
-135 -172 9 0
-134 -171 9 0
-135 -170 9 0
-135 -170 10 0
-135 -170 6 0
-111 -177 6 0
-144 -159 8 0
-145 -159 8 0
-144 -159 10 0
-144 -159 9 0
-128 -163 10 0
-129 -166 6 0
-129 -166 9 0
-127 -167 8 0
-129 -168 7 0
-126 -161 10 0
-130 -167 8 0
-131 -166 7 0
-127 -167 7 0
-136 -168 8 0
-136 -167 8 0
-136 -168 9 0
-136 -167 7 0
-137 -169 8 0
-138 -168 8 0
-130 -164 7 0
-137 -168 9 0
-138 -168 7 0
-138 -169 8 0
-138 -169 9 0
-138 -169 7 0
-138 -171 8 0
-109 -151 15 1
-109 -151 16 1
-108 -151 14 1
-107 -151 16 1
-107 -151 15 1
-104 -151 14 1
-104 -151 15 2
-104 -151 16 1000
-128 -159 7 0
-127 -160 4 1
-127 -161 4 1
-127 -162 4 1
-126 -161 5 2
-135 -169 9 0
-136 -167 9 0
-137 -167 8 0
-137 -167 9 0
-137 -167 7 0
-139 -167 8 0
-118 -162 8 0
-138 -167 9 0
-131 -170 8 0
-132 -170 7 0
-132 -170 8 0
-132 -172 7 0
-150 -159 6 1
-150 -160 6 1
-150 -157 9 0
-150 -157 8 0
-149 -159 4 1
-150 -159 4 1
-150 -160 5 1
-136 -156 11 0
-136 -155 10 0
-150 -160 4 1
-149 -161 5 1
-149 -161 10 0
-150 -159 7 0
-145 -155 8 0
-108 -151 16 1
-106 -152 14 1
-105 -152 14 1
-105 -152 15 1
-105 -152 16 1
-104 -152 14 1
-104 -152 15 5
-104 -152 16 1
-139 -158 9 0
-133 -159 7 0
-133 -159 11 0
-133 -159 10 0
-130 -153 6 1
-129 -154 6 1
-130 -153 5 2
-109 -177 7 0
-123 -162 8 0
-125 -161 7 0
-123 -160 7 0
-123 -160 8 0
-131 -159 6 0
-131 -159 7 0
-131 -159 10 0
-130 -158 7 0
-129 -159 7 0
-141 -159 9 0
-103 -152 14 1
-103 -152 15 1
-103 -152 16 1
-103 -151 14 1
-103 -151 15 3
-103 -151 16 1
-107 -176 8 0
-145 -158 10 0
-113 -176 7 0
-123 -162 4 1
-143 -160 10 0
-114 -169 7 0
-113 -169 7 0
-132 -161 10 0
-134 -159 10 0
-102 -156 3 1
-102 -158 6 0
-103 -156 6 0
-102 -157 5 0
-103 -158 4 0
-101 -156 5 0
-101 -156 4 0
-102 -156 4 0
-103 -156 1 1
-104 -156 1 1
-105 -156 1 1
-104 -155 2 1
-104 -155 6 0
-104 -157 5 0
-104 -157 4 0
-102 -155 5 0
-103 -155 5 0
-102 -155 4 0
-103 -155 4 0
-103 -153 1 1
-103 -154 1 1
-103 -155 1 1
-104 -154 2 1
-104 -154 6 0
-103 -156 5 0
-103 -156 4 0
-102 -154 4 0
-105 -156 5 0
-105 -155 5 0
-105 -156 4 0
-105 -155 4 0
-103 -154 5 0
-104 -154 5 0
-103 -154 4 0
-104 -154 4 0
-104 -155 5 0
-104 -155 4 0
-107 -155 5 0
-107 -155 4 0
-123 -159 8 0
-122 -159 8 0
-123 -159 7 0
-122 -159 7 0
-124 -159 8 0
-123 -158 8 0
-123 -158 7 0
-125 -160 8 0
-126 -161 8 0
-125 -160 7 0
-126 -161 7 0
-124 -161 8 0
-109 -179 6 0
-108 -179 7 0
-105 -153 15 1
-105 -151 17 0
-109 -177 8 0
-145 -154 8 0
-146 -153 9 0
-146 -153 6 0
-141 -161 9 0
-142 -160 8 0
-142 -160 10 0
-142 -157 8 0
-142 -157 10 0
-141 -158 8 0
-141 -158 9 0
-140 -157 8 0
-140 -158 8 0
-140 -157 10 0
-140 -157 9 0
-121 -164 8 0
-113 -174 6 0
-150 -160 7 0
-147 -158 9 0
-148 -158 9 0
-150 -161 8 0
-148 -162 8 0
-148 -160 11 0
-103 -179 6 0
-112 -175 3 1
-146 -158 10 0
-112 -174 7 0
-111 -176 3 1
-111 -175 3 1
-141 -159 10 0
-141 -159 8 0
-144 -157 9 0
-129 -162 7 0
-127 -162 7 0
-128 -160 7 0
-128 -160 6 0
-127 -160 10 0
-121 -153 5 1
-121 -153 6 1
-121 -153 7 1
-121 -152 7 1
-122 -152 4 1
-120 -152 4 1
-121 -153 3 1
-120 -153 3 1
-120 -153 4 1
-120 -153 5 1
-120 -152 3 1
-123 -159 4 1
-123 -160 4 1
-124 -158 4 1
-146 -162 9 0
-147 -163 9 0
-148 -162 5 1
-147 -163 4 1
-143 -153 8 0
-143 -153 7 0
-143 -154 8 0
-121 -165 4 2
-122 -164 4 1
-144 -154 7 0
-123 -165 4 1
-122 -164 5 1
-122 -164 9 0
-127 -162 5 0
-124 -168 9 0
-126 -161 9 0
-132 -154 4 1
-130 -153 9 0
-131 -153 9 0
-128 -154 5 1
-128 -153 4 1
-127 -154 4 1
-127 -166 9 0
-127 -166 8 0
-128 -165 9 0
-128 -165 8 0
-130 -167 7 0
-131 -165 8 0
-118 -168 4 1
-102 -196 7 0
-128 -159 9 0
-111 -152 5 1
-129 -161 7 0
-110 -167 10 0
-109 -167 10 0
-109 -172 3 1
-110 -167 11 0
-109 -167 11 0
-111 -165 10 0
-113 -167 10 0
-113 -167 11 0
-113 -169 10 0
-144 -160 9 0
-112 -169 11 0
-112 -169 10 0
-111 -168 10 0
-111 -169 10 0
-111 -168 11 0
-111 -169 11 0
-110 -169 10 0
-110 -169 11 0
-111 -167 9 0
-111 -167 8 0
-105 -180 8 0
-102 -180 6 0
-102 -180 8 0
-112 -178 6 0
-111 -170 7 0
-102 -181 8 0
-132 -157 10 0
-134 -155 7 0
-133 -161 9 0
-137 -158 6 0
-139 -159 7 0
-140 -158 4 1
-130 -158 10 0
-129 -160 8 0
-147 -162 10 0
-146 -164 9 0
-148 -164 7 0
-110 -177 8 0
-107 -178 8 0
-107 -178 6 0
-108 -177 9 0
-108 -177 4 1
-107 -176 3 1
-143 -154 7 0
-144 -154 8 0
-111 -174 7 0
-129 -165 8 0
-130 -166 7 0
-147 -163 3 1
-147 -162 3 1
-147 -161 3 1
-146 -163 3 1
-146 -162 3 1
-146 -161 3 1
-121 -151 4 0
-127 -161 6 0
-127 -161 7 0
-125 -162 7 0
-126 -162 7 0
-128 -161 7 0
-127 -160 7 0
-125 -160 9 0
-119 -151 3 1
-119 -152 5 1
-119 -152 4 1
-119 -152 3 1
-119 -153 5 1
-119 -153 4 1
-119 -153 3 1
-102 -159 4 0
-147 -152 6 0
-123 -164 7 0
-123 -165 7 0
-122 -166 7 0