DAV_OBMAP v3 cell_size=10
-63 52 1 1
-98 50 7 0
-98 50 5 1
-98 52 8 0
-62 51 1 1
-62 52 0 1
-62 53 0 1
-62 53 1 1
-61 51 0 1
-61 51 1 1
-61 52 0 1
-61 52 1 1
-61 53 0 1
-61 53 1 1
-97 51 3 1
-97 51 4 1
-64 96 5 1
-76 69 6 0
-76 69 7 0
-76 67 6 0
-77 67 6 0
-67 98 6 1
-76 67 7 0
-76 66 6 0
-76 66 7 0
-76 66 2 1
-76 66 3 1
-76 66 4 1
-100 51 6 0
-51 51 3 1
-51 52 3 1
-54 55 4 2
-76 68 3 1
-100 50 5 1
-99 50 6 0
-99 51 8 0
-95 65 7 0
-95 65 8 0
-95 65 6 0
-100 51 4 1
-97 67 8 0
-98 66 8 0
-98 63 7 0
-53 54 5 1
-98 63 8 0
-98 63 6 0
-97 63 7 0
-97 63 8 0
-53 56 4 2
-96 64 7 0
-95 63 7 0
-95 63 8 0
-96 64 6 0
-95 63 6 0
-97 65 8 0
-97 65 9 0
-97 65 5 0
-53 58 3 1
-52 58 2 1
-52 58 3 1
-51 58 2 1
-94 63 7 0
-94 63 6 0
-95 64 7 0
-95 64 6 0
-97 62 7 0
-97 62 6 0
-96 62 7 0
-96 61 7 0
-96 63 7 0
-96 62 6 0
-96 61 6 0
-95 62 7 0
-95 62 6 0
-96 63 8 0
-96 63 9 0
-96 63 6 0
-96 63 5 0
-65 56 3 1
-53 53 6 1
-52 53 6 1
-51 53 6 1
-55 55 2 1
-54 55 2 1
-53 55 2 1
-64 55 4 1
-64 56 2 1
-64 56 4 2
-64 57 2 1
-94 62 7 0
-64 57 4 1
-63 55 2 1
-94 62 6 0
-63 55 3 1
-63 55 4 1
-63 56 2 1
-63 56 3 2
-63 56 4 2
-63 57 2 1
-63 57 3 1
-63 57 4 1
-94 61 7 0
-94 61 6 0
-95 62 8 0
-95 62 9 0
-95 62 5 0
-65 59 4 1
-65 56 5 1
-65 57 5 2
-65 58 5 1
-64 58 2 1
-64 58 3 1
-64 58 4 1
-64 59 2 1
-64 59 3 1
-93 61 6 0
-93 61 7 0
-96 59 6 0
-67 57 6 1
-96 59 7 0
-95 59 6 0
-95 59 7 0
-94 60 6 0
-93 59 6 0
-94 60 7 0
-93 59 7 0
-95 61 8 0
-95 61 5 0
-95 61 4 0
-51 54 4 1
-92 59 6 0
-92 59 7 0
-93 60 6 0
-93 60 7 0
-95 58 6 0
-95 58 7 0
-94 58 6 0
-94 57 6 0
-94 59 7 0
-94 58 7 0
-94 59 6 0
-93 58 6 0
-93 58 7 0
-94 59 8 0
-94 59 5 1
-94 59 4 1
-91 59 6 0
-92 60 6 0
-92 60 7 0
-95 57 6 0
-95 57 7 0
-93 57 6 0
-93 57 7 0
-92 57 6 0
-92 57 7 0
-93 59 8 0
-93 59 4 2
-94 58 3 1
-94 58 4 1
-94 58 5 1
-94 59 3 1
-94 60 3 1
-94 60 4 1
-94 60 5 1
-93 58 3 1
-93 58 4 2
-65 55 5 1
-64 55 5 1
-64 56 5 2
-64 57 5 1
-63 55 5 2
-63 56 5 2
-63 57 5 1
-66 56 2 1
-66 57 6 1
-66 58 6 1
-66 59 6 1
-67 53 4 1
-67 53 5 1
-66 53 4 2
-66 53 5 2
-66 54 4 2
-66 54 5 2
-67 55 6 1
-67 56 6 2
-66 55 6 1
-66 56 6 1
-66 55 0 1
-66 56 0 1
-66 56 1 2
-66 57 0 1
-74 56 3 1
-73 56 3 1
-72 56 3 1
-72 56 4 1
-72 56 5 1
-75 59 6 2
-76 58 6 1
-76 58 7 1
-76 59 6 1
-76 59 7 1
-76 60 6 1
-76 60 7 1
-75 58 6 1
-75 58 7 1
-75 59 7 1
-75 60 6 1
-75 60 7 1
-74 58 6 1
-74 58 7 1
-74 59 6 2
-74 59 7 1
-74 60 6 1
-74 60 7 1
-73 55 4 0
-65 55 6 1
-65 56 6 1
-65 57 6 1
-64 55 6 1
-52 50 2 1
-52 51 2 1
-69 58 3 1
-69 58 4 1
-71 60 2 2
-72 59 1 1
-72 60 1 1
-72 61 1 1
-72 61 2 1
-71 59 1 1
-71 59 2 1
-71 60 1 1
-71 61 1 1
-71 61 2 1
-70 59 1 1
-70 59 2 1
-70 59 3 1
-70 60 1 1
-70 60 2 1
-70 60 3 1
-70 61 1 1
-70 61 2 1
-70 61 3 1
-70 56 5 1
-70 56 6 1
-69 56 5 1
-69 56 6 1
-68 56 5 1
-68 56 6 1
-69 56 1 1
-68 56 1 2
-73 55 5 0
-76 55 3 1
-76 57 3 1
-75 55 3 1
-74 55 3 1
-62 96 2 1
-61 94 2 1
-61 95 2 1
-61 96 2 1
-60 94 2 1
-60 95 2 1
-60 96 2 1
-73 60 3 1
-73 60 4 1
-73 60 5 1
-73 58 6 1
-73 58 7 1
-73 59 6 1
-73 59 7 1
-73 60 6 1
-73 60 7 1
-74 54 4 0
-74 54 5 0
-74 56 6 0
-73 55 0 1
-73 55 1 1
-73 55 2 1
-73 56 0 1
-73 56 1 2
-73 56 2 1
-73 57 0 1
-73 57 1 1
-73 57 2 2
-69 87 5 1
-57 54 4 1
-57 54 5 1
-57 54 6 1
-56 54 4 1
-56 54 5 1
-56 54 6 1
-55 54 4 1
-55 54 5 2
-55 54 6 1
-57 54 2 1
-57 54 3 1
-56 54 2 1
-56 54 3 1
-55 54 2 1
-55 54 3 2
-72 88 2 1
-71 88 2 1
-70 88 2 1
-70 88 3 2
-70 88 4 1
-59 94 5 1
-58 92 5 1
-58 93 5 1
-58 94 5 1
-57 92 5 1
-57 92 6 1
-57 92 7 1
-57 93 5 1
-57 93 6 1
-57 93 7 1
-57 94 5 1
-68 57 3 1
-68 57 4 1
-68 59 3 2
-69 58 2 1
-69 59 2 1
-69 59 3 1
-69 59 4 2
-69 60 2 2
-69 60 3 2
-69 60 4 1
-68 58 2 2
-68 58 3 2
-68 58 4 2
-68 59 2 2
-68 59 4 1
-68 60 2 1
-68 60 3 1
-68 60 4 1
-67 58 2 2
-67 58 3 2
-67 58 4 2
-67 59 2 1
-67 59 3 1
-67 59 4 1
-67 60 2 1
-67 60 3 1
-67 60 4 1
-68 59 5 2
-69 58 5 1
-69 58 6 1
-69 59 5 1
-69 59 6 1
-69 60 5 1
-69 60 6 1
-68 58 5 2
-68 58 6 1
-68 59 6 1
-68 60 5 1
-68 60 6 1
-67 58 5 2
-67 58 6 1
-67 59 5 1
-54 52 2 1
-54 53 2 1
-54 54 2 1
-54 54 3 2
-54 54 4 2
-53 52 2 1
-53 52 3 2
-53 52 4 1
-53 53 2 1
-53 53 4 2
-53 54 2 1
-53 54 3 2
-53 54 4 2
-52 52 2 1
-52 52 3 2
-52 52 4 2
-52 53 2 1
-52 53 3 2
-52 53 4 2
-52 54 2 1
-52 54 3 2
-52 54 4 1
-54 52 6 1
-54 53 6 1
-54 54 5 1
-54 54 6 1
-67 85 6 1
-67 86 4 1
-54 50 0 1
-54 50 1 1
-54 51 0 1
-54 51 1 1
-67 87 4 1
-67 87 5 1
-67 87 6 1
-70 87 7 0
-74 72 6 1
-74 72 7 1
-74 72 5 0
-74 73 6 1
-74 73 7 2
-75 72 8 1
-75 73 6 1
-75 73 7 1
-75 73 8 1
-75 74 6 1
-75 74 7 1
-75 74 8 1
-74 72 8 1
-74 73 8 1
-74 74 6 1
-74 74 7 1
-74 74 8 1
-73 72 6 1
-73 72 7 2
-73 72 8 1
-73 73 6 1
-73 73 7 1
-73 73 8 1
-73 74 6 1
-73 74 7 2
-73 74 8 1
-74 73 5 1
-75 66 4 1
-74 66 2 1
-74 66 3 1
-74 66 4 1
-75 67 5 0
-79 70 4 1
-74 70 5 0
-76 72 8 0
-77 73 2 1
-77 73 3 1
-77 73 4 1
-76 73 2 1
-76 73 3 1
-76 73 4 1
-75 73 2 1
-75 73 3 2
-75 73 4 1
-76 72 5 0
-68 88 5 0
-68 88 6 0
-68 89 5 0
-68 89 6 0
-70 90 5 1
-70 90 6 1
-73 91 4 1
-73 91 5 1
-73 91 6 1
-72 91 4 1
-72 91 5 2
-72 91 6 1
-71 91 4 2
-71 91 5 2
-71 91 6 1
-70 89 4 1
-70 90 4 1
-70 91 4 1
-70 91 5 1
-58 99 8 0
-58 94 10 1
-58 95 10 1
-58 96 10 1
-57 94 10 1
-57 95 10 1
-57 96 10 1
-56 94 10 1
-56 95 10 1
-56 96 10 1
-54 97 6 1
-77 68 6 1
-77 68 7 0
-78 67 6 0
-55 95 10 1
-77 67 7 0
-78 67 7 0
-77 66 6 1
-77 65 6 1
-77 65 7 1
-76 65 6 1
-76 65 7 1
-76 67 8 0
-76 67 5 0
-56 99 4 1
-81 62 5 1
-81 64 7 0
-81 64 8 0
-82 63 3 1
-82 63 4 2
-82 64 3 1
-82 64 4 1
-82 64 5 1
-82 65 3 1
-82 65 4 1
-81 63 3 1
-81 63 4 1
-80 63 3 1
-80 63 4 2
-81 64 6 0
-83 65 6 0
-83 65 7 0
-83 65 5 0
-83 63 6 1
-84 63 6 0
-84 63 7 0
-84 63 5 1
-83 62 6 1
-83 62 7 1
-83 62 5 1
-82 62 6 1
-82 61 6 1
-82 62 7 2
-82 61 5 0
-82 63 8 1
-83 62 3 1
-83 62 4 1
-83 63 3 1
-83 63 4 1
-83 63 5 1
-83 64 3 1
-83 64 4 1
-82 62 3 1
-82 62 4 1
-82 62 5 1
-81 62 3 1
-81 62 4 1
-54 99 8 2
-55 98 9 1
-55 99 8 1
-55 99 9 1
-82 64 7 0
-84 64 6 0
-84 65 6 0
-84 64 7 0
-84 64 5 1
-85 64 6 0
-75 72 6 1
-85 64 7 0
-85 64 5 1
-85 63 6 0
-86 63 6 0
-76 70 8 0
-85 63 7 0
-85 63 5 1
-84 62 6 0
-85 61 6 0
-85 61 7 0
-85 61 5 1
-84 61 6 0
-84 61 7 0
-84 61 5 1
-82 61 7 1
-84 63 8 0
-84 63 4 2
-85 62 3 1
-85 62 4 2
-85 62 5 1
-85 63 3 1
-85 63 4 1
-85 64 3 1
-85 64 4 1
-84 62 3 1
-84 62 4 1
-84 62 5 1
-84 63 3 1
-66 54 3 2
-66 55 1 2
-66 55 2 2
-86 63 7 0
-86 63 5 1
-86 62 6 0
-87 62 6 0
-87 62 7 0
-87 62 5 1
-86 61 6 0
-86 60 6 0
-86 61 7 0
-86 61 5 1
-85 60 6 0
-85 60 7 0
-85 60 5 1
-83 60 6 0
-83 61 5 0
-85 62 7 0
-85 62 8 0
-86 61 3 1
-86 61 4 2
-86 62 3 1
-86 62 4 1
-86 62 5 1
-86 63 3 1
-86 63 4 1
-85 61 3 1
-85 61 4 1
-84 61 3 1
-84 61 4 1
-85 62 6 0
-74 71 6 1
-74 71 7 1
-74 71 5 0
-75 72 5 0
-76 73 6 0
-66 57 2 1
-66 58 2 1
-66 58 3 2
-66 58 4 2
-66 59 2 1
-66 59 3 1
-66 59 4 1
-66 58 5 1
-66 59 5 1
-66 57 1 1
-66 58 1 1
-66 59 1 1
-70 58 5 1
-70 59 5 1
-70 60 5 1
-58 50 0 1
-58 50 1 2
-58 51 0 1
-58 51 1 1
-58 52 0 1
-58 52 1 1
-70 57 3 1
-69 57 3 1
-70 57 4 0
-69 54 3 2
-70 53 2 2
-70 53 3 2
-70 53 4 1
-70 54 2 1
-70 54 3 1
-70 54 4 1
-70 55 2 1
-69 53 2 1
-69 53 3 1
-69 53 4 1
-69 54 2 2
-69 54 4 2
-69 55 2 2
-69 55 3 2
-69 55 4 2
-68 53 2 1
-68 53 3 1
-68 53 4 1
-68 54 2 1
-68 54 3 2
-68 54 4 2
-68 55 2 1
-68 55 3 2
-68 55 4 2
-70 53 1 1
-70 54 1 1
-70 55 1 1
-69 53 1 1
-69 54 1 1
-69 55 1 1
-68 53 1 1
-68 54 1 1
-68 55 1 1
-71 57 5 0
-72 58 0 1
-72 58 1 1
-71 58 0 1
-71 58 1 1
-71 58 2 1
-70 56 0 1
-70 56 1 1
-70 56 2 1
-70 57 0 1
-70 57 1 1
-70 57 2 2
-70 58 0 1
-70 58 1 1
-70 58 2 1
-67 54 6 1
-66 53 6 1
-66 54 6 1
-65 54 4 1
-65 54 3 1
-61 50 7 1
-60 50 7 1
-59 50 7 1
-64 58 5 1
-64 58 6 1
-65 59 5 1
-65 53 3 1
-69 57 4 1
-69 56 2 2
-69 56 3 1
-69 56 4 1
-68 56 2 1
-68 56 3 1
-68 56 4 1
-69 54 5 2
-70 53 5 1
-70 53 6 1
-70 54 5 1
-70 54 6 1
-70 55 5 1
-70 55 6 1
-69 53 5 1
-69 53 6 1
-69 54 6 1
-69 55 5 2
-69 55 6 1
-68 53 5 1
-68 53 6 1
-68 54 5 1
-68 54 6 1
-68 55 5 1
-68 55 6 1
-52 50 3 1
-52 50 4 1
-52 50 5 1
-52 51 3 2
-52 51 4 2
-52 51 5 2
-55 51 6 1
-54 51 6 1
-53 51 6 1
-55 51 2 2
-54 51 2 1
-53 51 2 1
-56 53 6 1
-55 52 6 1
-55 53 6 1
-57 53 2 1
-56 53 2 1
-55 52 2 1
-55 53 2 1
-55 50 0 1
-55 50 1 2
-55 51 0 1
-55 51 1 1
-65 54 1 2
-74 84 7 0
-75 85 2 1
-74 85 2 1
-74 85 3 1
-74 85 4 1
-73 85 2 1
-73 85 3 2
-67 91 5 0
-67 91 6 0
-69 93 5 0
-69 93 6 0
-73 92 4 1
-73 92 5 1
-73 92 6 1
-72 92 4 2
-72 92 5 1
-72 92 6 1
-71 92 4 1
-71 92 5 1
-71 92 6 1
-73 92 7 1
-73 92 8 1
-72 92 7 1
-72 92 8 1
-71 92 7 1
-71 92 8 1
-70 92 4 1
-69 91 7 0
-69 91 4 0
-69 91 3 0
-64 53 4 1
-64 54 3 2
-67 54 0 1
-66 54 0 1
-65 54 0 1
-70 83 4 1
-70 83 5 1
-70 83 6 1
-70 84 4 1
-70 84 5 1
-70 84 6 1
-70 85 4 2
-70 85 5 2
-70 85 6 1
-72 86 5 0
-72 86 6 0
-64 54 4 1
-63 54 4 1
-63 54 5 1
-63 54 3 2
-64 53 2 1
-64 53 3 2
-64 54 2 1
-63 53 2 1
-63 53 3 2
-63 53 4 1
-63 54 2 1
-62 53 2 1
-80 63 10 0
-62 53 3 1
-80 62 4 1
-80 62 5 1
-79 62 3 1
-79 62 4 1
-79 62 5 1
-79 63 3 1
-73 88 4 2
-63 99 9 1
-63 99 10 1
-63 99 11 1
-62 97 7 1
-62 98 7 2
-62 99 5 1
-62 99 6 1
-62 99 7 1
-61 97 7 2
-61 98 7 2
-61 99 5 1
-61 99 6 1
-61 99 7 2
-80 59 8 0
-79 59 8 0
-60 97 6 2
-79 59 9 0
-80 61 8 0
-60 98 6 2
-80 60 9 0
-80 61 9 0
-81 60 8 0
-81 61 8 1
-81 60 9 0
-81 61 9 0
-83 61 8 1
-82 61 9 0
-82 61 8 1
-81 59 10 0
-81 59 7 0
-81 59 6 0
-83 63 7 1
-83 63 8 1
-61 95 6 0
-62 96 7 1
-61 96 7 1
-60 96 5 1
-60 96 6 1
-60 96 7 1
-66 96 9 1
-66 97 9 1
-66 98 9 1
-65 97 9 1
-65 98 9 1
-64 97 9 1
-64 98 9 1
-64 99 9 1
-79 61 8 0
-79 61 9 0
-79 61 7 0
-79 62 8 0
-79 62 9 0
-96 51 9 0
-96 51 10 0
-96 51 6 0
-81 63 9 0
-82 62 8 1
-82 62 9 0
-83 61 7 1
-82 59 7 0
-79 60 9 0
-79 59 7 0
-81 61 10 0
-81 61 7 1
-81 61 6 1
-93 51 8 0
-93 51 9 0
-93 51 7 0
-93 52 8 0
-93 52 9 0
-93 52 7 0
-95 52 8 0
-95 53 8 0
-95 52 9 0
-94 50 8 0
-95 51 9 0
-95 51 10 0
-95 51 6 0
-92 51 8 0
-92 51 9 0
-92 51 7 0
-92 52 8 0
-92 52 9 0
-92 52 7 0
-94 53 8 0
-94 53 9 0
-94 53 7 0
-95 52 7 0
-95 50 9 0
-93 50 8 0
-92 50 9 0
-94 51 10 0
-94 51 6 0
-60 54 4 1
-60 54 5 1
-59 52 3 2
-59 52 4 2
-59 52 5 2
-59 53 3 2
-59 53 5 2
-59 54 3 1
-59 54 4 1
-59 54 5 1
-58 52 3 1
-58 52 4 2
-58 52 5 2
-58 53 3 1
-58 53 4 1
-58 53 5 1
-58 54 3 1
-58 54 4 1
-72 79 3 1
-72 80 3 1
-72 80 4 1
-72 80 5 1
-71 79 3 1
-71 80 3 1
-71 80 4 1
-71 80 5 1
-70 79 3 1
-70 80 3 1
-70 80 4 1
-70 80 5 1
-73 80 5 1
-73 80 6 1
-74 81 5 0
-74 81 6 0
-76 80 5 0
-76 80 6 0
-76 79 6 0
-75 80 2 1
-75 80 3 1
-75 80 4 1
-74 80 2 1
-74 80 3 2
-74 80 4 1
-73 80 2 1
-73 80 3 1
-73 80 4 1
-90 51 8 0
-90 51 9 0
-91 52 9 0
-92 53 8 0
-92 53 9 0
-91 50 9 0
-92 51 10 0
-92 51 6 0
-73 81 5 1
-73 81 6 1
-74 82 5 0
-75 80 5 0
-76 81 5 0
-75 80 6 0
-76 81 6 0
-74 80 7 0
-75 81 2 1
-75 81 3 2
-75 81 4 1
-74 81 2 1
-74 81 3 1
-74 81 4 1
-73 81 2 1
-73 81 3 1
-73 81 4 1
-89 51 8 0
-89 51 9 0
-91 53 8 0
-91 53 9 0
-91 51 10 0
-73 82 5 1
-74 82 6 0
-75 81 5 0
-76 82 5 0
-75 81 6 0
-52 75 7 1
-52 75 8 1
-52 75 9 1
-52 76 7 1
-52 76 8 1
-52 76 9 1
-52 77 7 2
-52 77 8 1
-52 77 9 1
-51 75 7 2
-51 75 9 2
-52 78 7 1
-52 78 8 1
-52 78 9 2
-52 75 6 2
-52 76 6 1
-52 77 6 1
-51 75 6 2
-52 74 8 1
-52 74 7 1
-59 95 7 1
-72 81 5 2
-73 82 4 1
-73 82 6 1
-72 80 6 1
-72 81 4 2
-72 81 6 1
-72 82 4 2
-72 82 5 1
-72 82 6 1
-71 80 6 1
-71 81 4 1
-71 81 5 1
-71 81 6 1
-71 82 4 1
-71 82 5 1
-71 82 6 1
-75 82 5 0
-75 83 5 0
-75 82 6 0
-75 83 6 0
-76 82 6 0
-77 81 5 0
-75 81 7 0
-76 80 2 1
-76 80 3 1
-76 80 4 1
-76 81 2 1
-76 81 3 1
-76 81 4 1
-76 82 2 1
-76 82 3 1
-76 82 4 1
-75 82 2 1
-75 82 3 1
-75 82 4 1
-74 82 2 1
-74 82 3 2
-74 82 4 1
-52 78 6 1
-53 77 8 1
-53 77 7 1
-53 75 8 1
-53 75 7 1
-53 74 8 1
-53 74 7 1
-51 74 8 1
-51 73 8 0
-51 74 7 1
-51 73 7 1
-51 75 10 1
-52 74 5 1
-52 74 6 2
-52 75 5 1
-52 76 5 1
-51 74 5 1
-51 74 6 1
-51 75 5 1
-51 76 5 1
-58 94 7 2
-58 94 8 2
-58 95 6 2
-58 95 8 2
-58 96 6 2
-58 96 7 1
-58 96 8 1
-57 94 6 1
-57 94 7 1
-57 94 8 1
-57 95 6 2
-57 95 7 2
-57 95 8 2
-57 96 6 1
-53 50 4 2
-53 50 5 2
-62 94 8 0
-59 93 7 2
-60 92 6 1
-60 92 7 2
-60 92 8 1
-60 93 6 1
-60 93 7 1
-60 93 8 1
-59 92 6 1
-55 50 6 1
-54 50 6 1
-59 93 6 1
-59 93 8 2
-53 50 6 1
-58 92 7 1
-55 50 2 1
-58 93 6 2
-54 50 2 1
-58 93 8 2
-60 92 9 1
-53 50 2 1
-60 94 9 1
-59 92 9 1
-59 93 9 1
-59 94 9 1
-58 92 9 1
-58 93 9 1
-58 94 9 1
-62 94 2 1
-62 95 2 1
-55 50 3 1
-55 50 5 1
-54 50 3 2
-54 50 4 2
-54 50 5 2
-77 71 7 1
-77 70 6 1
-77 71 6 1
-79 70 7 1
-79 71 6 2
-80 70 5 1
-80 70 6 1
-80 70 7 1
-80 71 5 1
-80 71 6 1
-80 71 7 1
-80 72 5 1
-80 72 6 1
-80 72 7 1
-79 70 5 1
-79 70 6 1
-79 71 5 1
-79 71 7 1
-79 72 5 1
-79 72 6 1
-79 72 7 1
-78 70 5 1
-78 71 5 1
-78 71 6 1
-78 71 7 1
-78 72 5 1
-78 72 6 1
-78 72 7 1
-77 69 9 0
-78 70 3 1
-78 70 4 1
-77 70 3 1
-77 70 4 1
-77 70 5 1
-76 68 5 1
-76 69 3 1
-76 69 4 1
-76 69 5 1
-76 70 3 1
-76 70 4 2
-76 70 5 1
-70 56 4 1
-70 56 3 1
-71 57 4 0
-71 57 3 1
-73 61 3 1
-73 61 4 1
-73 61 5 1
-72 61 3 1
-72 61 4 1
-72 61 5 1
-71 59 3 1
-71 59 4 1
-71 59 5 1
-71 60 3 1
-71 60 4 1
-71 60 5 1
-71 61 3 1
-71 61 4 1
-71 61 5 1
-73 55 3 0
-72 54 4 0
-72 56 6 0
-71 55 0 1
-71 55 1 1
-71 55 2 1
-71 56 0 1
-71 56 1 1
-71 56 2 1
-71 57 0 1
-71 57 1 2
-71 57 2 2
-95 50 7 0
-96 50 8 0
-95 50 8 0
-96 51 7 0
-96 51 8 0
-96 52 8 0
-97 52 7 0
-97 52 8 0
-75 71 6 0
-99 50 8 0
-76 71 7 0
-76 71 6 0
-80 69 6 2
-81 68 5 1
-81 68 6 1
-81 68 7 1
-81 69 5 1
-81 69 6 1
-81 69 7 1
-81 70 5 1
-81 70 6 1
-81 70 7 1
-80 69 5 1
-80 69 7 1
-89 55 6 0
-91 53 6 0
-91 53 7 0
-91 55 8 0
-90 54 3 1
-90 54 4 1
-90 54 5 1
-90 55 3 1
-90 55 4 2
-90 55 5 1
-90 56 3 1
-90 56 4 1
-90 56 5 1
-95 51 8 0
-94 51 8 0
-94 51 9 0
-95 51 7 0
-94 51 7 0
-94 52 8 0
-94 52 9 0
-94 52 7 0
-96 53 8 0
-96 52 9 0
-97 52 9 0
-97 51 9 0
-89 55 7 0
-89 56 6 0
-89 53 6 0
-89 54 6 0
-64 96 6 1
-64 96 4 1
-64 97 4 1
-64 97 5 2
-88 55 6 0
-64 98 4 1
-88 55 7 0
-89 56 7 0
-90 57 7 0
-90 53 6 0
-90 53 7 0
-89 54 7 0
-90 55 8 0
-89 54 3 1
-89 54 4 1
-89 54 5 1
-89 55 3 1
-89 55 4 2
-89 55 5 1
-89 56 3 1
-89 56 4 1
-89 56 5 1
-64 99 5 1
-65 95 7 1
-65 95 3 0
-97 70 6 0
-98 70 7 0
-97 70 7 0
-100 70 7 0
-87 55 6 0
-99 69 6 0
-87 55 7 0
-88 56 6 0
-99 68 7 0
-98 69 6 0
-98 68 6 0
-98 68 7 0
-89 53 7 0
-88 54 6 0
-88 54 7 0
-89 55 8 0
-88 54 3 1
-88 54 4 1
-88 54 5 1
-88 55 3 2
-88 55 4 1
-88 55 5 1
-88 56 3 1
-88 56 4 1
-88 56 5 1
-63 98 4 1
-63 98 5 1
-63 98 6 1
-62 96 4 1
-62 96 5 1
-97 68 7 0
-97 68 6 0
-98 69 7 0
-62 97 6 1
-100 68 6 0
-100 67 7 0
-62 98 6 2
-100 67 6 0
-99 67 7 0
-99 66 7 0
-78 54 5 0
-99 67 6 0
-78 54 4 0
-77 55 5 0
-77 55 6 0
-77 55 4 0
-99 68 9 0
-77 55 0 1
-77 55 1 1
-77 55 2 1
-77 56 0 1
-77 56 1 2
-77 56 2 1
-77 57 0 1
-77 57 1 1
-86 55 6 0
-78 56 3 0
-86 55 7 0
-87 56 6 0
-87 57 6 0
-87 57 7 0
-88 57 7 0
-88 53 6 0
-87 54 6 0
-87 54 7 0
-88 55 8 0
-89 54 2 1
-89 55 2 1
-89 56 2 1
-88 54 2 1
-88 55 2 1
-88 56 2 1
-87 54 2 1
-87 54 3 1
-87 54 4 1
-87 55 2 1
-87 55 3 1
-87 55 4 1
-87 56 2 1
-87 56 3 1
-87 56 4 1
-76 57 5 0
-76 57 6 0
-76 57 4 0
-76 55 5 0
-96 67 7 0
-96 67 8 0
-96 67 6 0
-97 69 7 0
-97 69 8 0
-97 69 6 0
-98 69 8 0
-99 69 8 0
-100 67 8 0
-99 66 8 0
-98 66 7 0
-98 65 7 0
-98 65 8 0
-98 66 6 0
-98 65 6 0
-97 66 7 0
-97 66 8 0
-97 66 6 0
-98 67 8 0
-98 67 9 0
-98 67 6 0
-98 67 5 0
-98 67 7 0
-86 56 7 0
-85 56 7 0
-86 57 6 0
-86 57 7 0
-87 58 6 0
-87 56 7 0
-86 54 6 0
-86 54 7 0
-75 56 4 0
-87 56 5 0
-77 58 4 0
-77 54 5 0
-77 54 4 0
-77 56 7 0
-76 55 0 1
-76 55 1 1
-76 55 2 1
-76 56 0 1
-76 56 1 2
-76 56 2 1
-76 57 0 1
-76 57 1 1
-76 57 2 1
-77 56 3 0
-74 56 5 1
-75 57 5 1
-75 57 4 1
-76 58 5 1
-76 58 4 1
-76 54 5 0
-76 54 4 0
-75 55 5 0
-75 55 4 0
-76 56 7 0
-75 55 0 1
-75 55 1 1
-75 55 2 1
-88 51 9 0
-89 52 8 0
-75 56 2 2
-75 57 0 1
-75 57 1 1
-75 57 2 1
-76 56 3 1
-89 52 9 0
-74 56 4 1
-75 58 5 1
-61 76 7 1
-61 76 8 1
-61 74 9 1
-61 75 9 1
-61 76 9 1
-61 74 5 1
-61 75 5 1
-61 76 5 1
-60 75 5 1
-60 76 5 1
-62 73 7 1
-62 73 8 1
-62 73 6 2
-61 72 5 1
-61 73 5 1
-74 58 5 1
-74 57 5 1
-74 58 4 2
-75 57 3 1
-75 58 3 1
-75 58 4 1
-75 59 3 2
-75 59 4 2
-75 59 5 1
-74 57 3 1
-62 74 7 1
-62 74 8 0
-62 74 6 1
-63 73 7 1
-63 73 8 1
-63 73 6 1
-62 72 7 1
-62 72 8 1
-62 72 6 2
-61 71 7 1
-61 70 8 2
-62 69 7 1
-62 69 8 1
-62 69 9 1
-62 70 7 1
-62 70 8 1
-62 70 9 1
-62 71 7 1
-62 71 8 1
-62 71 9 1
-61 69 7 1
-61 69 8 1
-61 69 9 1
-61 70 7 1
-61 70 9 1
-61 71 8 1
-61 71 9 1
-60 69 9 1
-61 71 6 1
-61 73 9 1
-62 72 5 1
-62 73 5 1
-62 74 5 1
-54 98 10 1
-54 99 10 1
-62 75 7 0
-62 75 6 0
-63 74 7 1
-63 74 8 1
-64 75 6 2
-65 74 5 1
-54 99 6 1
-65 74 6 1
-65 74 7 1
-65 75 5 1
-65 75 6 1
-65 75 7 1
-65 76 5 1
-65 76 6 1
-65 76 7 1
-64 74 5 1
-64 74 6 2
-64 74 7 2
-64 75 5 1
-64 75 7 1
-64 76 5 1
-64 76 6 1
-64 76 7 1
-63 74 5 1
-63 74 6 1
-63 75 5 1
-63 75 6 1
-63 75 7 1
-63 76 5 1
-63 76 6 1
-63 76 7 1
-64 73 7 1
-64 73 6 1
-63 71 7 1
-64 71 8 2
-65 70 7 2
-65 70 8 1
-65 70 9 1
-65 71 7 2
-65 71 8 2
-65 71 9 1
-65 72 7 2
-65 72 8 2
-65 72 9 1
-64 70 7 2
-64 70 8 2
-64 70 9 1
-64 71 7 2
-64 71 9 1
-64 72 7 2
-64 72 8 1
-64 72 9 1
-63 70 7 1
-63 70 8 1
-63 70 9 1
-63 71 8 1
-63 71 9 1
-63 72 7 1
-63 72 8 1
-63 72 9 1
-63 71 6 2
-62 71 6 2
-62 73 9 1
-62 55 6 1
-62 56 4 1
-62 56 5 1
-62 56 6 1
-62 57 4 1
-62 57 5 1
-62 57 6 1
-62 56 3 2
-62 56 2 1
-62 57 2 1
-62 57 3 1
-61 55 2 1
-61 55 3 1
-61 55 4 1
-61 56 2 1
-61 56 3 1
-61 56 4 1
-61 57 2 1
-61 57 3 1
-61 57 4 1
-68 55 7 1
-68 56 7 1
-68 57 7 1
-67 55 7 1
-67 56 7 1
-67 57 7 1
-66 55 7 1
-66 56 7 1
-66 57 7 1
-65 52 5 1
-63 53 5 0
-71 77 4 2
-71 77 5 2
-70 75 3 1
-70 75 4 1
-70 75 5 1
-70 76 3 1
-70 76 4 1
-70 76 5 1
-70 77 3 1
-70 77 4 1
-70 77 5 1
-74 78 5 0
-75 77 6 1
-75 77 7 1
-75 77 8 1
-75 77 2 1
-75 77 3 1
-75 77 4 1
-74 77 2 1
-74 77 3 2
-74 77 4 1
-73 77 2 1
-73 77 3 1
-73 77 4 1
-64 54 5 1
-66 52 4 1
-66 52 5 1
-74 78 6 0
-76 77 5 0
-75 75 9 1
-75 76 9 1
-75 77 9 1
-74 75 9 1
-74 76 9 1
-74 77 9 1
-73 75 9 1
-73 76 9 1
-73 77 9 1
-73 78 5 0
-73 78 6 0
-76 78 5 0
-75 78 6 0
-75 78 5 0
-62 53 5 0
-65 55 7 1
-65 56 7 1
-65 57 7 1
-64 55 7 1
-64 56 7 1
-64 57 7 1
-63 55 7 1
-63 56 7 1
-63 57 7 1
-67 52 3 1
-67 52 4 1
-67 52 5 1
-67 52 6 1
-66 52 6 1
-65 52 6 1
-67 52 2 1
-66 52 2 1
-65 52 2 1
-64 51 4 1
-64 51 5 0
-76 68 8 0
-63 50 2 1
-77 69 7 1
-77 69 8 0
-77 69 6 1
-78 69 7 1
-78 70 7 1
-72 78 4 1
-72 78 5 1
-72 78 6 1
-71 77 6 1
-71 78 4 1
-71 78 5 2
-71 78 6 1
-70 77 6 1
-70 78 4 1
-70 78 5 1
-70 78 6 1
-72 78 3 1
-71 78 3 1
-70 78 3 1
-74 79 5 0
-77 68 4 1
-74 79 6 0
-76 77 6 0
-75 78 7 1
-75 78 8 1
-75 78 9 1
-74 78 7 1
-74 78 8 2
-74 78 9 1
-73 78 7 1
-73 78 8 1
-73 78 9 1
-75 78 2 1
-75 78 3 1
-75 78 4 1
-74 78 2 1
-74 78 3 2
-74 78 4 1
-73 78 2 1
-73 78 3 1
-73 78 4 1
-67 69 6 1
-67 69 7 1
-67 70 4 1
-67 70 5 2
-67 71 4 1
-67 71 5 1
-67 72 4 1
-67 72 5 1
-64 69 4 1
-63 69 4 1
-62 69 4 1
-76 70 7 0
-76 70 6 0
-77 70 7 1
-62 71 4 1
-68 73 9 1
-69 71 6 1
-69 72 6 1
-69 73 6 1
-69 73 7 1
-69 73 8 1
-68 70 6 1
-69 70 6 1
-68 69 6 1
-68 69 7 1
-67 68 6 0
-67 68 7 0
-68 69 4 1
-68 69 5 1
-68 70 4 1
-68 70 5 2
-68 71 4 1
-68 71 5 1
-67 69 4 1
-67 69 5 1
-66 69 4 1
-60 71 8 1
-60 70 9 1
-60 71 9 1
-60 72 9 1
-59 70 9 1
-58 70 9 1
-60 70 5 1
-60 71 5 1
-60 72 5 1
-60 73 5 1
-60 73 6 2
-60 74 5 1
-64 70 6 1
-66 69 5 1
-66 70 5 1
-66 71 5 2
-65 69 5 1
-65 70 5 1
-65 71 5 2
-64 69 5 1
-64 70 5 1
-64 71 5 2
-63 70 6 1
-64 72 5 2
-78 66 7 0
-79 66 7 0
-79 66 5 1
-78 65 6 1
-78 65 7 1
-78 65 5 2
-77 64 6 1
-77 64 7 1
-77 64 5 1
-75 64 6 2
-76 63 5 1
-70 70 7 1
-76 63 6 1
-76 63 7 1
-70 71 7 1
-70 71 8 2
-70 72 6 1
-70 72 7 1
-70 72 8 1
-69 68 6 1
-69 69 7 1
-69 69 6 1
-66 68 6 0
-75 65 5 1
-74 63 5 1
-74 63 6 1
-74 63 7 1
-74 64 5 1
-66 74 7 1
-66 74 8 1
-66 74 9 1
-66 75 7 1
-66 75 8 1
-66 75 9 1
-66 72 6 1
-66 73 6 1
-65 68 6 1
-79 57 6 0
-65 68 7 1
-65 68 8 1
-64 68 6 1
-80 58 4 0
-81 57 4 0
-81 55 4 0
-80 54 5 0
-80 54 6 0
-80 54 4 0
-79 55 5 0
-79 55 6 0
-79 55 4 0
-80 56 7 0
-80 56 4 0
-80 56 3 0
-71 70 7 1
-71 70 8 1
-71 70 9 1
-71 71 7 1
-59 76 5 1
-61 75 7 1
-61 75 8 1
-61 75 6 1
-61 73 8 1
-61 72 7 1
-61 72 8 2
-61 72 6 2
-60 69 6 1
-60 69 7 1
-60 69 8 1
-59 69 6 1
-59 69 7 1
-59 69 8 1
-58 69 6 1
-58 69 7 1
-58 69 8 1
-56 70 6 1
-56 70 7 1
-56 70 8 1
-56 70 5 1
-77 67 5 1
-80 67 6 0
-80 67 7 0
-80 67 5 1
-79 65 6 1
-80 65 6 0
-80 65 7 0
-80 65 5 1
-80 64 6 0
-80 64 7 0
-80 64 5 1
-78 64 6 2
-78 63 6 1
-78 64 7 2
-78 63 5 1
-78 65 8 1
-79 64 4 1
-79 64 5 1
-79 64 6 1
-79 65 4 1
-79 65 5 1
-79 66 4 1
-78 64 4 1
-78 64 5 2
-78 65 4 1
-78 66 4 1
-78 66 5 1
-77 64 4 1
-77 65 4 1
-78 57 5 0
-78 57 6 0
-78 57 4 0
-79 58 5 0
-79 58 6 0
-79 58 4 0
-79 54 5 0
-79 54 6 0
-79 54 4 0
-78 55 5 0
-78 55 6 0
-78 55 4 0
-79 56 7 0
-79 56 1 2
-80 55 0 1
-80 55 1 1
-80 55 2 1
-80 56 0 1
-80 56 1 1
-80 56 2 1
-80 57 0 1
-80 57 1 1
-80 57 2 1
-79 55 0 1
-79 55 1 1
-79 55 2 1
-79 56 0 1
-79 56 2 1
-79 57 0 1
-79 57 1 1
-79 57 2 1
-78 55 0 1
-78 55 1 1
-78 55 2 1
-78 56 0 1
-78 56 1 2
-78 56 2 1
-78 57 0 1
-78 57 1 1
-78 57 2 1
-79 56 3 0
-76 56 5 0
-76 56 6 0
-76 56 4 0
-77 57 5 0
-77 57 6 0
-77 57 4 0
-78 58 5 0
-78 58 6 0
-78 58 4 0
-89 60 7 0
-89 59 6 0
-89 59 7 0
-87 59 6 0
-87 59 7 0
-87 60 8 0
-88 59 3 1
-88 59 4 1
-88 59 5 1
-88 60 3 1
-88 60 4 1
-88 61 3 1
-88 61 4 1
-87 59 3 1
-87 59 4 1
-87 59 5 1
-86 59 3 1
-86 59 4 1
-89 61 6 0
-89 61 7 0
-90 61 6 0
-90 61 7 0
-90 60 6 0
-91 60 6 0
-90 60 7 0
-91 60 7 0
-90 58 6 0
-90 58 7 0
-89 58 6 0
-89 58 7 0
-88 59 6 0
-88 59 7 0
-87 58 7 0
-89 60 8 0
-89 60 4 2
-90 59 3 1
-90 59 4 2
-90 59 5 1
-90 60 3 1
-90 60 4 1
-90 60 5 1
-90 61 3 1
-90 61 4 1
-90 61 5 1
-89 59 3 1
-89 59 4 1
-89 59 5 1
-89 60 3 1
-89 60 5 1
-89 61 3 1
-89 61 4 1
-89 61 5 1
-91 59 7 0
-90 59 7 0
-90 59 8 0
-91 58 3 1
-91 58 4 2
-91 58 5 1
-91 59 3 1
-91 59 4 1
-91 59 5 1
-91 60 3 1
-91 60 4 1
-91 60 5 1
-90 58 3 1
-90 58 4 1
-90 58 5 1
-89 58 3 1
-89 58 4 1
-89 58 5 1
-90 59 6 0
-91 58 8 0
-91 58 9 0
-88 51 8 0
-90 53 9 0
-90 57 4 1
-90 51 10 0
-90 51 7 0
-90 51 6 0
-67 89 5 0
-67 89 6 0
-69 91 5 0
-69 91 6 0
-69 89 7 0
-70 88 1 1
-70 89 1 1
-70 90 1 1
-70 90 2 1
-69 88 1 1
-69 89 1 1
-69 90 1 1
-69 90 2 1
-69 90 3 1
-68 88 1 1
-68 89 1 1
-68 90 1 1
-68 90 2 1
-68 90 3 1
-73 79 5 0
-73 79 6 0
-76 79 5 0
-75 79 6 0
-72 79 4 1
-72 79 5 1
-72 79 6 1
-71 79 4 2
-71 79 5 1
-71 79 6 1
-70 79 4 1
-70 79 5 1
-70 79 6 1
-74 80 5 0
-74 80 6 0
-75 79 5 0
-76 78 6 0
-75 79 7 1
-75 79 8 1
-75 79 9 1
-74 79 7 1
-74 79 8 1
-74 79 9 1
-73 79 7 1
-73 79 8 1
-73 79 9 1
-75 79 2 1
-75 79 3 1
-75 79 4 1
-74 79 2 1
-74 79 3 2
-74 79 4 1
-73 79 2 1
-73 79 3 1
-73 79 4 1
-97 50 7 0
-96 50 7 0
-97 50 8 0
-97 50 6 0
-97 51 8 0
-100 51 8 0
-98 50 8 0
-98 50 9 0
-97 50 3 1
-97 50 4 1
-97 50 5 1
-65 73 6 1
-65 73 7 1
-65 73 8 1
-65 74 8 2
-65 75 8 1
-64 73 8 1
-64 74 8 2
-64 75 8 1
-63 75 8 1
-65 73 9 1
-65 74 9 1
-65 75 9 1
-64 73 9 1
-64 74 9 1
-64 75 9 1
-63 73 9 1
-63 74 9 1
-63 75 9 1
-65 73 5 1
-64 73 5 1
-64 72 6 2
-64 71 6 1
-62 72 9 1
-63 71 5 1
-62 71 5 1
-61 71 5 1
-100 75 6 0
-100 75 7 0
-100 75 5 0
-100 77 6 0
-100 76 7 0
-100 77 5 0
-61 72 9 1
-66 71 7 1
-66 71 8 1
-66 71 9 1
-66 72 7 1
-66 72 8 1
-66 72 9 1
-66 73 7 1
-66 73 8 2
-66 73 9 1
-65 72 6 2
-66 69 6 1
-66 69 7 1
-100 74 5 0
-66 70 6 1
-66 70 7 1
-66 70 8 1
-66 71 6 1
-65 69 6 1
-65 69 7 1
-65 69 8 1
-65 70 6 2
-65 71 6 1
-64 69 6 2
-64 69 7 2
-64 69 8 1
-55 55 6 1
-54 55 6 1
-56 55 2 1
-56 55 3 1
-51 50 2 1
-99 74 7 0
-99 74 5 0
-100 73 6 0
-100 72 6 0
-100 73 7 0
-100 73 5 0
-99 73 6 0
-99 73 7 0
-99 73 5 0
-56 56 3 1
-56 56 4 1
-56 56 5 1
-74 69 6 0
-74 70 7 0
-75 69 6 0
-75 69 7 0
-76 68 6 0
-76 68 7 0
-75 66 6 1
-75 67 7 1
-74 66 6 1
-74 66 7 2
-75 65 6 1
-75 65 7 1
-75 65 8 1
-75 66 7 1
-75 66 8 1
-75 67 6 1
-75 67 8 1
-74 65 6 1
-74 65 7 1
-74 65 8 1
-74 66 8 1
-74 67 8 1
-73 65 6 1
-73 65 7 1
-73 65 8 1
-73 66 8 1
-73 67 8 1
-74 68 8 0
-75 67 2 1
-75 67 3 2
-75 67 4 1
-75 68 2 1
-75 68 3 1
-75 68 4 1
-75 69 2 1
-75 69 3 1
-75 69 4 1
-74 68 5 0
-73 83 2 1
-73 83 3 1
-73 83 4 1
-67 88 5 0
-68 90 5 0
-68 90 6 0
-69 90 5 0
-69 90 6 0
-72 91 3 1
-71 91 3 1
-70 90 3 1
-51 54 6 1
-68 84 3 1
-66 85 4 1
-66 85 5 1
-66 85 6 1
-66 86 4 1
-66 86 5 1
-66 86 6 1
-66 87 4 1
-66 87 5 1
-66 87 6 1
-69 88 7 0
-68 87 2 1
-68 88 2 1
-68 88 3 1
-68 88 4 1
-68 89 2 1
-68 89 3 1
-68 89 4 1
-54 56 2 1
-53 56 2 1
-52 56 2 1
-52 56 3 2
-52 56 4 2
-55 56 6 1
-54 56 6 1
-53 54 6 1
-53 55 6 1
-53 56 6 1
-72 83 6 1
-73 85 5 1
-74 85 5 1
-74 85 6 1
-75 84 5 1
-76 85 5 2
-75 84 6 1
-76 85 4 2
-77 65 5 1
-77 84 4 1
-77 84 5 1
-77 85 3 1
-77 85 4 1
-77 85 5 1
-77 86 3 1
-77 86 4 1
-77 86 5 1
-76 84 3 1
-76 84 4 1
-76 85 3 1
-76 86 3 1
-76 86 4 1
-76 86 5 1
-75 84 3 1
-75 84 4 1
-75 85 3 1
-75 85 4 1
-75 85 5 2
-75 86 3 1
-75 86 4 1
-75 86 5 1
-72 81 3 1
-72 82 3 1
-71 81 3 1
-71 82 3 1
-74 83 7 0
-75 84 2 1
-74 84 2 1
-74 84 3 2
-74 84 4 1
-73 84 2 1
-73 84 3 1
-73 84 4 1
-80 66 6 0
-80 66 7 0
-81 66 6 0
-81 66 7 0
-78 62 8 0
-81 65 6 0
-78 62 7 0
-80 63 8 0
-79 63 8 1
-80 62 8 0
-79 63 9 0
-80 64 8 0
-80 64 9 0
-82 63 9 0
-82 60 7 0
-80 60 7 0
-79 60 8 0
-79 60 7 0
-80 62 9 0
-80 62 10 0
-80 62 7 0
-80 62 6 0
-81 65 3 1
-81 65 4 1
-81 66 3 1
-81 66 4 1
-80 64 3 1
-80 64 4 2
-80 65 3 1
-80 66 3 1
-80 66 4 1
-80 66 5 1
-79 64 3 1
-79 65 3 1
-79 66 3 1
-72 84 5 2
-73 85 4 1
-73 85 6 1
-72 83 4 1
-72 84 4 1
-72 84 6 1
-72 85 4 1
-72 85 5 1
-72 85 6 1
-71 83 4 1
-71 83 5 1
-71 83 6 1
-71 84 4 2
-71 84 5 2
-71 84 6 1
-71 85 4 1
-71 85 5 1
-71 85 6 1
-74 86 5 2
-74 86 6 1
-75 85 6 1
-77 84 6 1
-77 85 6 1
-77 86 6 1
-76 85 6 1
-76 86 6 1
-75 86 6 1
-72 83 3 1
-71 83 3 1
-71 71 5 1
-71 72 5 1
-71 72 6 1
-70 71 5 1
-70 72 5 1
-69 72 5 1
-74 70 6 0
-74 69 7 0
-75 68 6 0
-75 68 7 0
-74 67 6 1
-74 67 7 1
-73 66 6 1
-73 66 7 1
-73 68 8 0
-73 68 3 2
-74 67 2 1
-74 67 3 1
-74 67 4 1
-74 68 2 1
-74 68 3 2
-74 68 4 1
-74 69 2 1
-74 69 3 1
-74 69 4 1
-73 67 2 1
-73 67 3 1
-73 68 2 1
-73 69 2 1
-73 69 3 1
-72 67 2 1
-72 67 3 1
-72 68 2 1
-72 68 3 1
-72 69 2 1
-72 69 3 1
-99 71 6 0
-99 71 7 0
-99 71 5 0
-98 71 6 0
-98 71 7 0
-98 71 5 0
-99 72 6 0
-98 73 6 0
-99 72 7 0
-99 72 5 0
-100 70 6 0
-100 69 6 0
-100 69 7 0
-100 69 5 0
-99 70 6 0
-98 70 6 0
-99 70 7 0
-99 70 5 0
-100 71 7 0
-100 71 8 0
-100 71 5 0
-100 71 4 0
-100 71 6 0
-66 94 4 1
-66 94 6 1
-65 94 4 1
-65 94 5 1
-65 94 6 1
-64 94 4 1
-64 94 5 1
-64 94 6 1
-64 93 7 2
-65 92 7 1
-65 92 8 1
-65 93 7 1
-65 93 8 1
-65 94 7 1
-65 94 8 1
-64 92 7 1
-64 92 8 1
-64 93 8 2
-64 94 7 2
-64 94 8 2
-63 92 6 1
-63 92 7 1
-63 92 8 2
-63 93 6 2
-63 93 7 1
-63 93 8 1
-63 94 6 1
-63 94 7 1
-63 94 8 1
-66 95 4 1
-66 95 5 2
-66 95 6 1
-66 96 4 1
-66 96 5 2
-66 96 6 2
-70 95 5 2
-71 94 4 1
-71 94 5 1
-71 94 6 1
-71 95 4 1
-71 95 5 1
-71 95 6 1
-71 96 4 1
-71 96 5 1
-71 96 6 1
-70 94 4 1
-70 94 5 1
-70 94 6 1
-70 95 4 2
-70 95 6 1
-70 96 4 1
-70 96 5 1
-70 96 6 1
-86 52 8 0
-71 95 3 1
-71 96 3 1
-87 53 9 0
-88 54 8 0
-70 96 3 1
-67 93 7 0
-87 50 9 0
-53 52 5 1
-52 52 5 2
-53 52 6 1
-52 52 6 1
-56 52 1 1
-55 52 1 1
-54 52 1 1
-57 99 6 2
-57 99 7 1
-56 94 9 1
-58 97 5 1
-57 97 5 2
-56 98 7 1
-56 98 6 1
-55 94 8 1
-56 93 5 1
-56 93 6 1
-56 93 7 1
-62 95 6 0
-62 95 5 1
-63 96 7 1
-61 96 4 1
-61 96 5 1
-61 96 6 1
-61 97 4 1
-61 97 5 1
-61 97 6 2
-61 98 4 1
-61 98 5 1
-61 98 6 2
-63 97 7 1
-63 98 7 1
-67 98 7 1
-67 96 8 1
-63 92 4 1
-63 92 5 1
-63 93 4 1
-63 93 5 1
-63 94 4 1
-86 52 9 0
-86 53 8 0
-88 54 9 0
-86 50 8 0
-65 95 5 1
-68 97 4 1
-68 97 5 1
-68 97 6 1
-67 97 4 1
-67 97 5 1
-67 97 6 1
-66 97 4 1
-66 97 5 2
-66 97 6 2
-56 98 8 0
-57 98 8 0
-56 98 5 1
-56 99 5 1
-56 99 6 1
-56 99 7 1
-56 95 4 1
-56 96 4 1
-56 97 4 1
-56 97 5 1
-56 97 6 1
-65 95 6 1
-65 95 4 1
-65 96 4 1
-65 96 5 1
-65 96 6 1
-65 97 4 1
-65 97 5 2
-65 97 6 2
-66 91 7 1
-65 91 7 1
-64 91 7 1
-66 94 3 0
-62 95 7 0
-85 52 8 0
-85 52 9 0
-86 54 8 0
-86 53 9 0
-87 54 8 0
-87 54 9 0
-86 51 8 0
-86 51 9 0
-87 52 10 0
-87 52 7 0
-87 52 6 0
-84 56 6 0
-84 56 7 0
-84 56 5 0
-84 57 6 0
-84 57 7 0
-84 57 5 0
-86 58 6 0
-86 58 5 0
-87 57 5 0
-87 54 5 0
-86 54 5 0
-85 55 6 0
-84 54 6 0
-85 55 7 0
-84 54 7 0
-84 54 5 0
-86 56 8 0
-86 56 5 0
-86 56 4 0
-55 97 6 1
-85 53 8 0
-84 53 8 0
-54 96 8 1
-85 53 9 0
-57 99 8 1
-55 94 9 1
-54 94 9 1
-54 95 9 1
-54 96 9 1
-58 98 4 1
-57 98 4 1
-56 98 4 1
-73 83 5 1
-73 83 6 1
-76 83 5 0
-76 83 6 0
-67 92 5 0
-68 92 6 0
-68 92 5 0
-70 92 5 1
-70 92 6 1
-67 90 5 0
-67 90 6 0
-69 92 5 0
-69 92 6 0
-73 91 7 1
-73 91 8 1
-72 91 7 2
-72 91 8 1
-71 91 7 1
-71 91 8 1
-69 90 7 0
-69 90 4 0
-53 76 6 1
-53 76 7 1
-53 76 8 1
-53 77 6 1
-53 78 6 2
-53 78 7 2
-53 78 8 1
-53 77 9 1
-53 77 10 1
-53 78 9 1
-53 78 10 1
-53 79 8 1
-53 79 9 1
-53 79 10 1
-52 77 10 1
-52 78 10 1
-52 79 8 1
-52 79 9 1
-52 79 10 1
-54 77 7 1
-62 92 6 1
-54 76 8 1
-54 76 7 1
-55 75 7 2
-63 95 4 0
-56 74 6 2
-56 74 7 1
-56 74 8 2
-56 75 6 2
-56 75 7 2
-56 75 8 2
-56 76 6 1
-56 76 7 1
-56 76 8 1
-55 74 6 2
-55 74 7 1
-55 74 8 2
-55 75 6 1
-55 75 8 2
-55 76 6 2
-55 76 7 2
-55 76 8 2
-54 74 6 2
-54 74 7 1
-54 74 8 2
-54 75 6 2
-54 75 7 1
-54 75 8 1
-54 76 6 1
-56 74 9 1
-56 75 9 1
-56 76 9 1
-55 74 9 1
-55 75 9 1
-55 76 9 1
-54 74 9 1
-54 75 9 1
-54 76 9 1
-54 73 9 2
-55 72 8 1
-55 72 9 1
-55 72 10 1
-55 73 8 2
-55 73 9 1
-55 73 10 1
-55 74 10 1
-54 72 8 1
-54 72 9 1
-54 72 10 1
-54 73 8 2
-54 73 10 1
-54 74 10 1
-53 72 8 1
-53 72 9 2
-53 72 10 1
-53 73 8 1
-53 73 9 1
-53 73 10 1
-53 74 9 1
-53 74 10 1
-52 73 7 1
-52 73 8 1
-53 74 5 1
-53 74 6 2
-53 75 5 1
-53 75 6 2
-53 76 5 1
-100 76 5 0
-100 76 6 0
-93 58 5 1
-93 59 3 1
-93 59 5 1
-93 60 3 1
-93 60 4 1
-93 60 5 1
-92 58 3 1
-92 58 4 1
-92 58 5 1
-92 59 3 1
-92 59 4 1
-92 59 5 1
-92 60 3 1
-92 60 4 1
-92 60 5 1
-80 56 5 0
-92 58 6 0
-91 58 6 0
-80 56 6 0
-81 57 5 0
-94 56 6 0
-82 58 5 0
-94 57 7 0
-94 56 7 0
-93 56 6 0
-93 56 7 0
-92 56 6 0
-92 56 7 0
-93 58 8 0
-94 57 3 1
-94 57 4 1
-94 57 5 1
-93 57 3 1
-93 57 4 2
-93 57 5 1
-92 57 3 1
-92 57 4 2
-92 57 5 1
-91 57 6 0
-91 57 7 0
-93 55 6 0
-93 55 7 0
-91 56 6 0
-79 56 5 0
-93 57 8 0
-79 56 6 0
-79 56 4 0
-80 57 5 0
-80 57 6 0
-80 57 4 0
-81 58 5 0
-81 58 6 0
-92 56 4 2
-92 56 5 1
-82 55 4 0
-81 54 5 0
-81 54 6 0
-81 54 4 0
-80 55 5 0
-80 55 6 0
-80 55 4 0
-81 56 7 0
-81 56 4 0
-81 56 3 0
-90 56 6 0
-94 55 6 0
-94 55 7 0
-92 55 6 0
-92 54 6 0
-92 55 7 0
-91 55 6 0
-91 55 7 0
-92 56 8 0
-93 55 3 1
-93 55 4 1
-93 55 5 1
-92 55 3 1
-92 55 4 2
-92 55 5 1
-91 55 3 1
-91 55 4 2
-91 55 5 1
-91 56 3 1
-91 56 4 1
-91 56 5 1
-91 57 3 1
-91 57 4 1
-91 57 5 1
-54 51 3 2
-54 51 4 2
-54 51 5 1
-54 52 3 2
-90 56 7 0
-92 54 7 0
-54 53 3 2
-54 53 4 1
-54 53 5 1
-90 57 6 0
-93 54 6 0
-93 54 7 0
-90 54 6 0
-91 54 7 0
-91 54 6 0
-71 89 6 1
-71 87 7 1
-71 88 7 1
-71 89 7 1
-75 87 3 1
-69 84 6 1
-69 85 6 1
-71 86 7 0
-70 85 2 1
-70 86 2 1
-70 87 2 1
-70 87 3 2
-70 87 4 1
-55 50 4 1
-56 50 0 1
-56 50 1 2
-56 51 0 1
-56 51 1 1
-90 55 6 0
-90 55 7 0
-92 53 6 0
-92 53 7 0
-90 54 7 0
-92 55 8 0
-93 54 3 1
-93 54 4 1
-93 54 5 1
-92 54 3 1
-92 54 4 1
-92 54 5 1
-91 54 3 1
-91 54 4 1
-91 54 5 1
-68 55 0 1
-68 56 0 1
-68 57 0 1
-67 55 0 1
-67 56 0 1
-67 56 1 2
-67 57 0 1
-56 76 5 1
-56 77 5 1
-55 77 5 1
-59 74 6 2
-59 75 6 1
-59 76 6 1
-59 76 7 1
-59 76 8 1
-59 76 9 1
-60 73 7 1
-60 73 8 1
-60 73 9 1
-60 74 7 1
-60 74 8 1
-60 74 9 1
-60 75 7 2
-60 75 8 2
-60 75 9 1
-59 71 7 2
-59 71 8 2
-59 71 9 1
-59 72 7 1
-59 72 8 1
-59 72 9 1
-58 71 7 2
-58 71 8 1
-58 54 2 1
-52 55 6 1
-53 50 3 2
-79 63 5 1
-79 63 6 1
-79 63 7 1
-79 64 7 1
-79 65 7 1
-77 63 5 1
-77 63 6 1
-77 63 7 1
-79 63 4 1
-78 63 4 1
-77 63 4 1
-82 65 7 0
-82 65 5 1
-82 64 6 0
-83 64 6 0
-83 64 7 0
-83 64 5 1
-82 63 6 1
-82 63 7 1
-82 63 5 1
-81 62 6 1
-81 62 7 1
-77 69 3 1
-77 68 3 1
-78 69 3 1
-79 69 5 1
-62 99 11 1
-62 99 10 1
-59 99 4 1
-56 99 9 1
-58 99 9 0
-52 76 10 1
-52 77 5 1
-57 99 10 0
-57 99 9 1
-58 97 9 0
-53 99 6 1
-53 98 6 1
-54 98 6 1
-55 99 6 1
-55 98 6 1
-53 99 10 1
-53 98 10 1
-55 99 10 1
-55 98 10 1
-53 99 9 1
-53 99 8 1
-53 99 7 1
-53 98 9 1
-53 98 8 1
-53 98 7 1
-54 99 9 2
-54 99 7 2
-54 98 9 1
-54 98 8 1
-54 98 7 1
-57 99 4 1
-58 99 4 1
-57 98 9 0
-54 97 10 1
-54 97 9 1
-54 96 10 1
-54 95 10 1
-55 97 10 1
-55 96 10 1
-56 97 10 1
-54 97 8 1
-54 97 7 1
-56 99 8 1
-55 99 7 1
-55 98 8 1
-55 98 7 1
-54 95 8 1
-54 94 8 1
-54 96 7 1
-54 96 6 1
-54 96 5 1
-54 95 7 1
-54 95 6 1
-54 95 5 1
-54 94 7 1
-54 94 6 1
-54 94 5 1
-55 93 7 1
-55 93 6 1
-55 93 5 1
-57 99 5 2
-57 98 7 1
-57 98 6 1
-57 98 5 2
-58 99 7 1
-58 99 5 1
-58 98 5 1
-58 99 6 2
-58 98 8 0
-57 97 4 1
-57 97 3 1
-57 97 2 1
-57 96 4 1
-57 96 3 1
-57 96 2 1
-57 95 4 1
-57 95 3 1
-57 95 2 1
-58 96 5 1
-94 56 3 1
-57 92 9 1
-57 92 8 1
-58 98 6 1
-80 63 6 0
-62 69 5 1
-62 69 6 1
-62 70 4 1
-59 53 4 2
-60 52 5 1
-72 56 1 2
-78 56 5 0
-78 56 6 0
-78 56 4 0
-79 57 5 0
-79 57 4 0
-77 56 5 0
-77 56 6 0
-77 56 4 0
-77 66 4 1
-77 66 5 1
-55 97 9 1
-55 97 8 1
-55 97 7 1
-55 96 9 2
-55 96 8 1
-55 95 9 1
-55 95 8 2
-56 97 9 1
-56 97 8 1
-56 97 7 1
-56 96 9 1
-56 95 9 1
-56 95 8 1
-57 97 9 1
-57 97 8 1
-57 97 7 1
-56 96 8 2
-58 97 6 1
-58 97 8 0
-55 96 7 2
-55 96 6 1
-55 96 5 1
-55 95 7 2
-55 95 6 2
-55 95 5 1
-55 94 7 1
-55 94 6 1
-55 94 5 1
-56 96 7 1
-56 96 6 1
-56 96 5 1
-56 95 7 2
-56 95 5 1
-56 94 7 1
-96 66 7 0
-95 66 7 0
-56 94 6 2
-96 66 8 0
-96 66 6 0
-95 66 6 0
-97 68 8 0
-99 67 8 0
-99 65 7 0
-99 65 8 0
-99 65 6 0
-97 65 7 0
-97 64 7 0
-97 64 8 0
-97 65 6 0
-97 64 6 0
-96 65 7 0
-96 65 8 0
-96 65 6 0
-97 66 9 0
-97 66 5 0
-56 94 5 1
-57 96 5 2
-56 95 6 2
-57 95 5 1
-58 95 5 1
-59 95 5 1
-57 93 9 1
-57 93 8 1
-59 91 8 1
-59 91 7 1
-59 91 6 1
-60 91 8 1
-60 91 7 1
-60 91 6 1
-61 92 8 1
-61 92 7 1
-61 92 6 1
-61 91 8 1
-61 91 7 1
-61 91 6 1
-58 97 7 1
-59 99 5 1
-59 99 6 1
-59 96 4 1
-59 96 3 2
-59 96 2 1
-92 57 8 0
-59 95 4 1
-59 95 3 1
-59 95 2 1
-59 94 4 1
-59 94 3 1
-59 94 2 1
-60 95 9 1
-59 93 5 1
-59 92 5 1
-59 98 5 1
-59 97 5 1
-59 96 5 1
-59 99 9 1
-59 99 8 1
-59 99 7 1
-59 98 9 1
-59 97 9 1
-59 98 8 1
-59 98 7 1
-59 98 6 1
-59 97 8 1
-95 56 6 0
-59 97 6 1
-59 97 7 1
-96 56 6 0
-57 96 9 1
-95 56 7 0
-95 55 6 0
-57 95 9 2
-95 55 7 0
-81 55 8 0
-57 94 9 1
-81 55 9 0
-82 57 8 0
-82 57 9 0
-83 57 8 0
-83 57 9 0
-85 57 8 0
-84 57 9 0
-82 54 8 0
-82 54 9 0
-83 55 10 0
-95 57 5 1
-94 55 3 1
-94 55 4 1
-94 55 5 1
-58 96 9 1
-58 95 9 1
-59 96 9 1
-60 96 8 1
-60 97 8 1
-60 98 8 2
-62 96 9 1
-62 97 9 1
-62 98 9 1
-61 96 9 1
-61 97 9 1
-61 98 9 1
-60 96 9 1
-60 97 9 1
-96 57 6 0
-96 57 7 0
-96 56 7 0
-96 54 6 0
-96 54 7 0
-94 54 7 0
-59 95 9 1
-60 93 9 1
-58 93 7 1
-81 56 8 0
-82 56 9 0
-81 56 9 0
-81 57 8 0
-81 57 9 0
-83 58 8 0
-97 56 6 0
-83 58 9 0
-83 56 10 0
-97 56 5 0
-96 55 6 0
-97 55 6 0
-97 55 7 0
-97 55 5 1
-97 54 6 0
-97 54 7 0
-97 54 5 1
-95 54 6 0
-95 53 6 0
-58 92 8 1
-95 53 7 0
-95 53 5 1
-94 54 5 1
-95 55 8 0
-96 54 3 1
-96 54 4 2
-96 54 5 1
-96 55 3 1
-96 55 4 1
-96 55 5 1
-96 56 3 1
-96 56 4 1
-96 56 5 1
-95 54 3 1
-95 54 4 1
-95 54 5 1
-94 54 3 1
-94 54 4 1
-58 92 6 1
-59 92 8 1
-59 92 7 1
-57 96 8 1
-57 96 7 1
-58 94 6 2
-59 96 8 1
-59 96 7 1
-59 96 6 1
-59 95 8 1
-59 95 6 1
-59 94 8 2
-59 94 7 2
-59 94 6 1
-58 95 7 2
-60 96 4 1
-60 96 3 1
-60 95 5 1
-60 95 4 1
-60 95 3 2
-60 94 5 1
-60 94 4 1
-60 94 3 1
-98 55 6 0
-61 96 3 1
-98 54 6 0
-98 54 7 0
-98 54 5 1
-97 53 6 0
-98 53 6 0
-97 53 7 0
-97 53 5 1
-96 53 6 0
-80 57 8 0
-51 77 5 1
-80 57 9 0
-96 52 5 1
-96 54 8 0
-97 53 3 1
-82 58 8 0
-82 59 8 0
-82 58 9 0
-82 59 9 0
-83 59 8 0
-82 57 10 0
-82 57 7 0
-96 53 5 1
-95 53 3 1
-95 53 4 1
-52 79 7 1
-54 77 5 1
-54 78 5 1
-54 79 5 1
-53 77 5 1
-53 78 5 1
-53 79 5 1
-52 79 5 1
-55 73 7 1
-54 73 7 1
-53 73 7 1
-53 75 9 1
-53 72 7 2
-54 71 6 1
-54 71 7 1
-99 53 6 0
-54 72 6 2
-99 53 7 0
-99 53 5 1
-98 52 6 0
-98 52 7 0
-98 52 5 1
-97 52 6 0
-97 51 6 0
-52 71 6 1
-97 51 7 0
-97 51 5 1
-97 53 8 0
-98 52 3 1
-98 52 4 2
-98 53 3 1
-98 53 4 1
-98 53 5 1
-98 54 3 1
-98 54 4 1
-97 52 3 1
-97 52 4 1
-97 52 5 1
-96 52 3 1
-96 52 4 1
-52 73 10 1
-54 74 5 1
-54 75 5 1
-54 76 5 1
-61 95 5 1
-61 95 3 2
-51 77 7 2
-61 94 5 1
-51 77 8 2
-51 77 9 2
-51 78 7 1
-51 78 8 1
-51 78 9 1
-51 79 7 1
-51 79 8 1
-51 79 9 1
-61 94 4 1
-61 94 3 1
-62 96 3 1
-62 95 4 1
-62 95 3 1
-62 94 4 1
-62 94 3 1
-61 95 4 2
-61 95 9 0
-61 95 8 0
-60 94 6 1
-60 94 8 1
-60 94 7 1
-61 93 6 1
-61 93 8 1
-61 93 7 1
-65 92 9 1
-51 77 10 1
-51 78 10 1
-51 79 10 1
-60 99 9 1
-61 99 9 1
-62 99 9 1
-60 99 8 2
-62 95 9 0
-62 95 8 0
-51 77 6 2
-51 78 6 1
-51 79 6 1
-61 94 8 0
-65 93 9 1
-63 99 5 1
-61 99 8 2
-62 99 8 1
-63 99 8 1
-63 99 7 1
-63 99 6 1
-63 98 8 1
-63 97 8 1
-60 95 6 1
-60 95 8 1
-60 95 7 1
-61 94 6 0
-61 94 7 0
-60 98 9 1
-61 98 8 2
-61 97 8 2
-61 96 8 1
-62 98 8 1
-52 74 9 1
-52 74 10 1
-52 75 10 1
-51 74 9 1
-51 74 10 1
-62 97 8 1
-62 96 8 1
-61 95 7 0
-56 77 6 1
-56 77 7 1
-56 77 8 1
-55 77 6 1
-55 77 7 1
-55 77 8 1
-57 74 7 1
-62 54 3 1
-57 74 8 2
-62 55 2 1
-62 55 3 1
-62 55 4 1
-65 52 4 1
-65 52 3 1
-64 53 5 0
-66 53 0 1
-65 53 0 1
-65 53 1 1
-64 53 0 1
-64 53 1 1
-64 54 0 1
-64 54 1 1
-64 55 0 1
-64 55 1 1
-62 94 5 1
-62 93 6 1
-62 93 5 1
-62 92 5 1
-62 93 9 1
-62 93 8 1
-62 93 7 1
-62 92 9 1
-62 92 8 1
-62 92 7 1
-62 91 9 1
-62 91 8 1
-62 91 7 1
-63 93 9 1
-63 92 9 1
-63 91 9 1
-63 91 8 1
-63 91 7 1
-64 93 9 1
-64 92 9 1
-64 91 9 1
-64 91 8 1
-62 94 7 1
-62 94 6 1
-60 99 7 2
-60 99 6 1
-60 99 5 1
-60 98 7 2
-60 98 5 1
-60 97 7 2
-60 97 5 1
-64 95 4 0
-63 96 9 1
-63 96 8 1
-63 95 9 1
-63 94 9 1
-64 96 9 1
-64 96 8 1
-64 95 9 1
-64 94 9 1
-65 96 9 1
-65 95 9 1
-65 94 9 1
-63 95 8 1
-64 95 8 2
-64 95 7 1
-65 96 8 1
-66 96 8 1
-67 98 8 1
-67 97 8 1
-65 95 8 1
-66 95 7 1
-67 97 7 1
-67 96 7 1
-67 95 7 1
-64 99 8 1
-64 99 7 1
-64 99 6 1
-64 98 8 1
-64 97 8 1
-65 99 8 1
-65 99 7 1
-65 99 6 1
-65 98 8 1
-65 97 8 2
-66 99 8 1
-51 76 7 2
-51 76 8 2
-51 76 9 1
-51 76 10 1
-66 99 7 1
-66 99 6 1
-51 76 6 1
-66 98 8 1
-66 97 8 1
-51 75 8 1
-64 98 7 1
-64 97 7 1
-65 98 7 2
-65 97 7 2
-65 96 7 1
-66 98 7 1
-66 97 7 2
-66 96 7 1
-62 98 5 1
-62 98 4 1
-62 97 5 2
-62 97 4 1
-62 96 6 1
-67 59 6 1
-67 60 5 1
-67 60 6 1
-74 58 1 1
-73 58 1 1
-71 52 2 1
-71 52 3 1
-71 52 4 1
-71 53 2 1
-71 53 3 1
-71 53 4 1
-71 54 2 1
-71 54 3 1
-71 54 4 1
-70 52 2 1
-70 52 3 1
-70 52 4 1
-69 52 2 1
-69 52 3 1
-69 52 4 1
-71 52 1 1
-71 53 1 1
-71 54 1 1
-70 52 1 1
-69 52 1 1
-70 57 5 0
-69 57 1 1
-69 57 2 1
-69 58 1 1
-63 97 6 1
-63 97 4 1
-63 96 5 1
-63 96 4 1
-63 97 5 2
-64 96 7 1
-63 96 6 1
-63 95 7 1
-64 99 4 1
-64 99 3 1
-64 98 3 1
-64 97 3 1
-65 99 5 1
-65 99 4 1
-65 99 3 1
-65 98 3 1
-65 97 3 1
-66 99 5 1
-66 99 4 1
-66 99 3 1
-66 98 3 1
-66 97 3 1
-64 98 6 1
-64 98 5 1
-64 97 6 2
-63 95 6 1
-63 95 5 0
-65 98 6 1
-65 98 5 1
-65 98 4 2
-66 98 6 1
-66 98 5 1
-66 98 4 1
-67 98 5 1
-67 98 4 1
-64 95 5 0
-64 95 6 1
-66 94 7 1
-66 93 7 1
-66 92 7 1
-63 94 5 1
-67 93 3 0
-67 93 4 0
-71 84 3 1
-71 85 3 1
-71 86 3 2
-71 86 4 1
-71 86 5 1
-70 84 3 1
-70 85 3 1
-70 86 3 1
-70 86 4 1
-70 86 5 1
-69 84 3 1
-70 95 3 1
-69 84 4 1
-69 84 5 1
-69 85 3 1
-69 85 4 2
-69 85 5 2
-67 56 3 1
-67 56 4 2
-68 57 5 1
-67 55 3 2
-67 55 4 2
-67 55 5 2
-67 56 5 2
-67 57 3 1
-67 57 4 1
-67 57 5 1
-66 55 3 1
-72 87 6 1
-66 55 4 1
-66 55 5 1
-66 56 3 1
-66 56 4 1
-66 56 5 1
-66 57 3 2
-66 57 4 2
-66 57 5 2
-68 57 2 1
-67 57 2 1
-69 57 5 1
-69 59 1 1
-68 57 1 1
-68 58 1 1
-68 59 1 1
-67 57 1 1
-67 58 1 1
-67 59 1 1
-70 59 4 1
-70 60 4 1
-70 61 4 1
-69 61 2 1
-69 61 3 1
-69 61 4 1
-68 61 2 1
-68 61 3 1
-68 61 4 1
-69 60 1 1
-69 61 1 1
-68 60 1 1
-68 61 1 1
-73 59 1 1
-73 60 1 1
-67 54 2 2
-67 54 3 2
-67 54 4 2
-67 55 2 1
-67 56 2 1
-67 53 1 1
-67 53 2 1
-67 53 3 1
-67 54 1 1
-67 55 1 1
-66 53 1 1
-66 53 2 1
-66 53 3 2
-66 54 1 1
-66 54 2 1
-70 94 3 1
-71 94 3 1
-73 58 5 1
-73 59 3 2
-73 59 4 2
-100 74 6 0
-100 51 7 0
-98 51 7 0
-99 50 7 0
-52 55 2 1
-52 55 3 2
-52 55 4 1
-67 96 5 2
-67 96 4 1
-67 95 6 1
-67 95 5 2
-67 95 4 1
-67 94 5 1
-67 94 4 1
-68 96 6 1
-68 96 5 1
-68 96 4 1
-68 95 6 1
-68 95 4 2
-68 94 6 1
-68 94 4 1
-69 96 6 1
-69 96 5 1
-69 96 4 1
-51 55 2 1
-51 55 3 2
-51 55 4 2
-52 54 5 1
-52 55 5 1
-56 55 4 1
-56 55 5 1
-56 55 6 1
-74 61 3 1
-80 58 8 0
-80 58 9 0
-80 60 8 0
-63 53 1 1
-81 59 9 0
-80 59 9 0
-82 60 8 0
-82 60 9 0
-83 60 8 0
-83 59 9 0
-84 58 8 0
-82 58 10 0
-82 58 7 0
-74 61 5 1
-75 54 4 0
-75 54 5 0
-75 56 6 0
-74 55 0 1
-74 55 1 1
-74 55 2 1
-74 56 0 1
-64 93 6 2
-64 93 5 2
-64 93 4 1
-64 92 6 1
-64 92 5 1
-64 92 4 1
-64 91 6 1
-71 87 5 1
-64 91 5 1
-64 91 4 1
-65 93 6 2
-65 93 5 2
-65 93 4 1
-65 92 6 2
-65 92 4 2
-65 91 6 1
-65 91 5 1
-65 91 4 1
-66 93 6 1
-66 93 5 1
-66 93 4 1
-66 92 6 1
-66 92 4 1
-66 91 6 1
-66 91 5 1
-66 91 4 1
-65 92 5 2
-51 54 3 2
-68 92 4 0
-68 92 7 0
-71 93 5 1
-71 93 4 1
-71 93 3 1
-72 93 5 1
-72 93 4 1
-72 93 3 1
-73 93 5 1
-73 93 4 1
-73 93 3 1
-73 92 3 1
-73 91 3 1
-70 93 6 0
-68 93 6 0
-68 94 5 1
-68 93 5 0
-67 93 6 0
-66 92 5 1
-70 92 3 1
-71 92 3 1
-72 92 3 1
-70 93 5 0
-67 92 6 0
-67 93 5 0
-68 91 6 0
-68 91 5 0
-70 91 3 1
-69 89 4 1
-69 89 3 1
-69 89 2 2
-70 89 3 1
-70 89 2 1
-71 89 2 1
-70 88 7 0
-67 87 3 1
-67 86 3 1
-67 85 3 1
-68 87 3 1
-68 86 3 1
-68 85 3 1
-71 87 8 1
-70 91 6 1
-69 88 4 1
-69 88 3 2
-69 88 2 1
-69 87 3 1
-69 87 2 1
-69 86 2 1
-68 87 4 1
-69 87 4 1
-67 86 6 1
-67 86 5 2
-67 85 5 1
-67 85 4 1
-67 84 6 1
-67 84 5 1
-67 84 4 1
-71 90 8 1
-71 90 7 1
-71 89 8 1
-71 88 8 1
-72 90 8 1
-72 90 7 2
-73 90 8 1
-73 90 7 1
-71 90 6 1
-72 90 6 1
-73 90 6 1
-83 56 6 0
-70 89 6 1
-82 56 6 0
-70 89 5 1
-83 56 7 0
-83 56 5 0
-83 57 6 0
-83 57 7 0
-83 57 5 0
-84 58 6 0
-84 58 7 0
-84 58 5 0
-85 57 6 0
-85 56 5 0
-86 57 5 0
-85 55 5 0
-84 55 6 0
-84 55 5 0
-83 54 6 0
-83 55 7 0
-83 54 5 0
-84 56 8 0
-84 56 4 0
-69 89 6 0
-69 89 5 0
-68 87 6 1
-68 87 5 1
-68 86 6 1
-68 86 5 2
-68 86 4 2
-68 85 6 1
-68 85 5 2
-68 85 4 1
-68 84 6 1
-68 84 5 1
-68 84 4 1
-70 83 3 1
-69 88 6 0
-69 88 5 0
-69 87 6 1
-70 87 6 0
-71 88 6 1
-70 88 6 1
-70 88 5 1
-69 86 6 1
-71 87 4 1
-71 87 3 2
-71 87 2 1
-71 86 2 1
-71 85 2 1
-72 87 2 1
-73 87 2 1
-72 86 7 0
-75 89 5 1
-75 89 4 1
-75 89 8 1
-75 89 7 1
-75 89 6 1
-75 88 8 1
-75 87 8 1
-58 71 9 1
-58 71 6 2
-58 72 6 1
-72 73 9 1
-71 73 7 1
-71 73 8 1
-71 73 9 1
-70 73 7 1
-70 73 8 1
-70 73 9 1
-73 70 6 0
-73 70 7 0
-73 69 7 0
-73 67 6 1
-73 67 7 1
-82 56 5 0
-81 56 5 0
-71 90 5 2
-82 57 5 0
-82 57 6 0
-83 58 5 0
-83 58 6 0
-85 57 5 0
-83 55 5 0
-83 55 6 0
-82 55 5 0
-82 55 6 0
-83 56 4 0
-83 56 3 0
-71 90 4 2
-71 90 3 1
-71 89 5 2
-71 89 4 1
-71 89 3 1
-71 88 5 1
-71 88 4 1
-71 88 3 1
-72 90 5 2
-72 90 4 1
-72 90 3 1
-73 90 5 1
-73 90 4 1
-73 90 3 1
-71 87 6 1
-73 68 6 1
-74 68 6 0
-57 76 5 1
-60 74 6 1
-60 75 6 2
-60 76 6 1
-60 76 7 1
-60 76 8 1
-60 76 9 1
-59 72 6 1
-59 70 6 1
-59 70 7 2
-59 70 8 1
-59 71 6 2
-58 70 6 1
-58 70 7 1
-58 70 8 1
-57 70 6 1
-57 70 7 1
-57 70 8 1
-60 50 2 1
-59 71 5 1
-59 72 5 1
-58 70 5 1
-57 70 5 1
-59 73 5 1
-60 51 4 1
-59 74 5 1
-59 75 5 1
-60 52 4 1
-70 87 5 0
-70 86 6 1
-73 86 7 1
-74 86 7 1
-75 88 7 1
-75 87 7 1
-75 86 7 1
-71 86 6 1
-72 86 4 1
-72 86 3 2
-72 86 2 1
-72 85 3 1
-72 85 2 1
-72 84 3 1
-72 84 2 1
-73 86 3 1
-73 86 2 1
-74 86 3 1
-74 86 2 1
-73 85 7 0
-72 89 3 1
-72 88 3 1
-72 87 3 1
-73 89 3 1
-73 88 3 1
-73 87 3 1
-74 89 3 1
-74 88 3 1
-61 53 4 1
-61 53 5 0
-62 55 7 1
-62 56 7 1
-62 57 7 1
-65 51 4 0
-63 51 5 1
-63 53 6 0
-74 87 3 1
-72 89 8 1
-72 89 7 2
-72 88 8 1
-72 88 7 2
-72 87 8 1
-72 87 7 1
-73 89 8 1
-73 89 7 1
-73 88 8 1
-73 87 8 1
-73 87 7 1
-74 89 8 1
-74 89 7 1
-74 88 8 1
-74 88 7 2
-74 87 8 1
-74 87 7 1
-60 52 1 1
-60 53 1 1
-73 88 7 2
-72 89 6 1
-72 89 5 2
-72 89 4 2
-72 88 6 2
-72 88 5 2
-72 88 4 1
-72 87 5 1
-72 87 4 1
-73 89 6 1
-73 89 5 1
-73 89 4 1
-74 89 6 1
-74 89 5 1
-74 89 4 1
-69 86 5 1
-69 86 4 1
-69 86 3 1
-58 76 5 1
-61 73 7 1
-73 88 6 1
-61 73 6 2
-60 72 7 1
-60 72 8 1
-60 72 6 1
-60 70 6 1
-60 70 7 1
-60 70 8 1
-60 71 6 1
-60 71 7 1
-73 88 5 2
-73 87 6 1
-73 87 5 1
-58 50 3 2
-58 50 4 1
-58 50 5 1
-57 50 3 1
-61 54 4 1
-63 54 6 1
-62 54 6 1
-73 87 4 1
-56 50 4 1
-56 50 5 1
-64 50 2 1
-64 50 3 1
-64 50 4 1
-64 51 2 1
-64 51 3 1
-56 52 5 2
-58 50 6 1
-57 50 6 1
-56 50 6 1
-56 51 6 1
-56 52 6 1
-58 50 2 1
-57 50 2 1
-57 51 2 1
-57 52 2 1
-56 50 2 1
-56 51 2 1
-56 52 2 1
-73 86 6 1
-73 86 5 1
-73 86 4 1
-59 50 3 2
-74 88 6 1
-59 50 6 1
-61 50 0 1
-61 50 1 1
-60 50 0 1
-60 50 1 1
-60 51 0 1
-60 52 0 1
-59 50 0 1
-59 50 1 1
-59 50 2 1
-59 51 0 1
-59 51 1 2
-59 52 0 1
-59 52 1 1
-74 88 5 2
-74 88 4 1
-74 87 6 2
-74 87 4 1
-74 86 4 2
-75 88 6 1
-75 88 5 1
-75 88 4 1
-75 87 6 1
-75 87 5 1
-75 87 4 1
-74 87 5 2
-77 84 3 1
-72 83 5 1
-73 82 3 1
-72 55 4 0
-72 55 5 0
-73 82 2 1
-74 83 4 1
-74 83 3 2
-74 83 2 1
-75 83 4 1
-75 83 3 1
-75 83 2 1
-74 82 7 0
-76 84 6 1
-76 84 5 1
-74 84 6 1
-74 84 5 1
-73 84 6 1
-74 83 6 0
-73 84 5 1
-74 83 5 0
-63 52 0 1
-88 53 8 0
-88 53 9 0
-88 50 8 0
-88 50 9 0
-63 51 1 1
-63 51 0 1
-51 52 6 1
-51 52 5 2
-51 52 4 2
-51 51 6 1
-87 51 8 0
-51 51 5 1
-89 51 10 0
-89 51 7 0
-89 51 6 0
-60 53 3 2
-71 56 4 0
-60 53 5 1
-71 56 5 0
-71 56 3 1
-72 60 3 1
-72 60 4 2
-72 60 5 1
-72 58 6 1
-72 59 6 1
-72 60 6 1
-73 54 4 0
-73 54 3 0
-72 55 3 0
-73 56 6 0
-72 55 0 1
-72 55 1 1
-72 55 2 1
-72 56 0 1
-87 51 9 0
-72 56 2 1
-72 57 0 1
-72 57 1 1
-72 57 2 1
-88 52 8 0
-87 52 8 0
-88 52 9 0
-87 52 9 0
-89 54 8 0
-89 52 10 0
-89 52 7 0
-89 52 6 0
-62 50 6 1
-51 50 6 1
-51 50 5 1
-77 73 6 0
-76 74 5 0
-71 58 5 0
-71 58 3 1
-74 58 2 1
-74 59 2 1
-74 60 2 1
-73 58 2 1
-73 59 2 1
-73 60 2 1
-88 57 6 0
-64 57 3 1
-65 58 2 1
-65 58 3 2
-57 76 8 1
-57 76 9 1
-56 73 7 1
-56 73 8 2
-56 73 9 1
-55 71 6 1
-55 71 7 1
-55 71 8 1
-55 72 6 2
-55 72 7 2
-55 73 6 2
-55 74 5 1
-55 75 5 1
-55 76 5 1
-72 58 2 1
-72 59 2 2
-72 60 2 1
-76 58 2 1
-76 59 2 1
-76 60 2 1
-75 58 2 1
-75 59 2 1
-75 60 2 1
-71 55 4 0
-71 55 5 0
-71 55 3 0
-65 58 4 1
-65 59 2 1
-65 59 3 1
-92 56 3 1
-93 56 5 1
-93 56 4 1
-80 58 6 0
-88 56 7 0
-89 57 6 0
-89 57 7 0
-53 58 2 1
-54 57 2 1
-54 57 5 1
-54 57 4 2
-54 57 3 1
-51 58 3 1
-78 69 6 1
-78 69 8 0
-70 58 4 1
-72 54 3 0
-70 55 3 1
-83 62 8 1
-83 61 6 1
-82 64 8 0
-81 65 8 0
-80 66 8 0
-77 65 8 1
-53 73 5 1
-52 73 5 1
-51 73 5 1
-51 73 6 1
-56 77 9 1
-55 77 9 1
-54 77 9 1
-57 74 6 2
-57 75 6 2
-57 76 6 1
-58 73 7 1
-77 64 8 1
-58 73 8 2
-58 73 9 1
-58 74 7 1
-58 74 8 2
-58 74 9 1
-58 75 7 2
-58 75 8 2
-58 75 9 1
-57 73 7 1
-57 73 8 2
-57 73 9 1
-57 72 7 2
-57 72 8 2
-57 72 9 1
-56 72 7 2
-56 72 8 2
-56 72 9 1
-56 71 6 1
-56 71 7 1
-56 71 8 1
-56 72 6 2
-56 73 6 2
-56 73 5 1
-56 74 5 1
-56 75 5 1
-55 73 5 1
-54 73 5 1
-79 65 8 1
-78 64 8 1
-80 62 3 1
-80 63 9 0
-80 61 7 0
-81 62 9 0
-81 64 9 0
-81 63 8 1
-61 50 5 2
-79 62 7 0
-84 64 3 1
-84 64 4 1
-62 51 5 1
-58 53 2 1
-58 52 2 1
-58 51 2 1
-59 51 2 1
-60 53 2 1
-58 51 5 1
-58 51 4 2
-59 53 2 1
-59 54 2 1
-61 54 5 0
-51 58 6 1
-51 58 5 1
-51 58 4 2
-52 58 6 1
-52 58 5 1
-52 58 4 1
-52 57 6 1
-52 56 6 1
-53 58 6 1
-53 58 5 1
-53 58 4 1
-53 57 6 1
-61 51 5 1
-81 58 9 0
-81 59 8 0
-81 58 8 0
-96 52 6 0
-90 53 8 0
-90 52 9 0
-54 52 5 1
-54 52 4 2
-57 50 0 1
-57 50 1 2
-57 51 0 1
-57 51 1 1
-56 52 4 2
-56 52 3 2
-56 51 5 1
-56 51 4 1
-56 51 3 2
-53 53 5 1
-52 53 5 1
-51 53 3 2
-58 74 6 2
-58 75 6 2
-58 76 6 1
-58 76 7 1
-58 76 8 1
-58 76 9 1
-59 73 7 1
-52 57 4 1
-59 73 8 2
-59 73 9 1
-59 74 7 2
-59 74 8 2
-59 74 9 1
-59 75 7 2
-59 75 8 2
-59 75 9 1
-58 72 7 1
-58 72 8 2
-58 72 9 1
-57 71 6 2
-57 71 7 2
-57 71 8 1
-57 72 6 2
-57 73 6 1
-57 71 9 1
-56 71 9 1
-55 71 9 1
-57 71 5 1
-57 72 5 1
-57 73 5 1
-56 71 5 1
-56 72 5 1
-55 71 5 1
-55 72 5 1
-54 71 5 1
-54 72 5 1
-53 71 5 1
-53 72 5 1
-57 74 5 1
-57 75 5 1
-51 53 5 2
-51 52 2 1
-53 57 5 1
-88 52 6 0
-88 52 7 0
-57 50 5 1
-57 50 4 1
-86 56 6 0
-85 56 6 0
-91 52 8 0
-97 50 9 0
-98 50 3 1
-99 50 5 1
-99 50 4 1
-99 50 3 1
-100 52 4 1
-100 52 3 1
-100 51 5 1
-88 63 6 0
-100 51 3 1
-88 63 5 0
-87 61 6 0
-88 61 6 0
-88 61 7 0
-88 61 5 1
-87 60 6 0
-88 60 6 0
-87 60 7 0
-88 60 5 1
-86 59 6 0
-100 50 4 2
-86 59 7 0
-86 59 5 1
-86 61 8 0
-87 60 3 1
-87 60 4 2
-87 60 5 1
-87 61 3 1
-87 61 4 1
-87 61 5 1
-87 62 3 1
-87 62 4 1
-86 60 3 1
-86 60 4 1
-86 60 5 1
-85 60 3 1
-85 60 4 1
-100 50 3 1
-98 51 5 1
-98 51 4 1
-98 51 3 1
-99 53 4 1
-99 53 3 1
-99 52 5 1
-99 52 4 1
-77 73 7 0
-99 51 4 2
-54 55 5 2
-81 56 6 0
-55 55 5 1
-55 55 4 2
-55 55 3 1
-100 52 5 1
-51 50 3 1
-77 73 5 0
-94 54 6 0
-60 54 3 1
-100 50 7 0
-100 74 7 0
-97 56 7 0
-95 56 5 1
-95 56 4 1
-95 56 3 1
-95 55 4 2
-95 55 3 1
-84 54 9 0
-83 54 8 0
-84 54 8 0
-62 52 1 2
-77 58 5 0
-75 61 3 1
-63 53 0 1
-75 61 5 1
-74 60 3 1
-74 60 4 1
-99 74 6 0
-53 79 7 1
-52 79 6 1
-54 71 8 1
-54 72 7 2
-54 73 6 1
-86 60 7 0
-87 61 7 0
-86 62 7 0
-89 62 6 0
-53 71 6 1
-89 62 7 0
-89 60 6 0
-88 60 7 0
-51 55 6 1
-51 55 5 1
-53 71 7 1
-53 71 8 1
-53 72 6 1
-53 73 6 1
-52 71 7 1
-52 71 8 1
-52 72 6 1
-52 72 7 1
-52 72 8 1
-65 57 0 1
-65 56 1 1
-65 56 0 1
-65 55 1 1
-65 55 0 1
-65 54 2 2
-65 53 2 1
-65 54 6 1
-65 53 6 1
-65 54 5 1
-65 53 5 1
-65 53 4 1
-67 53 6 1
-65 58 6 1
-63 57 6 1
-63 56 6 2
-63 55 6 1
-64 57 6 1
-64 56 6 2
-68 57 6 1
-69 57 6 1
-64 59 4 1
-64 55 3 1
-64 55 2 1
-65 57 4 2
-65 57 3 2
-65 57 2 1
-65 56 4 1
-65 56 2 1
-65 55 4 1
-65 55 3 1
-65 55 2 1
-64 56 3 2
-69 57 0 1
-69 56 0 1
-69 55 0 1
-67 60 1 1
-59 51 6 1
-54 56 5 1
-76 67 4 1
-75 66 5 0
-77 68 5 1
-78 68 6 1
-63 52 3 1
-64 54 6 1
-62 54 5 1
-62 52 5 1
-60 50 3 1
-60 50 4 2
-60 51 2 1
-60 51 3 1
-60 52 2 1
-60 52 3 2
-81 64 4 2
-91 56 7 0
-94 56 4 2
-94 56 5 1
-85 54 8 0
-85 54 9 0
-86 55 8 0
-86 54 9 0
-85 51 8 0
-85 51 9 0
-86 53 10 0
-86 53 7 0
-86 53 6 0
-80 63 7 0
-54 58 5 1
-54 58 4 1
-54 58 3 1
-55 58 5 1
-55 58 4 1
-55 58 3 1
-55 57 5 1
-55 57 4 1
-55 57 3 1
-81 64 3 1
-80 65 4 2
-80 65 8 0
-78 63 7 1
-80 63 5 1
-51 59 5 1
-51 59 4 1
-51 59 3 1
-52 59 5 1
-52 59 4 1
-52 59 3 1
-81 65 7 0
-82 65 6 0
-81 66 5 1
-77 66 8 0
-77 66 7 0
-74 65 5 1
-74 64 7 1
-74 64 6 1
-75 64 7 1
-75 64 5 1
-75 63 7 1
-75 63 6 1
-72 69 6 1
-72 69 7 0
-71 70 6 1
-67 69 9 1
-67 69 8 1
-68 69 9 1
-75 63 5 1
-76 65 5 1
-91 51 7 0
-91 51 6 0
-76 64 7 1
-76 64 6 1
-76 64 5 1
-56 53 3 2
-60 51 1 2
-61 52 6 0
-59 50 5 1
-59 50 4 1
-60 51 6 1
-60 50 6 1
-56 53 4 2
-56 53 5 2
-55 51 3 2
-55 51 4 1
-60 50 5 2
-58 54 6 1
-59 54 6 1
-55 51 5 1
-60 53 6 1
-60 52 6 1
-57 53 7 1
-57 53 6 1
-89 53 8 0
-89 53 9 0
-89 50 8 0
-89 50 9 0
-55 52 3 2
-55 52 4 2
-55 52 5 1
-55 53 3 2
-55 53 4 2
-58 52 6 2
-57 53 5 1
-57 53 4 1
-57 53 3 1
-57 52 5 2
-57 52 4 2
-57 52 3 2
-83 53 8 0
-57 51 5 2
-84 53 9 0
-84 55 8 0
-84 55 9 0
-85 55 8 0
-85 55 9 0
-87 55 8 0
-87 55 9 0
-84 52 8 0
-84 52 9 0
-85 53 10 0
-85 53 7 0
-85 53 6 0
-57 51 4 2
-71 67 4 1
-57 51 3 2
-72 67 4 1
-73 69 5 1
-73 69 4 1
-73 68 5 1
-73 68 4 1
-73 67 5 1
-73 67 4 1
-72 68 8 0
-82 54 6 0
-74 68 7 0
-73 68 7 0
-90 57 3 1
-90 57 5 1
-72 73 8 1
-72 73 7 2
-78 67 5 1
-78 66 6 1
-79 66 6 1
-55 53 5 2
-95 66 8 0
-82 57 4 0
-81 58 4 0
-54 56 4 1
-71 67 5 1
-72 67 5 1
-77 57 2 1
-77 72 3 1
-77 72 4 1
-76 70 2 1
-76 71 2 1
-76 72 2 1
-76 72 3 2
-76 72 4 1
-75 70 2 1
-75 71 2 1
-75 72 2 1
-75 72 3 2
-75 72 4 1
-83 54 9 0
-83 55 8 0
-83 55 9 0
-85 56 8 0
-82 56 3 0
-85 56 9 0
-86 55 9 0
-83 53 9 0
-85 54 10 0
-85 54 7 0
-85 54 6 0
-82 56 4 0
-82 56 7 0
-81 55 6 0
-92 58 7 0
-91 58 7 0
-82 54 5 0
-56 50 3 1
-53 51 4 2
-53 51 5 2
-52 50 6 1
-52 51 6 1
-53 53 3 2
-71 58 4 0
-51 51 4 1
-80 58 5 0
-69 71 4 1
-69 70 5 1
-69 70 4 1
-69 69 5 2
-60 51 5 1
-59 51 3 1
-76 55 6 0
-76 55 4 0
-75 56 5 0
-59 52 2 1
-60 54 2 1
-61 54 2 1
-61 53 3 1
-61 53 2 1
-58 54 5 1
-55 56 4 1
-55 56 5 1
-71 71 8 2
-70 71 6 2
-70 70 8 1
-70 70 6 1
-68 72 6 1
-68 71 6 1
-67 72 6 1
-93 62 6 0
-82 55 8 0
-95 60 7 0
-82 55 9 0
-82 56 8 0
-83 56 9 0
-83 56 8 0
-84 57 8 0
-95 61 6 0
-84 56 9 0
-82 53 8 0
-84 55 10 0
-84 55 7 0
-65 57 1 1
-62 53 4 1
-62 54 2 1
-74 77 7 1
-74 77 8 2
-73 77 6 1
-73 77 7 1
-73 77 8 1
-72 77 6 1
-72 77 7 1
-72 77 8 1
-75 76 6 1
-76 75 6 0
-76 75 7 0
-76 75 5 0
-76 75 2 1
-76 75 3 1
-76 75 4 1
-75 75 2 1
-75 75 3 1
-75 75 4 1
-74 75 2 1
-74 75 3 2
-68 92 3 0
-51 53 2 1
-54 55 3 2
-81 62 8 1
-51 54 5 2
-54 56 3 1
-70 58 3 1
-62 50 5 2
-53 51 3 1
-60 53 4 1
-70 55 4 1
-62 51 0 1
-78 66 8 0
-79 66 8 0
-74 74 4 1
-74 74 3 2
-74 74 2 1
-75 74 4 1
-75 74 3 2
-75 74 2 1
-76 74 4 1
-75 56 3 1
-74 57 2 1
-74 57 1 1
-74 57 0 1
-74 71 8 1
-73 71 6 1
-73 71 7 1
-73 71 8 1
-72 71 6 1
-74 56 2 1
-72 72 6 1
-72 73 6 1
-73 72 5 0
-74 75 6 1
-74 56 1 2
-74 75 7 2
-74 75 8 1
-73 75 6 1
-73 75 7 2
-73 75 8 1
-72 74 6 1
-72 74 7 2
-72 74 8 1
-72 75 6 1
-72 75 7 1
-72 75 8 1
-75 73 5 0
-74 74 5 1
-75 74 5 0
-77 74 6 0
-76 74 7 0
-77 74 5 0
-74 71 2 1
-74 71 3 1
-74 71 4 1
-74 72 2 1
-74 72 3 1
-74 72 4 1
-74 73 2 1
-74 73 3 1
-74 73 4 1
-66 91 3 1
-66 92 3 1
-66 93 3 1
-65 91 3 1
-65 92 3 1
-65 93 3 1
-64 91 3 1
-64 92 3 1
-64 93 3 1
-66 94 5 1
-67 94 6 1
-68 95 5 2
-69 94 4 1
-69 94 5 1
-69 94 6 1
-69 95 4 2
-69 95 5 2
-69 95 6 1
-74 57 4 1
-74 58 3 1
-74 59 3 2
-74 59 4 2
-73 76 5 0
-74 76 5 0
-76 76 6 0
-76 76 5 0
-73 73 2 1
-73 73 3 1
-73 74 2 1
-73 74 3 1
-73 75 2 1
-73 75 3 1
-73 59 5 2
-74 55 5 0
-74 55 4 0
-67 96 6 1
-69 94 3 1
-69 95 3 1
-69 96 3 1
-68 94 3 1
-68 95 3 1
-68 96 3 1
-67 94 3 1
-67 95 3 1
-67 96 3 1
-73 58 4 2
-73 58 3 2
-73 57 5 1
-73 57 4 2
-100 50 6 0
-73 57 3 2
-74 59 5 1
-62 54 4 1
-59 70 5 1
-59 73 6 2
-61 74 6 1
-61 74 7 1
-61 74 8 1
-61 76 6 1
-75 56 1 2
-66 69 8 1
-100 50 9 0
-73 56 4 1
-75 60 4 2
-76 59 3 1
-76 59 4 1
-76 59 5 1
-76 60 3 1
-76 60 4 1
-76 60 5 1
-76 61 3 1
-76 61 4 1
-76 61 5 1
-75 60 3 1
-75 60 5 1
-71 73 6 1
-75 61 4 1
-71 74 6 1
-71 74 7 1
-71 74 8 1
-74 60 5 1
-74 76 6 1
-74 61 4 1
-74 76 7 2
-74 76 8 2
-73 76 6 1
-73 76 7 2
-73 76 8 1
-72 76 6 1
-72 76 7 1
-72 76 8 1
-75 75 6 1
-75 75 7 1
-74 77 5 0
-75 75 8 1
-75 76 7 1
-75 76 8 1
-75 76 2 1
-75 76 3 1
-75 76 4 1
-74 76 2 1
-74 76 3 2
-74 76 4 1
-73 76 2 1
-73 76 3 1
-73 76 4 1
-79 67 7 0
-67 54 5 2
-79 67 8 0
-81 66 8 0
-79 65 9 0
-93 51 6 0
-93 51 10 0
-91 50 8 0
-63 50 5 1
-93 50 9 0
-94 50 9 0
-93 53 9 0
-71 71 9 1
-71 72 7 1
-71 72 8 2
-71 72 9 1
-70 70 9 1
-70 71 9 1
-70 72 9 1
-69 68 7 2
-70 67 6 1
-93 62 7 0
-70 67 7 1
-70 67 8 1
-70 68 6 1
-70 68 7 1
-70 68 8 1
-70 69 6 1
-70 69 7 1
-70 69 8 1
-69 67 6 1
-69 67 7 1
-69 67 8 1
-69 68 8 1
-69 69 8 1
-68 67 6 1
-68 67 7 1
-68 67 8 1
-68 68 6 1
-68 68 7 1
-68 68 8 1
-68 69 8 1
-69 69 4 1
-71 76 6 1
-71 76 7 1
-71 76 8 1
-70 74 6 1
-69 71 5 1
-70 74 7 1
-70 74 8 1
-70 75 6 1
-70 75 7 1
-70 75 8 1
-70 76 6 1
-70 76 7 1
-70 76 8 1
-73 77 5 0
-75 76 5 0
-75 77 5 0
-71 75 6 1
-71 75 7 2
-71 75 8 1
-73 74 5 2
-74 75 4 1
-74 75 5 1
-73 73 4 1
-73 74 4 1
-73 75 4 1
-73 75 5 1
-72 73 4 1
-72 73 5 1
-72 74 4 1
-72 74 5 1
-72 75 4 1
-72 75 5 1
-74 77 6 1
-72 67 7 0
-81 55 5 0
-78 67 8 0
-79 68 7 1
-79 68 8 0
-79 68 6 1
-80 67 8 0
-79 66 9 0
-72 76 5 1
-71 76 4 2
-72 75 3 1
-72 76 3 1
-72 76 4 1
-72 77 3 1
-72 77 4 1
-72 77 5 1
-71 75 3 1
-71 75 4 1
-71 75 5 1
-71 76 3 1
-71 76 5 1
-71 77 3 1
-72 70 7 1
-72 66 6 0
-72 70 8 1
-72 70 9 1
-72 71 7 1
-72 71 8 1
-72 71 9 1
-72 72 7 1
-72 72 8 1
-72 72 9 1
-71 69 7 0
-71 69 6 1
-69 69 9 1
-70 68 4 1
-70 68 5 1
-70 69 4 1
-70 69 5 2
-70 70 4 1
-70 70 5 1
-69 68 4 1
-69 68 5 1
-68 68 4 1
-68 68 5 1
-59 51 7 1
-59 52 6 1
-59 52 7 1
-59 53 6 1
-59 53 7 1
-58 51 6 1
-58 51 7 1
-58 52 7 1
-58 53 6 1
-58 53 7 1
-57 51 6 1
-57 51 7 1
-57 52 6 1
-57 52 7 1
-77 67 8 0
-78 68 7 0
-77 68 8 0
-79 69 7 1
-60 54 6 1
-79 69 8 0
-79 69 6 1
-80 68 7 1
-80 68 8 0
-80 68 6 1
-81 67 7 0
-79 67 9 0
-79 67 4 2
-80 67 3 1
-80 67 4 1
-80 68 3 1
-80 68 4 1
-80 68 5 1
-79 67 3 1
-79 67 5 1
-79 68 3 1
-79 68 4 1
-79 68 5 1
-78 66 3 1
-78 67 3 1
-78 67 4 1
-78 68 3 1
-78 68 4 2
-78 68 5 1
-79 67 6 0
-71 68 7 0
-71 68 6 1
-70 69 9 0
-71 68 4 1
-71 68 5 1
-71 69 4 1
-71 69 5 2
-71 70 4 1
-71 70 5 1
-57 97 6 1
-60 97 2 1
-60 97 3 1
-60 97 4 1
-59 97 2 1
-59 97 3 1
-59 97 4 1
-58 95 2 1
-58 95 3 1
-58 95 4 1
-58 96 2 1
-58 96 3 2
-58 96 4 1
-58 97 2 1
-58 97 3 1
-58 97 4 1
-67 70 6 1
-67 73 6 1
-68 73 8 1
-68 73 7 1
-64 52 2 1
-64 53 6 0
-61 52 4 1
-61 52 3 1
-61 52 2 2
-61 51 4 2
-61 51 3 2
-61 51 2 1
-61 50 4 2
-61 50 3 1
-61 50 2 1
-62 52 4 1
-62 52 3 2
-62 52 2 1
-62 51 4 2
-62 51 2 1
-62 50 4 2
-62 50 3 1
-62 50 2 1
-63 52 2 1
-63 51 4 1
-63 51 3 1
-63 51 2 1
-63 50 4 1
-63 50 3 2
-62 51 3 2
-97 63 6 0
-78 54 6 0
-93 56 3 1
-81 65 5 1
-81 63 6 1
-81 63 7 1
-81 63 5 1
-58 98 7 1
-71 71 6 1
-72 70 6 1
-73 69 6 1
-56 94 8 1
-72 67 6 1
-72 68 7 0
-71 67 6 1
-71 67 7 0
-71 69 8 0
-72 68 4 1
-72 68 5 2
-72 68 6 1
-72 69 4 1
-72 69 5 1
-72 70 4 1
-72 70 5 1
-63 52 5 1
-63 52 4 1
-64 52 3 1
-64 52 5 0
-64 52 4 1
-66 52 3 1
-81 64 5 1
-58 75 5 1
-58 74 5 1
-58 73 5 1
-58 72 5 1
-58 71 5 1
-58 73 6 1
-75 66 3 1
-75 66 2 1
-76 68 4 1
-76 68 2 1
-76 67 3 1
-76 67 2 1
-75 56 0 1
-55 56 3 1
-95 61 7 0
-97 61 6 0
-97 61 7 0
-78 56 7 0
-87 56 8 0
-99 68 5 0
-99 68 8 0
-97 67 6 0
-97 67 7 0
-99 66 6 0
-99 70 4 0
-99 70 8 0
-99 69 7 0
-99 68 6 0
-100 68 7 0
-57 76 7 1
-57 75 9 1
-57 75 8 2
-57 75 7 2
-57 74 9 1
-98 51 8 0
-52 73 9 1
-52 72 10 1
-52 72 9 1
-52 71 10 1
-52 71 9 1
-53 71 10 1
-53 71 9 1
-54 71 10 1
-54 71 9 1
-52 73 6 1
-64 68 7 1
-64 68 8 1
-63 68 6 1
-63 68 7 1
-63 68 8 1
-63 69 6 1
-63 69 7 1
-63 69 8 1
-65 69 9 1
-64 69 9 1
-63 69 9 1
-65 68 5 1
-64 68 5 1
-63 68 5 1
-63 69 5 1
-63 70 5 2
-65 72 5 1
-53 79 6 1
-54 79 8 1
-54 79 7 1
-54 79 6 1
-54 78 8 1
-54 78 7 1
-54 78 6 1
-54 77 8 1
-54 77 6 1
-51 78 5 1
-52 78 5 1
-58 98 9 0
-56 98 9 0
-53 55 5 1
-53 55 4 1
-53 55 3 2
-51 56 4 2
-51 56 5 1
-51 56 6 1
-51 57 4 2
-51 57 5 2
-51 57 6 1
-97 53 4 2
-97 54 3 1
-97 54 4 1
-97 55 3 1
-97 55 4 1
-96 53 3 1
-96 53 4 1
-95 57 4 1
-95 57 3 1
-95 55 5 1
-94 56 8 0
-51 56 2 1
-51 56 3 2
-73 73 5 1
-75 71 7 0
-55 56 2 1
-99 51 6 0
-82 58 6 0
-81 57 6 0
-52 54 6 1
-95 60 6 0
-99 51 3 1
-67 72 7 2
-99 52 3 1
-67 72 8 2
-67 72 9 1
-67 73 7 1
-67 73 8 1
-67 73 9 1
-67 74 7 1
-67 74 8 1
-67 74 9 1
-65 71 4 1
-65 72 4 1
-65 73 4 1
-64 71 4 1
-64 72 4 1
-64 73 4 1
-63 71 4 1
-63 72 4 1
-63 73 4 1
-98 50 4 2
-100 50 8 0
-100 50 2 1
-63 73 5 1
-63 72 6 2
-63 72 5 1
-51 57 2 1
-51 57 3 2
-92 50 8 0
-61 54 3 1
-68 73 6 1
-51 54 2 1
-51 53 4 2
-88 52 10 0
-53 57 3 1
-53 57 4 1
-87 53 8 0
-52 56 5 1
-52 57 3 2
-87 50 8 0
-52 57 5 2
-53 57 2 1
-52 57 2 1
-53 56 5 1
-53 56 3 2
-91 51 8 0
-91 51 9 0
-64 50 5 1
-93 53 8 0
-90 50 9 0
-90 50 8 0
-90 52 8 0
-67 71 8 2
-68 70 7 1
-96 52 7 0
-68 70 8 2
-68 70 9 1
-68 71 7 2
-68 71 8 2
-68 71 9 1
-68 72 7 2
-68 72 8 1
-68 72 9 1
-67 70 7 1
-67 70 8 1
-67 70 9 1
-67 71 7 1
-67 71 9 1
-66 70 9 1
-65 70 4 1
-64 70 4 1
-63 70 4 1
-59 51 4 1
-59 51 5 1
-58 51 3 1
-73 56 5 1
-72 57 3 1
-61 52 5 1
-72 57 4 1
-72 57 5 1
-72 58 3 1
-72 58 4 1
-72 58 5 1
-72 59 3 1
-72 59 4 1
-72 59 5 1
-76 58 3 1
-62 52 6 0
-78 63 8 1
-78 63 9 0
-79 64 8 1
-79 64 9 0
-80 65 9 0
-62 70 5 1
-62 70 6 1
-61 70 5 1
-61 70 6 1
-66 72 5 1
-66 73 5 1
-69 70 7 1
-77 63 8 1
-69 70 8 1
-69 70 9 1
-69 71 7 2
-69 71 8 2
-69 71 9 1
-69 72 7 1
-69 72 8 1
-69 72 9 1
-67 71 6 1
-66 70 4 1
-66 71 4 1
-66 72 4 1
-78 70 6 2
-78 68 8 0
-78 68 9 0
-79 69 3 1
-79 69 4 1
-61 99 10 1
-61 99 11 1
-78 69 4 1
-78 69 5 2
-77 67 3 1
-77 67 4 1
-60 99 10 1
-60 99 11 1
-77 69 4 2
-77 69 5 1
-51 51 2 1
-75 70 6 0
-75 70 7 0
-75 72 7 1
-76 72 6 0
-76 72 7 0
-77 71 5 1
-77 71 3 1
-77 71 4 1
-76 71 3 2
-76 71 4 1
-76 71 5 1
-75 69 5 1
-75 70 3 1
-75 70 4 1
-75 70 5 1
-75 71 3 1
-75 71 4 1
-75 71 5 1
-76 73 7 0
-76 73 5 0
-77 72 6 0
-77 72 7 0
-77 72 5 0
-76 71 8 0
-77 70 2 1
-77 71 2 1
-77 72 2 1
-76 74 3 1
-76 74 2 1
-75 75 5 0
-62 55 5 1
-76 74 6 0
-51 50 4 1
-63 50 6 1
-63 51 6 1
-99 52 6 0
-100 52 6 0
-62 51 6 1
-100 52 7 0
-61 50 6 1
-61 51 6 1
-99 51 7 0
-99 51 5 1
-98 51 6 0
-98 50 6 0