DAV_OBMAP v3 cell_size=10
-167 -160 5 1
-166 -156 7 1
-161 -157 3 1
-161 -157 4 1
-157 -166 12 0
-157 -166 13 0
-156 -166 14 0
-158 -165 11 0
-157 -163 13 0
-157 -167 10 0
-156 -168 12 0
-156 -168 13 0
-161 -165 13 0
-164 -157 13 0
-166 -158 10 0
-166 -158 11 0
-166 -158 12 0
-167 -159 13 0
-165 -156 10 0
-165 -156 11 0
-165 -155 12 0
-164 -159 11 0
-163 -160 12 0
-166 -157 9 0
-167 -157 10 0
-168 -157 11 0
-162 -155 11 0
-166 -160 10 0
-166 -160 11 0
-166 -161 11 0
-166 -155 10 0
-167 -154 10 0
-167 -153 11 0
-168 -158 9 0
-169 -159 10 0
-163 -153 10 0
-164 -162 10 0
-168 -156 9 0
-169 -155 9 0
-151 -155 10 0
-151 -155 11 0
-152 -155 12 0
-152 -155 13 0
-152 -156 14 0
-151 -153 12 0
-151 -152 13 0
-152 -154 10 0
-154 -154 12 0
-154 -154 13 0
-151 -157 11 0
-152 -157 12 0
-152 -158 12 0
-152 -152 11 0
-152 -151 11 0
-153 -151 12 0
-172 -160 5 1
-172 -159 3 1
-172 -159 4 2
-172 -159 5 1
-172 -158 3 1
-172 -158 4 1
-172 -158 5 1
-170 -154 6 1
-154 -152 10 0
-155 -152 10 0
-170 -155 3 1
-170 -155 4 2
-170 -155 5 1
-170 -154 4 2
-170 -154 5 1
-151 -157 9 0
-151 -156 8 0
-170 -155 10 0
-170 -155 11 0
-169 -155 12 0
-169 -155 13 0
-171 -156 10 0
-172 -156 13 0
-170 -154 10 0
-170 -153 11 0
-170 -153 12 0
-170 -152 12 0
-172 -155 10 0
-173 -155 11 0
-174 -154 12 0
-171 -157 10 0
-171 -158 11 0
-171 -159 11 0
-171 -153 9 0
-172 -153 10 0
-172 -152 10 0
-172 -151 11 0
-172 -156 9 0
-173 -156 9 0
-174 -156 10 0
-175 -157 10 0
-170 -153 9 0
-169 -152 9 0
-169 -152 10 0
-168 -151 10 0
-169 -159 9 0
-169 -160 10 0
-171 -155 8 0
-175 -153 9 0
-168 -154 9 0
-173 -158 9 0
-173 -159 9 0
-171 -153 8 0
-171 -152 8 0
-171 -151 8 0
-172 -155 8 0
-173 -155 8 0
-174 -155 8 0
-175 -155 8 0
-169 -154 8 0
-167 -152 7 0
-171 -159 7 0
-171 -160 7 0
-172 -154 8 0
-151 -156 11 0
-174 -151 7 0
-170 -152 7 0
-170 -152 6 0
-153 -157 10 0
-153 -157 11 0
-153 -158 11 0
-153 -159 12 0
-153 -153 11 0
-154 -152 11 0
-154 -151 12 0
-155 -156 10 0
-156 -156 11 0
-156 -157 11 0
-151 -153 10 0
-151 -158 10 0
-151 -159 10 0
-151 -160 10 0
-155 -154 10 0
-156 -153 10 0
-157 -155 9 0
-151 -157 8 0
-151 -156 7 0
-152 -154 4 0
-155 -157 12 0
-155 -157 13 0
-153 -154 12 0
-152 -157 11 0
-152 -158 13 0
-156 -155 11 0
-156 -155 12 0
-157 -155 12 0
-151 -154 11 0
-154 -158 11 0
-154 -159 11 0
-155 -160 12 0
-154 -154 10 0
-155 -153 10 0
-155 -153 11 0
-156 -152 11 0
-151 -157 10 0
-156 -157 10 0
-157 -157 10 0
-158 -157 11 0
-152 -159 10 0
-152 -160 10 0
-156 -154 9 0
-157 -154 10 0
-158 -153 10 0
-151 -158 9 0
-157 -156 9 0
-158 -156 5 1
-158 -155 5 1
-158 -154 5 1
-163 -156 11 0
-163 -155 12 0
-162 -159 11 0
-161 -160 12 0
-164 -157 9 0
-165 -157 10 0
-166 -157 11 0
-167 -157 12 0
-160 -155 11 0
-164 -160 10 0
-164 -160 11 0
-164 -161 11 0
-164 -155 10 0
-165 -154 10 0
-165 -154 11 0
-160 -159 10 0
-166 -158 9 0
-167 -159 10 0
-161 -153 10 0
-163 -159 9 0
-162 -162 10 0
-165 -156 9 0
-166 -156 9 0
-167 -155 9 0
-166 -161 9 0
-163 -155 8 0
-164 -154 8 0
-164 -153 8 0
-164 -152 8 0
-166 -157 8 0
-168 -158 8 0
-178 -153 1 1
-163 -161 7 1
-163 -162 7 1
-164 -156 8 0
-165 -155 7 1
-166 -154 7 0
-162 -154 6 0
-162 -153 6 0
-161 -161 6 0
-161 -155 6 1
-160 -155 5 1
-165 -161 4 2
-166 -162 3 1
-166 -162 4 1
-166 -162 5 2
-166 -161 3 1
-166 -161 4 2
-166 -161 5 1
-177 -154 1 1
-177 -153 0 1
-177 -152 0 1
-176 -154 0 1
-176 -154 1 1
-176 -153 0 1
-176 -152 0 1
-174 -153 -1 1
-174 -153 0 1
-172 -151 -1 1
-172 -151 0 1
-172 -151 1 1
-174 -151 2 0
-200 -155 3 0
-200 -156 3 0
-199 -156 3 0
-198 -156 4 0
-197 -157 4 0
-200 -152 3 0
-199 -151 4 0
-162 -158 4 2
-174 -154 6 0
-166 -159 4 1
-186 -153 6 0
-174 -154 7 0
-156 -162 7 1
-184 -152 8 0
-156 -161 7 1
-164 -160 7 0
-164 -160 6 0
-155 -156 9 0
-159 -162 8 1
-154 -151 7 1
-154 -151 6 2
-154 -151 5 1
-155 -151 6 2
-155 -151 5 1
-156 -151 7 1
-156 -151 6 1
-156 -151 5 1
-155 -155 8 0
-153 -155 8 1
-152 -154 8 1
-154 -155 9 0
-168 -156 6 1
-174 -157 5 1
-166 -159 6 0
-168 -154 4 1
-168 -159 7 0
-190 -151 6 0
-168 -155 6 1
-151 -160 4 1
-162 -161 7 0
-168 -156 7 0
-167 -156 6 1
-177 -156 5 1
-167 -157 7 0
-168 -157 7 0
-158 -161 4 1
-154 -155 6 2
-161 -156 5 1
-184 -153 6 0
-183 -154 6 0
-153 -153 6 2
-186 -154 7 0
-153 -161 10 0
-155 -153 5 1
-184 -154 6 0
-184 -154 7 0
-184 -154 5 1
-183 -154 7 0
-176 -157 7 0
-168 -155 5 2
-179 -153 4 1
-157 -154 7 2
-157 -154 6 1
-157 -154 5 1
-161 -159 8 1
-174 -157 6 1
-154 -154 7 1
-177 -155 5 1
-153 -154 8 1
-166 -157 7 1
-156 -163 9 0
-154 -159 10 0
-158 -161 9 0
-152 -165 5 1
-160 -156 5 1
-158 -159 4 1
-155 -164 7 1
-165 -158 5 1
-165 -158 3 1
-160 -159 7 1
-163 -158 3 1
-174 -157 4 2
-154 -158 6 2
-174 -155 3 1
-154 -158 7 1
-157 -162 5 1
-154 -158 8 1
-183 -154 5 1
-167 -160 7 0
-159 -162 5 1
-158 -161 10 0
-154 -157 5 1
-173 -157 3 1
-151 -154 9 0
-154 -157 6 2
-167 -158 8 0
-179 -155 3 1
-167 -158 7 0
-155 -154 9 0
-155 -160 9 0
-177 -154 7 0
-156 -155 7 1
-159 -159 3 1
-159 -159 4 1
-154 -163 7 2
-180 -156 7 0
-180 -156 6 1
-169 -157 3 1
-169 -158 4 2
-179 -154 6 1
-156 -162 9 0
-156 -160 9 0
-154 -159 9 0
-158 -159 7 1
-185 -153 4 1
-185 -153 3 1
-185 -153 2 1
-156 -158 7 1
-156 -158 8 1
-156 -157 6 2
-186 -152 4 1
-156 -157 8 1
-186 -153 4 2
-175 -154 4 2
-183 -155 6 1
-158 -158 8 1
-158 -157 6 1
-158 -157 7 1
-165 -159 6 0
-186 -151 6 0
-153 -163 7 1
-186 -151 7 0
-187 -151 5 0
-156 -152 7 1
-155 -152 5 1
-155 -152 6 2
-155 -152 7 1
-154 -152 5 1
-154 -152 6 2
-173 -155 4 2
-182 -152 6 0
-152 -161 4 1
-168 -159 4 1
-152 -162 5 1
-152 -151 9 0
-187 -151 6 0
-161 -160 7 0
-152 -152 5 1
-153 -152 6 2
-153 -152 5 1
-171 -157 6 0
-154 -158 9 0
-177 -156 4 1
-177 -156 3 1
-153 -157 7 2
-186 -151 5 0
-153 -163 8 1
-153 -162 6 1
-153 -161 8 1
-188 -153 6 0
-152 -161 9 0
-188 -153 7 0
-188 -153 5 1
-156 -162 6 2
-152 -161 8 0
-152 -159 7 2
-155 -161 9 0
-154 -162 9 0
-153 -163 9 0
-154 -165 8 1
-153 -165 6 2
-153 -165 7 1
-153 -165 8 1
-152 -165 6 2
-152 -165 8 1
-152 -164 6 1
-156 -160 6 2
-164 -161 7 1
-156 -161 5 1
-158 -162 7 2
-156 -162 5 1
-155 -156 5 1
-154 -153 8 1
-186 -151 2 1
-159 -163 6 1
-156 -161 10 0
-161 -160 8 0
-159 -162 6 1
-151 -160 5 1
-156 -156 8 1
-151 -161 6 1
-175 -154 5 1
-155 -161 6 2
-155 -160 5 1
-157 -157 6 2
-157 -158 5 1
-156 -158 5 1
-155 -158 5 1
-155 -158 6 2
-154 -158 5 1
-174 -156 6 1
-152 -152 10 0
-151 -152 9 0
-151 -151 8 1
-151 -153 7 1
-159 -164 7 2
-151 -153 6 1
-151 -153 5 1
-160 -159 3 1
-162 -156 7 1
-152 -155 7 1
-152 -155 6 1
-152 -155 5 1
-153 -155 7 2
-153 -155 6 2
-153 -155 5 1
-156 -163 7 1
-154 -155 5 1
-155 -155 7 1
-155 -155 6 2
-155 -155 5 1
-154 -161 10 0
-157 -164 6 2
-158 -164 7 2
-183 -152 4 1
-183 -161 2 1
-190 -151 4 1
-183 -160 1 1
-166 -158 6 0
-162 -157 7 1
-162 -156 6 2
-178 -153 3 1
-158 -160 5 1
-158 -161 7 1
-158 -161 6 2
-158 -161 5 1
-163 -157 5 1
-174 -155 7 0
-162 -157 6 2
-154 -151 8 0
-152 -152 9 0
-155 -151 7 1
-190 -152 5 1
-167 -158 6 0
-169 -158 6 0
-174 -155 6 0
-165 -157 3 1
-161 -160 6 0
-165 -157 5 1
-165 -157 4 1
-165 -158 4 2
-158 -156 6 1
-169 -155 7 0
-158 -158 6 2
-158 -158 7 2
-172 -156 4 2
-151 -163 5 1
-151 -158 6 2
-151 -154 7 1
-178 -155 3 1
-152 -154 7 1
-169 -158 7 0
-153 -158 5 1
-156 -160 5 1
-154 -160 9 0
-178 -154 3 1
-179 -155 5 2
-179 -154 5 1
-180 -152 6 0
-167 -156 4 1
-154 -165 7 1
-158 -160 6 2
-171 -158 5 1
-158 -157 8 1
-156 -155 8 1
-153 -155 9 0
-152 -151 7 2
-182 -151 7 0
-167 -157 5 1
-162 -158 3 1
-165 -158 9 0
-155 -158 7 1
-159 -161 8 1
-183 -153 7 0
-179 -153 7 0
-184 -153 7 0
-179 -156 6 1
-181 -151 5 0
-182 -152 7 0
-167 -159 7 0
-189 -151 2 1
-158 -156 7 1
-176 -155 7 0
-164 -161 6 1
-163 -160 7 0
-162 -160 7 0
-175 -155 7 0
-155 -153 6 2
-156 -153 7 1
-156 -153 6 2
-157 -151 7 1
-157 -151 5 1
-157 -152 7 1
-157 -152 6 1
-157 -152 5 1
-157 -153 6 1
-154 -153 7 1
-153 -153 8 1
-152 -164 7 2
-174 -157 3 1
-152 -163 6 1
-152 -163 7 1
-164 -159 3 1
-152 -162 8 0
-182 -153 6 0
-152 -162 9 0
-152 -162 7 0
-165 -159 3 1
-160 -160 5 1
-177 -159 4 1
-191 -151 6 0
-154 -156 9 0
-158 -164 6 2
-152 -156 6 1
-152 -156 7 1
-152 -156 8 1
-152 -155 8 1
-154 -156 5 1
-153 -156 5 1
-178 -156 3 1
-175 -155 5 1
-175 -154 3 1
-177 -155 4 2
-172 -155 4 2
-153 -157 6 2
-154 -157 8 1
-152 -172 7 1
-152 -172 8 1
-176 -157 10 0
-175 -157 11 0
-175 -157 12 0
-177 -158 10 0
-178 -158 11 0
-178 -158 12 0
-176 -155 11 0
-175 -158 10 0
-175 -159 11 0
-179 -157 10 0
-174 -155 10 0
-177 -159 9 1
-177 -160 10 0
-177 -161 11 0
-178 -154 10 0
-178 -153 10 0
-172 -159 10 0
-180 -158 9 0
-176 -159 8 0
-176 -160 8 0
-175 -161 9 0
-175 -162 9 0
-179 -156 8 0
-168 -155 3 1
-167 -155 3 1
-173 -154 3 1
-173 -154 4 2
-172 -154 3 1
-172 -154 4 2
-172 -154 5 1
-171 -154 3 1
-171 -154 4 2
-171 -154 5 1
-171 -153 3 1
-171 -153 4 1
-170 -154 3 1
-170 -153 3 1
-169 -154 3 1
-169 -153 3 1
-169 -153 5 1
-174 -161 5 1
-178 -160 4 0
-151 -167 13 0
-151 -167 14 0
-151 -167 15 0
-153 -168 13 0
-153 -168 14 0
-152 -166 13 0
-152 -165 14 0
-152 -165 15 0
-151 -169 13 0
-171 -154 10 0
-171 -154 11 0
-170 -154 12 0
-170 -154 13 0
-172 -155 9 0
-173 -156 12 0
-173 -156 13 0
-171 -153 11 0
-171 -152 12 0
-170 -157 12 0
-173 -154 10 0
-174 -154 11 0
-175 -154 12 0
-168 -152 11 0
-172 -157 10 0
-172 -158 11 0
-172 -153 9 0
-173 -152 10 0
-173 -151 10 0
-173 -151 11 0
-169 -155 10 0
-173 -155 9 0
-174 -156 9 0
-175 -156 10 0
-176 -156 10 0
-152 -172 13 1
-170 -152 9 0
-170 -151 10 0
-151 -170 13 1
-176 -152 9 0
-167 -153 9 0
-173 -157 8 0
-174 -158 9 0
-174 -159 9 0
-172 -153 8 0
-172 -152 8 0
-172 -151 8 0
-168 -151 7 0
-172 -159 7 0
-173 -153 8 0
-174 -152 7 0
-175 -151 7 0
-171 -151 6 0
-175 -153 5 1
-169 -153 6 0
-168 -153 5 0
-174 -159 3 1
-174 -159 4 2
-174 -159 5 1
-174 -158 3 1
-174 -158 4 2
-174 -158 5 1
-172 -153 6 0
-172 -152 5 1
-174 -154 3 1
-174 -154 4 1
-172 -153 3 1
-172 -153 4 1
-172 -153 5 1
-171 -154 6 0
-172 -154 10 0
-171 -154 12 0
-171 -154 13 0
-173 -155 10 0
-174 -156 13 0
-172 -153 11 0
-172 -152 12 0
-172 -151 12 0
-174 -154 10 0
-175 -154 11 0
-176 -154 12 0
-169 -152 11 0
-173 -156 10 0
-173 -157 11 0
-173 -158 11 0
-173 -153 9 0
-174 -151 10 0
-174 -155 9 0
-175 -155 9 0
-171 -152 9 0
-171 -151 10 0
-171 -158 9 0
-171 -159 10 0
-173 -154 8 0
-169 -153 9 0
-174 -157 8 0
-174 -157 9 0
-175 -158 9 0
-173 -151 8 0
-174 -154 8 0
-175 -154 8 0
-176 -154 8 0
-177 -154 8 0
-169 -151 7 0
-174 -153 6 0
-175 -153 6 0
-176 -153 5 1
-170 -153 6 0
-173 -153 7 0
-173 -152 6 0
-173 -152 5 1
-173 -151 4 0
-172 -154 11 0
-172 -154 12 0
-172 -154 13 0
-174 -155 11 0
-174 -155 12 0
-178 -156 5 1
-167 -155 5 2
-174 -156 4 2
-168 -156 5 1
-177 -155 8 0
-155 -153 9 0
-180 -155 4 2
-154 -159 8 1
-188 -151 3 2
-158 -161 3 1
-171 -156 7 0
-162 -157 5 1
-151 -165 8 1
-175 -155 6 0
-171 -158 4 2
-151 -164 5 1
-154 -162 4 1
-154 -160 4 1
-153 -162 4 1
-153 -161 4 1
-152 -162 4 1
-153 -160 7 1
-156 -160 7 2
-152 -163 5 1
-175 -154 7 0
-181 -153 3 1
-169 -156 4 2
-156 -156 5 1
-164 -161 8 0
-159 -159 6 1
-152 -164 5 1
-188 -151 8 0
-189 -152 2 1
-189 -152 3 1
-153 -158 6 2
-153 -158 7 2
-153 -158 8 1
-152 -160 6 1
-152 -160 7 1
-152 -160 8 1
-169 -156 6 1
-160 -159 4 2
-173 -157 5 2
-173 -156 3 1
-153 -151 9 0
-154 -157 9 0
-154 -156 10 0
-153 -153 5 1
-154 -153 5 1
-156 -153 5 1
-157 -151 6 1
-153 -151 8 1
-155 -151 8 0
-154 -151 9 0
-170 -157 8 0
-182 -154 4 1
-174 -156 8 0
-159 -160 5 1
-182 -153 4 2
-182 -153 5 1
-182 -152 3 1
-182 -152 4 1
-162 -158 5 1
-170 -157 7 0
-169 -157 7 0
-157 -156 5 1
-157 -156 6 1
-164 -159 4 2
-151 -151 6 1
-151 -151 7 1
-154 -158 10 0
-158 -154 6 1
-158 -154 7 1
-152 -156 9 0
-157 -156 8 1
-157 -155 8 1
-157 -154 8 1
-184 -151 5 1
-153 -153 9 0
-155 -152 9 0
-176 -156 6 1
-182 -154 6 0
-153 -154 9 0
-161 -156 7 1
-159 -159 7 1
-172 -157 4 2
-159 -159 5 1
-152 -152 6 2
-152 -152 7 2
-161 -158 4 1
-162 -159 3 1
-158 -159 6 1
-154 -161 4 1
-154 -159 7 1
-157 -160 5 1
-155 -161 5 1
-159 -156 8 1
-176 -154 5 1
-159 -156 7 1
-176 -154 3 1
-172 -156 5 1
-153 -163 5 1
-176 -155 4 2
-177 -153 7 0
-176 -156 5 1
-152 -160 4 1
-155 -158 8 1
-153 -158 9 0
-164 -160 5 1
-152 -156 5 1
-157 -161 5 1
-177 -154 6 0
-163 -160 4 1
-182 -153 3 1
-180 -156 5 1
-181 -153 7 0
-154 -152 8 0
-184 -153 4 2
-155 -151 9 0
-158 -164 8 1
-182 -153 7 0
-181 -153 5 1
-151 -162 6 1
-175 -154 6 0
-151 -161 4 1
-151 -161 5 2
-158 -160 8 1
-173 -156 4 2
-160 -159 8 1
-186 -151 4 1
-163 -159 4 1
-152 -159 6 1
-163 -156 5 2
-163 -157 7 1
-164 -159 6 0
-160 -159 5 1
-183 -151 4 1
-160 -160 7 0
-177 -156 6 0
-177 -153 6 0
-161 -160 3 1
-152 -155 9 0
-176 -156 7 0
-179 -156 5 1
-176 -156 3 1
-152 -157 7 1
-155 -153 8 0
-151 -152 12 0
-152 -152 13 0
-152 -154 11 0
-153 -154 11 0
-151 -151 10 0
-151 -156 10 0
-151 -155 8 0
-155 -167 9 0
-153 -169 9 1
-157 -168 8 0
-157 -169 8 0
-157 -170 8 0
-157 -171 8 0
-153 -166 8 0
-152 -167 7 1
-154 -170 5 1
-154 -170 6 2
-154 -170 7 2
-154 -169 5 1
-154 -169 6 1
-154 -169 7 2
-154 -168 5 1
-154 -168 6 2
-154 -168 7 1
-156 -167 8 0
-153 -166 5 1
-153 -166 6 2
-153 -165 5 1
-153 -164 5 1
-154 -167 5 1
-154 -167 6 2
-154 -167 7 1
-155 -166 12 0
-155 -166 13 0
-155 -166 14 0
-157 -167 12 0
-157 -167 13 0
-156 -163 13 0
-155 -168 11 0
-154 -169 13 1
-160 -166 13 0
-154 -165 11 0
-154 -165 12 0
-153 -164 12 0
-157 -168 11 0
-157 -169 11 0
-157 -170 12 0
-158 -162 12 0
-152 -168 11 1
-154 -162 11 0
-155 -169 10 1
-155 -170 10 1
-154 -166 9 0
-153 -165 9 0
-151 -165 10 0
-158 -169 9 0
-159 -170 9 0
-154 -168 9 1
-152 -169 9 1
-156 -168 8 0
-156 -169 8 0
-156 -170 8 0
-156 -171 8 0
-153 -167 8 0
-155 -171 5 1
-155 -171 6 1
-155 -171 7 1
-154 -171 5 1
-154 -171 6 1
-154 -171 7 1
-153 -171 5 1
-153 -171 6 1
-153 -171 7 1
-153 -170 5 1
-153 -170 6 1
-153 -170 7 1
-153 -169 5 1
-153 -169 6 1
-153 -169 7 2
-155 -168 8 1
-154 -167 8 0
-152 -167 8 1
-155 -165 8 0
-155 -170 8 1
-155 -169 8 1
-154 -170 8 1
-154 -169 8 1
-154 -168 8 1
-153 -170 8 2
-153 -169 8 2
-153 -168 6 2
-153 -168 7 1
-153 -168 8 1
-155 -167 8 0
-152 -166 5 1
-152 -166 6 2
-152 -166 7 1
-153 -168 5 1
-153 -167 5 1
-153 -167 6 2
-153 -167 7 1
-155 -166 10 0
-155 -166 11 0
-154 -166 13 0
-154 -166 14 0
-156 -167 12 0
-155 -164 13 0
-154 -168 11 0
-154 -168 12 0
-159 -166 13 0
-153 -165 12 0
-152 -164 12 0
-156 -168 10 0
-156 -169 11 0
-157 -163 11 0
-153 -167 10 0
-156 -168 14 0
-155 -165 12 0
-153 -168 12 0
-153 -169 13 1
-154 -166 10 0
-153 -165 11 0
-152 -165 12 0
-155 -169 11 1
-156 -170 12 0
-156 -164 11 0
-156 -163 11 0
-151 -168 12 0
-153 -163 11 0
-155 -171 9 1
-155 -171 11 1
-155 -170 9 1
-155 -170 11 1
-154 -171 9 1
-154 -171 11 1
-154 -170 9 2
-154 -170 11 1
-154 -169 10 1
-154 -169 11 1
-153 -171 9 1
-153 -171 10 1
-153 -171 11 1
-153 -170 9 2
-153 -170 10 2
-153 -170 11 2
-153 -169 10 1
-153 -169 11 1
-154 -168 10 0
-152 -166 10 1
-151 -166 10 1
-158 -171 10 0
-155 -164 9 0
-155 -163 9 0
-151 -170 9 2
-152 -171 8 1
-152 -171 9 1
-152 -171 10 1
-152 -170 8 2
-152 -170 9 1
-152 -170 10 2
-152 -169 8 1
-152 -169 10 1
-151 -171 8 2
-151 -171 9 1
-151 -171 10 2
-151 -170 8 2
-151 -170 10 1
-151 -169 8 1
-151 -169 9 2
-151 -169 10 1
-154 -167 9 0
-153 -164 9 0
-152 -164 9 0
-155 -171 8 1
-151 -168 9 1
-151 -167 9 2
-151 -166 9 1
-152 -170 6 1
-152 -170 7 1
-152 -169 6 1
-152 -169 7 1
-152 -168 6 2
-152 -168 7 1
-152 -168 8 1
-151 -166 5 1
-152 -168 5 1
-152 -167 5 1
-152 -167 6 1
-154 -167 12 0
-153 -167 13 0
-153 -167 14 0
-154 -165 13 0
-154 -164 14 0
-153 -168 11 0
-152 -169 14 1
-153 -166 11 0
-151 -165 13 0
-155 -170 12 1
-155 -171 13 1
-155 -164 11 0
-158 -168 12 0
-153 -164 11 0
-152 -162 11 0
-164 -164 6 1
-164 -164 7 1
-164 -164 8 1
-164 -163 6 2
-164 -163 7 1
-164 -163 8 1
-165 -161 8 0
-166 -164 5 1
-165 -164 5 1
-164 -164 5 1
-164 -163 5 1
-164 -162 6 2
-168 -163 3 1
-163 -164 11 0
-163 -164 12 0
-162 -164 13 0
-162 -164 14 0
-165 -165 13 0
-163 -161 12 0
-163 -161 13 0
-163 -165 10 0
-165 -162 12 0
-165 -162 13 0
-165 -162 14 0
-167 -164 13 0
-166 -160 12 0
-166 -160 13 0
-165 -163 10 0
-165 -164 11 0
-164 -164 12 0
-164 -165 13 0
-166 -164 10 0
-166 -165 11 0
-167 -165 11 0
-167 -166 12 0
-163 -163 10 0
-162 -164 11 0
-165 -161 10 0
-165 -165 10 0
-164 -167 10 0
-165 -162 9 0
-164 -162 9 0
-163 -162 9 0
-161 -161 10 0
-163 -164 9 1
-162 -166 9 1
-167 -168 7 1
-167 -168 8 1
-167 -168 9 1
-166 -168 7 1
-166 -168 8 1
-166 -168 9 1
-165 -168 7 1
-165 -168 8 1
-165 -168 9 1
-165 -167 7 1
-165 -167 8 2
-165 -167 9 1
-165 -166 7 1
-165 -166 8 2
-165 -166 9 1
-163 -163 8 0
-162 -163 7 1
-161 -163 7 2
-165 -166 6 1
-164 -166 6 1
-164 -166 7 1
-164 -166 8 2
-163 -166 6 1
-163 -166 7 1
-163 -166 8 1
-163 -165 6 1
-163 -165 7 2
-163 -165 8 2
-163 -164 6 2
-163 -164 7 1
-163 -164 8 1
-163 -164 5 1
-163 -163 5 1
-163 -163 6 2
-163 -163 7 1
-163 -162 6 1
-169 -164 3 1
-169 -164 4 1
-169 -164 5 1
-168 -164 3 1
-168 -164 4 1
-168 -164 5 1
-167 -164 3 1
-167 -164 4 1
-167 -164 5 1
-167 -163 3 1
-164 -163 12 0
-164 -163 13 0
-163 -163 14 0
-165 -163 11 0
-166 -164 12 0
-165 -161 12 0
-164 -160 13 0
-164 -164 10 0
-164 -164 11 0
-163 -165 12 0
-163 -165 13 0
-167 -162 12 0
-168 -162 12 0
-163 -162 11 0
-162 -161 12 0
-165 -164 10 0
-165 -165 11 0
-166 -166 11 0
-166 -167 12 0
-167 -159 12 0
-164 -163 9 0
-163 -164 10 0
-162 -164 10 0
-161 -164 11 0
-169 -165 11 0
-164 -161 10 0
-164 -165 9 1
-164 -166 10 0
-163 -167 10 0
-162 -162 9 0
-161 -162 10 0
-162 -165 9 1
-161 -166 9 1
-163 -161 8 0
-164 -168 7 1
-164 -168 8 2
-164 -168 9 1
-164 -167 7 1
-164 -167 8 1
-164 -167 9 1
-164 -166 9 1
-162 -163 8 1
-161 -163 8 1
-160 -164 7 2
-162 -166 6 1
-162 -166 7 2
-162 -166 8 2
-162 -165 6 1
-162 -165 7 1
-162 -165 8 1
-162 -164 6 2
-162 -164 7 1
-162 -164 8 1
-163 -162 8 0
-162 -162 6 1
-164 -165 5 2
-163 -165 5 2
-162 -165 5 1
-162 -164 5 1
-162 -163 5 1
-162 -163 6 1
-166 -164 3 1
-166 -164 4 2
-166 -163 3 1
-158 -164 9 0
-157 -164 10 0
-158 -167 9 0
-158 -168 9 0
-160 -163 9 0
-161 -169 7 1
-161 -169 8 1
-161 -169 9 1
-161 -168 7 1
-161 -168 8 1
-161 -168 9 1
-160 -165 9 1
-158 -165 8 1
-157 -165 7 1
-160 -168 7 1
-160 -168 8 2
-160 -168 9 1
-159 -168 7 2
-159 -168 8 1
-159 -168 9 1
-159 -167 7 1
-159 -167 8 1
-159 -166 7 1
-159 -166 8 1
-159 -166 9 1
-161 -167 5 1
-160 -167 5 1
-159 -167 5 1
-159 -167 6 1
-159 -165 7 2
-160 -163 5 1
-195 -153 0 2
-193 -158 -1 1
-193 -158 0 1
-193 -158 1 1
-193 -157 -1 1
-192 -158 -1 1
-192 -158 0 2
-192 -158 1 1
-192 -157 -1 1
-192 -157 0 2
-160 -165 12 0
-159 -165 14 0
-162 -167 13 0
-160 -164 11 0
-194 -156 4 0
-194 -156 5 0
-194 -156 6 0
-193 -156 7 0
-193 -156 8 0
-195 -157 5 0
-195 -157 6 0
-196 -157 7 0
-196 -157 8 0
-194 -155 5 0
-194 -154 6 0
-194 -153 7 0
-193 -157 5 0
-193 -158 6 0
-192 -158 7 0
-197 -155 6 0
-198 -155 7 0
-193 -155 4 0
-192 -155 5 0
-191 -154 6 0
-195 -158 4 0
-195 -159 5 0
-195 -160 6 0
-196 -153 5 0
-196 -152 6 0
-192 -157 4 0
-191 -157 5 0
-190 -157 5 0
-194 -154 4 0
-193 -153 4 1
-192 -152 5 0
-193 -160 4 0
-193 -161 4 0
-192 -156 3 0
-191 -155 4 1
-195 -151 3 2
-196 -152 2 1
-196 -152 4 1
-196 -151 2 1
-196 -151 4 1
-195 -152 2 1
-195 -152 3 1
-195 -151 2 1
-195 -151 4 1
-194 -152 2 1
-194 -152 3 2
-194 -151 2 1
-194 -151 3 1
-194 -151 4 1
-195 -154 3 0
-195 -153 3 1
-193 -157 3 0
-192 -158 3 0
-192 -154 3 0
-191 -152 2 0
-194 -158 3 0
-197 -153 2 0
-197 -152 2 0
-191 -156 2 0
-190 -157 1 1
-194 -153 2 1
-193 -152 1 1
-191 -161 -1 1
-191 -161 0 1
-191 -161 1 2
-191 -160 -1 1
-191 -160 0 2
-191 -160 1 1
-191 -159 -1 1
-191 -159 0 1
-191 -159 1 1
-190 -155 -1 1
-190 -155 0 1
-190 -155 1 1
-161 -157 9 0
-190 -154 0 2
-190 -154 1 1
-162 -161 9 0
-190 -153 0 1
-190 -153 1 1
-193 -155 2 0
-194 -153 -1 1
-194 -153 0 2
-194 -152 -1 1
-194 -152 1 1
-162 -154 7 0
-163 -154 7 0
-163 -160 6 0
-159 -155 7 0
-159 -154 6 0
-159 -153 6 0
-164 -156 4 2
-164 -156 5 1
-164 -156 6 1
-164 -155 4 1
-164 -155 5 1
-193 -156 4 0
-193 -156 5 0
-193 -156 6 0
-192 -156 8 0
-195 -157 7 0
-195 -157 8 0
-193 -154 7 0
-193 -153 7 0
-192 -157 6 0
-192 -158 6 0
-196 -155 6 0
-197 -155 7 0
-190 -154 6 0
-194 -158 5 0
-195 -153 5 0
-189 -157 6 0
-193 -154 4 0
-192 -153 4 0
-192 -153 5 0
-193 -159 4 0
-192 -160 4 0
-192 -161 5 0
-192 -156 4 0
-189 -155 4 1
-196 -159 4 0
-196 -160 4 0
-195 -153 2 1
-194 -153 3 1
-193 -153 3 1
-193 -152 2 1
-193 -152 3 1
-193 -152 4 1
-193 -151 2 1
-193 -151 3 1
-193 -151 4 1
-192 -157 3 0
-191 -158 3 0
-190 -159 3 0
-191 -153 3 1
-190 -152 2 0
-194 -159 3 0
-194 -160 2 0
-194 -161 2 0
-196 -153 2 0
-190 -156 2 0
-189 -157 1 1
-193 -157 2 0
-192 -158 2 0
-189 -155 -1 1
-189 -155 0 2
-189 -155 1 1
-189 -154 -1 1
-189 -154 0 2
-189 -154 1 1
-189 -153 -1 1
-189 -153 0 1
-189 -153 1 1
-192 -155 2 0
-191 -158 -1 1
-191 -158 0 2
-191 -158 1 1
-191 -157 -1 1
-191 -157 0 2
-191 -156 -1 1
-191 -156 0 2
-191 -156 1 1
-167 -159 8 0
-168 -159 8 0
-168 -160 9 0
-169 -161 9 0
-166 -155 8 0
-166 -154 8 0
-167 -153 8 0
-167 -152 8 0
-171 -157 8 0
-163 -154 8 0
-166 -161 7 0
-166 -162 7 1
-167 -156 8 0
-168 -155 7 0
-169 -153 7 0
-170 -160 6 1
-165 -153 6 0
-169 -162 3 1
-169 -162 4 2
-169 -162 5 1
-169 -161 3 1
-169 -161 4 2
-169 -161 5 1
-169 -160 3 1
-169 -160 4 2
-169 -160 5 1
-167 -156 3 1
-166 -156 3 1
-166 -155 3 1
-151 -173 9 1
-151 -173 10 1
-152 -164 10 0
-151 -173 14 1
-151 -173 15 1
-151 -172 15 1
-151 -171 15 1
-166 -159 8 0
-168 -161 9 0
-165 -155 8 0
-166 -153 8 0
-166 -152 8 0
-165 -161 7 1
-165 -162 7 1
-166 -156 8 0
-167 -155 7 0
-168 -154 7 0
-169 -160 6 0
-164 -154 6 0
-164 -153 6 0
-163 -161 6 1
-168 -162 3 1
-168 -162 4 1
-168 -162 5 1
-168 -161 3 1
-168 -161 4 2
-168 -161 5 1
-168 -160 3 1
-168 -160 4 2
-168 -160 5 1
-165 -154 4 1
-165 -154 5 1
-165 -154 6 1
-165 -156 3 1
-165 -155 3 1
-164 -156 3 1
-164 -155 3 1
-163 -156 3 1
-163 -155 3 1
-157 -156 7 2
-185 -151 2 1
-185 -151 3 1
-185 -151 4 1
-173 -156 5 1
-189 -152 6 0
-168 -159 3 1
-169 -157 5 1
-184 -152 4 2
-188 -152 2 1
-200 -152 4 0
-200 -154 1 1
-200 -153 -1 1
-200 -153 0 2
-200 -153 1 1
-200 -152 -1 1
-200 -152 0 1
-200 -152 1 1
-200 -151 -1 1
-200 -151 0 1
-200 -151 1 1
-191 -159 4 0
-191 -160 5 0
-191 -161 5 0
-190 -156 4 0
-189 -156 4 0
-190 -158 3 0
-190 -154 3 2
-191 -155 2 1
-191 -154 2 1
-191 -153 2 1
-191 -153 4 1
-190 -155 2 1
-190 -155 3 1
-190 -154 2 1
-190 -154 4 1
-190 -153 2 1
-190 -153 4 2
-189 -155 2 1
-189 -155 3 1
-189 -154 2 1
-189 -154 3 2
-189 -154 4 1
-189 -153 2 1
-189 -153 4 1
-193 -160 3 0
-190 -156 3 0
-190 -157 2 0
-192 -154 2 0
-191 -152 1 1
-191 -160 2 1
-191 -159 2 1
-191 -158 2 1
-190 -160 2 1
-190 -159 2 1
-190 -158 2 1
-189 -160 0 1
-189 -160 1 1
-189 -160 2 1
-189 -159 0 1
-189 -159 1 1
-189 -159 2 1
-189 -158 0 2
-189 -158 1 1
-189 -158 2 1
-189 -156 -1 1
-189 -156 0 2
-189 -156 1 1
-188 -156 -1 1
-188 -156 0 2
-188 -156 1 1
-193 -158 2 0
-192 -152 -1 1
-192 -152 0 1
-189 -158 -1 1
-189 -157 -1 1
-189 -157 0 1
-191 -157 2 0
-199 -153 -1 1
-199 -153 0 2
-199 -153 1 1
-199 -152 -1 1
-199 -152 0 2
-199 -152 1 1
-191 -156 6 0
-193 -158 8 0
-190 -158 7 0
-190 -159 8 0
-190 -156 5 0
-189 -155 6 0
-192 -159 5 0
-193 -160 7 0
-193 -153 6 0
-188 -158 5 0
-196 -158 6 0
-191 -154 5 1
-190 -153 5 1
-191 -158 4 0
-190 -161 5 0
-188 -156 4 1
-187 -155 4 1
-192 -152 4 0
-190 -158 4 0
-189 -158 4 0
-188 -160 3 1
-192 -160 3 0
-192 -161 3 0
-190 -157 3 0
-189 -157 3 0
-187 -157 2 1
-191 -161 2 1
-190 -161 2 1
-189 -161 0 1
-189 -161 1 2
-189 -161 2 1
-187 -156 -1 1
-187 -156 0 1
-187 -156 1 2
-187 -155 -1 1
-187 -155 0 2
-187 -155 1 1
-187 -154 -1 1
-187 -154 0 1
-187 -154 1 1
-189 -159 -1 1
-157 -159 5 1
-188 -151 2 1
-158 -162 6 2
-158 -161 8 1
-157 -163 6 1
-200 -154 3 0
-199 -154 3 0
-191 -157 6 0
-190 -157 7 0
-190 -157 8 0
-190 -157 9 0
-192 -158 8 0
-193 -158 9 0
-191 -156 5 0
-191 -155 7 0
-191 -154 8 0
-190 -158 6 0
-189 -159 8 0
-195 -156 8 0
-189 -156 6 0
-189 -155 7 0
-188 -155 7 0
-192 -159 6 0
-192 -160 6 0
-192 -161 7 0
-189 -158 5 0
-187 -158 6 0
-190 -154 5 1
-191 -159 5 0
-190 -159 5 0
-190 -160 5 0
-195 -155 5 0
-190 -157 4 0
-188 -156 5 1
-187 -156 5 1
-186 -156 5 1
-194 -161 5 0
-187 -160 4 2
-188 -161 3 1
-188 -161 4 1
-188 -161 5 1
-188 -160 4 1
-200 -158 0 1
-200 -158 1 2
-200 -158 2 1
-200 -157 0 1
-200 -157 1 2
-200 -156 0 2
-200 -156 1 1
-198 -154 -1 1
-198 -154 0 2
-198 -154 1 1
-198 -153 -1 1
-198 -153 0 1
-198 -153 1 1
-198 -152 -1 1
-198 -152 0 2
-198 -152 1 1
-200 -156 -1 1
-200 -155 -1 1
-200 -155 0 2
-200 -155 6 0
-200 -155 7 0
-198 -156 6 0
-197 -156 7 0
-198 -153 6 0
-198 -157 3 0
-197 -158 5 0
-197 -158 6 0
-197 -155 4 0
-196 -154 4 0
-195 -154 5 0
-199 -158 4 0
-199 -159 4 0
-200 -160 5 0
-196 -157 3 0
-194 -158 4 0
-198 -154 2 0
-197 -152 4 0
-197 -160 3 0
-197 -161 3 0
-197 -156 2 1
-195 -155 2 0
-194 -155 3 0
-199 -152 2 0
-199 -151 2 0
-197 -157 2 1
-195 -159 2 0
-196 -153 1 1
-195 -153 1 1
-199 -161 1 0
-176 -152 5 1
-175 -152 3 1
-175 -152 4 2
-175 -152 5 1
-174 -152 2 1
-174 -153 10 0
-176 -154 10 0
-176 -154 11 0
-174 -151 9 0
-176 -153 8 0
-177 -153 9 0
-178 -152 10 0
-176 -157 9 0
-175 -151 8 0
-176 -151 8 0
-179 -155 9 0
-176 -152 7 0
-177 -151 7 0
-178 -151 7 0
-177 -157 7 0
-172 -151 6 0
-171 -151 3 0
-175 -151 3 1
-174 -153 11 0
-178 -152 9 0
-176 -156 9 0
-176 -152 6 0
-177 -151 6 0
-171 -152 6 0
-178 -157 6 0
-175 -151 6 0
-173 -151 5 0
-176 -158 6 1
-175 -158 6 1
-176 -151 5 1
-179 -156 3 1
-176 -151 3 1
-176 -151 4 1
-172 -151 3 0
-177 -151 1 1
-177 -151 2 1
-176 -151 1 1
-176 -151 2 2
-175 -151 1 1
-175 -151 2 1
-174 -152 1 1
-177 -152 7 0
-178 -152 8 0
-178 -151 6 0
-172 -151 5 0
-170 -151 6 0
-180 -152 5 1
-179 -151 2 0
-173 -151 3 0
-172 -151 2 0
-174 -153 2 2
-173 -153 2 1
-173 -153 1 1
-174 -151 3 1
-174 -151 0 2
-168 -161 12 0
-168 -161 13 0
-168 -161 14 0
-170 -162 12 0
-171 -162 13 0
-169 -158 12 0
-168 -162 10 0
-168 -162 11 0
-167 -163 12 0
-167 -163 13 0
-167 -159 11 0
-169 -162 10 0
-170 -163 11 0
-170 -164 11 0
-170 -164 12 0
-171 -157 11 0
-166 -162 10 0
-166 -162 11 0
-165 -162 11 0
-168 -158 10 0
-168 -163 10 0
-168 -164 10 0
-168 -165 10 0
-167 -162 9 0
-165 -164 9 1
-170 -167 7 1
-170 -167 8 1
-170 -167 9 1
-169 -167 7 1
-169 -167 8 1
-169 -167 9 1
-168 -167 7 1
-168 -167 8 1
-168 -167 9 1
-168 -166 7 1
-168 -166 8 1
-168 -166 9 1
-168 -165 7 1
-168 -165 8 2
-168 -165 9 1
-168 -161 8 0
-167 -161 8 0
-166 -161 8 0
-166 -164 6 1
-166 -164 7 2
-166 -164 8 1
-166 -163 6 1
-166 -163 7 1
-166 -163 8 1
-166 -162 6 1
-166 -162 8 1
-168 -163 4 2
-167 -163 4 2
-167 -163 5 1
-167 -161 6 1
-166 -163 4 1
-166 -163 5 1
-166 -161 6 1
-167 -161 12 0
-167 -161 13 0
-167 -161 14 0
-169 -163 13 0
-168 -159 12 0
-168 -159 13 0
-167 -162 10 0
-167 -163 11 0
-166 -163 12 0
-166 -164 13 0
-167 -160 10 0
-168 -164 11 0
-169 -164 11 0
-169 -165 12 0
-164 -162 11 0
-164 -163 11 0
-170 -162 10 0
-172 -163 11 0
-167 -164 10 0
-167 -165 10 0
-166 -166 10 0
-169 -163 9 1
-164 -164 9 1
-168 -164 9 1
-167 -166 7 1
-167 -166 8 2
-167 -166 9 1
-167 -165 7 1
-167 -165 8 2
-167 -165 9 1
-167 -164 9 1
-165 -162 8 0
-167 -165 6 1
-166 -165 6 1
-166 -165 7 1
-166 -165 8 2
-165 -165 6 1
-165 -165 7 1
-165 -165 8 1
-165 -164 6 1
-165 -164 7 2
-165 -164 8 1
-165 -163 6 2
-165 -163 7 1
-165 -163 8 1
-165 -163 4 1
-165 -163 5 1
-165 -162 6 1
-165 -161 6 1
-171 -163 3 1
-171 -162 3 1
-170 -163 3 1
-169 -163 3 1
-169 -163 4 1
-166 -162 12 0
-166 -162 13 0
-166 -162 14 0
-167 -162 11 0
-168 -163 12 0
-168 -163 13 0
-167 -160 12 0
-166 -163 10 0
-166 -163 11 0
-165 -164 12 0
-165 -164 13 0
-167 -163 10 0
-167 -164 11 0
-168 -165 11 0
-168 -166 12 0
-166 -162 9 0
-164 -163 10 0
-163 -163 11 0
-171 -164 11 0
-166 -164 9 1
-166 -165 10 0
-165 -166 10 0
-162 -161 10 0
-168 -163 9 1
-165 -163 9 0
-163 -165 9 1
-167 -167 7 1
-167 -167 8 1
-167 -167 9 1
-166 -167 7 1
-166 -167 8 2
-166 -167 9 1
-166 -166 7 1
-166 -166 8 1
-166 -166 9 1
-166 -165 9 1
-164 -162 8 0
-164 -165 6 1
-164 -165 7 2
-164 -165 8 1
-175 -152 -1 1
-175 -152 0 1
-175 -152 1 1
-175 -151 -1 1
-175 -151 0 1
-174 -152 -1 1
-174 -152 0 1
-174 -151 -1 1
-174 -151 1 1
-173 -152 -1 1
-173 -152 0 2
-173 -152 1 1
-173 -151 -1 1
-173 -151 0 2
-173 -151 1 1
-177 -153 8 0
-179 -151 8 0
-178 -152 6 0
-171 -151 5 0
-180 -152 3 1
-180 -152 4 1
-180 -151 3 1
-180 -151 4 1
-180 -151 5 1
-171 -152 3 0
-177 -154 2 1
-177 -153 2 1
-177 -152 2 1
-176 -154 2 1
-176 -153 2 1
-176 -152 2 2
-175 -154 2 1
-175 -153 2 1
-175 -152 2 1
-158 -157 12 0
-157 -157 13 0
-159 -157 9 0
-160 -158 12 0
-160 -159 13 0
-158 -156 10 0
-158 -155 11 0
-158 -155 12 0
-158 -154 13 0
-157 -159 11 0
-157 -160 12 0
-160 -157 10 0
-161 -157 11 0
-162 -156 12 0
-159 -159 10 0
-159 -160 11 0
-160 -161 11 0
-160 -155 10 0
-161 -153 11 0
-160 -158 9 0
-162 -158 10 0
-163 -159 10 0
-157 -153 10 0
-157 -161 9 0
-157 -162 10 0
-160 -156 9 0
-161 -156 9 0
-162 -155 9 0
-163 -155 9 0
-160 -159 9 0
-161 -161 9 0
-159 -154 8 0
-159 -153 8 0
-159 -152 9 0
-163 -157 8 0
-160 -155 8 0
-161 -154 7 0
-162 -153 7 0
-161 -162 3 1
-161 -162 4 1
-161 -162 5 1
-160 -162 3 1
-160 -162 4 1
-160 -162 5 1
-159 -162 3 1
-159 -162 4 1
-159 -155 5 0
-160 -154 4 0
-159 -158 5 1
-159 -156 5 1
-158 -156 4 0
-188 -158 1 1
-188 -157 -1 1
-188 -157 0 1
-188 -157 1 1
-151 -164 10 0
-151 -164 13 0
-151 -169 15 0
-153 -164 10 0
-151 -162 11 0
-151 -163 11 0
-152 -164 14 0
-152 -164 13 0
-152 -169 15 0
-152 -168 15 0
-151 -168 14 0
-151 -168 13 0
-154 -164 9 0
-151 -164 11 0
-151 -173 13 1
-151 -173 12 1
-190 -157 6 0
-189 -157 8 0
-189 -157 9 0
-192 -158 9 0
-190 -156 6 0
-190 -155 7 0
-190 -155 8 0
-190 -154 9 0
-189 -158 7 0
-192 -157 7 0
-189 -156 7 0
-187 -155 8 0
-191 -159 6 0
-191 -160 7 0
-160 -155 12 0
-160 -155 13 0
-159 -159 11 0
-158 -159 11 0
-158 -160 12 0
-161 -157 10 0
-162 -157 10 0
-162 -157 11 0
-163 -157 12 0
-160 -160 10 0
-161 -160 11 0
-193 -161 5 0
-189 -155 5 1
-189 -154 5 1
-189 -153 5 1
-188 -155 5 1
-188 -154 5 1
-187 -155 5 1
-187 -154 5 1
-191 -160 4 0
-191 -161 4 0
-189 -157 4 0
-188 -157 4 1
-186 -158 3 1
-194 -160 3 0
-187 -156 2 1
-186 -156 2 1
-186 -155 2 1
-186 -154 2 1
-185 -156 0 1
-185 -156 1 2
-185 -156 2 1
-185 -155 0 1
-185 -155 1 1
-185 -155 2 1
-185 -154 0 1
-185 -154 1 1
-185 -154 2 1
-189 -156 3 0
-188 -156 3 1
-188 -156 2 1
-187 -159 -1 1
-187 -159 0 1
-187 -159 1 1
-187 -158 -1 1
-187 -158 0 1
-187 -158 1 2
-187 -157 -1 1
-187 -157 0 1
-187 -157 1 1
-151 -173 11 1
-178 -153 5 1
-189 -151 5 0
-159 -160 7 1
-192 -151 2 1
-192 -151 3 1
-153 -162 7 1
-153 -160 5 1
-153 -161 5 2
-180 -156 4 1
-154 -160 6 2
-154 -160 5 1
-154 -161 5 1
-154 -162 5 1
-154 -161 6 2
-153 -162 9 0
-151 -161 7 0
-154 -163 9 0
-188 -152 3 1
-179 -155 7 0
-167 -158 4 2
-179 -155 6 1
-173 -155 3 1
-187 -152 2 1
-168 -154 5 1
-187 -152 4 1
-181 -155 7 0
-181 -152 7 0
-179 -152 7 0
-179 -152 6 0
-179 -153 6 0
-178 -154 7 0
-179 -154 7 0
-186 -152 3 2
-162 -159 4 2
-180 -154 6 1
-171 -156 3 1
-159 -160 8 0
-173 -157 6 1
-172 -155 5 1
-171 -157 3 1
-171 -157 4 1
-171 -157 5 1
-187 -151 2 1
-187 -151 3 1
-187 -151 4 1
-154 -157 10 0
-167 -155 6 1
-167 -154 4 1
-167 -154 5 1
-167 -154 6 1
-168 -156 4 2
-164 -159 5 1
-159 -160 3 1
-186 -152 2 1
-155 -162 8 1
-155 -162 9 0
-169 -155 6 1
-158 -163 7 2
-158 -163 8 1
-175 -157 5 2
-175 -157 4 2
-155 -159 8 1
-154 -161 7 2
-154 -161 9 0
-183 -153 8 0
-153 -160 9 0
-153 -152 9 0
-172 -157 5 1
-172 -156 3 1
-164 -160 8 0
-172 -155 3 1
-154 -152 9 0
-152 -159 5 1
-152 -158 5 1
-151 -159 5 1
-153 -157 8 1
-177 -155 3 1
-152 -157 6 1
-177 -154 4 2
-177 -154 5 1
-169 -159 7 0
-156 -153 8 1
-184 -151 3 1
-170 -158 3 1
-179 -156 7 0
-168 -158 7 0
-171 -155 3 1
-171 -155 4 2
-164 -158 7 1
-162 -159 9 0
-155 -157 9 0
-156 -155 9 0
-153 -156 9 0
-154 -155 10 0
-157 -162 6 1
-151 -162 8 0
-158 -155 8 1
-158 -155 7 1
-158 -155 6 1
-160 -160 8 0
-153 -153 7 1
-154 -153 6 2
-155 -153 7 1
-161 -161 7 0
-154 -154 8 1
-162 -161 3 1
-162 -161 4 2
-162 -161 5 1
-158 -159 5 1
-158 -160 7 1
-184 -151 6 0
-184 -153 5 1
-160 -161 4 2
-171 -155 6 0
-191 -152 7 0
-151 -158 7 1
-191 -152 5 1
-160 -156 8 1
-152 -162 6 1
-163 -158 4 2
-167 -156 7 0
-151 -165 5 1
-156 -157 5 1
-169 -158 3 1
-153 -157 5 1
-170 -158 5 1
-155 -157 7 2
-155 -157 5 1
-167 -155 4 1
-152 -153 9 0
-168 -159 5 1
-167 -159 4 1
-156 -154 8 1
-155 -157 8 1
-160 -159 6 1
-168 -157 4 2
-168 -157 3 1
-168 -158 4 2
-159 -164 8 1
-164 -157 6 2
-164 -157 8 0
-164 -157 7 1
-163 -158 6 1
-164 -158 6 1
-164 -158 8 0
-174 -156 3 1
-173 -155 7 0
-174 -157 7 0
-183 -154 3 1
-183 -154 4 1
-182 -154 3 1
-182 -154 5 1
-183 -153 3 1
-184 -151 4 1
-155 -160 7 1
-155 -159 7 2
-156 -160 8 1
-156 -159 9 0
-165 -157 8 0
-165 -156 7 1
-157 -162 9 0
-185 -152 2 1
-157 -160 8 1
-157 -158 7 2
-157 -159 8 1
-155 -154 6 2
-185 -152 3 1
-168 -162 9 1
-167 -163 9 1
-166 -163 9 0
-171 -166 7 1
-171 -166 8 1
-171 -166 9 1
-170 -166 7 1
-170 -166 8 1
-170 -166 9 1
-169 -166 7 1
-169 -166 8 2
-169 -166 9 1
-169 -165 7 1
-169 -165 8 1
-169 -165 9 1
-169 -164 7 1
-169 -164 8 1
-169 -164 9 1
-170 -162 8 1
-169 -164 6 1
-169 -163 8 2
-169 -162 8 1
-168 -164 6 1
-168 -164 7 1
-168 -164 8 2
-168 -163 8 1
-167 -164 6 1
-167 -164 7 1
-167 -164 8 1
-167 -163 6 1
-167 -163 7 2
-167 -163 8 1
-167 -162 6 1
-171 -158 6 0
-169 -160 7 0
-171 -160 6 1
-153 -163 13 0
-153 -164 13 0
-151 -169 12 1
-151 -171 14 1
-151 -172 14 1
-152 -172 14 1
-153 -172 14 1
-153 -172 13 1
-154 -167 14 0
-151 -165 15 0
-151 -165 14 0
-151 -166 13 0
-153 -169 15 0
-152 -168 14 0
-152 -168 13 0
-151 -167 12 0
-182 -157 9 0
-182 -158 10 0
-181 -161 5 0
-182 -160 2 2
-151 -169 11 1
-151 -171 13 2
-151 -172 13 1
-151 -165 12 0
-151 -165 11 0
-156 -169 13 0
-154 -163 13 0
-152 -170 14 1
-152 -170 13 1
-152 -171 14 1
-152 -171 13 2
-153 -169 14 1
-153 -170 14 1
-153 -171 14 1
-154 -169 14 1
-154 -170 14 1
-154 -171 14 1
-155 -167 14 0
-154 -167 13 0
-151 -172 9 1
-151 -172 8 1
-151 -172 7 1
-152 -172 9 1
-156 -171 11 0
-151 -167 11 1
-157 -165 12 0
-151 -170 12 1
-151 -170 11 2
-151 -171 12 2
-151 -171 11 2
-151 -172 12 1
-151 -172 11 1
-151 -172 10 1
-152 -172 12 1
-152 -172 11 1
-152 -172 10 1
-153 -172 12 1
-153 -172 11 1
-153 -172 10 1
-151 -163 12 0
-151 -164 12 0
-152 -165 11 0
-157 -169 12 0
-155 -163 13 0
-154 -164 13 0
-153 -170 13 2
-153 -171 13 1
-154 -170 13 1
-154 -171 13 1
-155 -169 13 1
-155 -169 12 1
-155 -170 13 1
-155 -171 12 1
-151 -166 12 0
-156 -167 13 0
-155 -167 13 0
-200 -155 5 0
-151 -170 14 1
-151 -169 14 0
-152 -168 12 0
-153 -164 15 0
-153 -165 14 0
-153 -166 12 0
-154 -169 15 0
-154 -168 14 0
-154 -168 13 0
-152 -167 14 0
-152 -167 13 0
-152 -167 12 0
-151 -170 7 1
-151 -171 7 1
-152 -171 7 1
-151 -167 10 2
-152 -166 9 1
-152 -167 10 1
-153 -171 8 1
-154 -171 8 1
-154 -162 10 0
-157 -171 11 0
-151 -166 11 1
-152 -163 12 0
-152 -164 11 0
-158 -169 12 0
-156 -168 11 0
-152 -166 12 0
-152 -166 11 1
-152 -169 13 1
-153 -164 14 0
-153 -165 13 0
-155 -168 15 0
-155 -168 14 0
-152 -167 15 0
-153 -167 12 0
-151 -167 5 1
-151 -168 5 1
-151 -169 7 1
-151 -169 6 1
-151 -169 5 1
-152 -169 5 1
-159 -158 12 0
-159 -158 13 0
-157 -155 11 0
-157 -154 13 0
-157 -158 10 0
-156 -158 11 0
-156 -159 12 0
-155 -159 12 0
-159 -157 10 0
-159 -157 11 0
-160 -156 11 0
-161 -156 12 0
-154 -155 12 0
-158 -158 9 0
-158 -159 10 0
-158 -160 11 0
-158 -161 11 0
-158 -155 10 0
-159 -154 11 0
-159 -153 11 0
-159 -158 9 0
-160 -158 10 0
-161 -158 10 0
-162 -159 10 0
-156 -171 7 1
-159 -156 9 0
-160 -155 9 0
-161 -155 9 0
-162 -154 10 0
-159 -159 9 0
-160 -160 9 0
-160 -161 9 0
-158 -154 9 0
-158 -153 9 0
-158 -152 9 0
-159 -155 8 0
-160 -154 7 0
-160 -153 7 0
-158 -153 6 1
-158 -153 8 1
-159 -157 5 1
-159 -157 4 0
-156 -171 6 1
-156 -171 5 1
-152 -166 8 1
-152 -167 9 1
-153 -167 9 0
-154 -172 9 0
-151 -163 9 0
-151 -164 9 0
-152 -165 9 0
-153 -168 10 0
-151 -168 10 2
-152 -168 10 1
-152 -168 9 1
-155 -162 10 0
-157 -171 10 0
-153 -166 10 0
-152 -169 12 1
-152 -169 11 1
-152 -170 12 1
-152 -170 11 2
-152 -171 12 1
-161 -160 9 0
-171 -155 5 1
-162 -158 6 1
-169 -156 3 1
-155 -156 8 1
-160 -160 3 1
-160 -161 5 1
-155 -163 8 1
-155 -163 7 1
-181 -151 6 0
-190 -151 3 1
-190 -151 2 1
-161 -161 4 2
-161 -161 3 1
-163 -160 5 1
-183 -152 5 1
-163 -160 3 1
-187 -153 2 1
-157 -164 7 1
-167 -157 4 2
-183 -151 3 1
-152 -171 11 2
-153 -169 12 1
-153 -170 12 1
-153 -171 12 1
-154 -169 12 1
-154 -170 12 2
-154 -171 12 1
-154 -166 12 0
-154 -166 11 0
-151 -166 8 1
-151 -166 7 1
-151 -166 6 2
-151 -167 8 1
-151 -167 7 1
-151 -167 6 1
-151 -168 8 1
-151 -168 7 1
-151 -168 6 2
-153 -168 9 1
-158 -170 9 0
-157 -169 9 0
-153 -166 9 0
-154 -171 10 1
-154 -170 10 2
-155 -168 10 0
-153 -162 11 0
-154 -163 10 0
-151 -168 11 1
-152 -167 11 1
-157 -163 9 0
-160 -170 9 0
-152 -165 10 0
-154 -165 9 0
-155 -166 9 0
-155 -171 10 1
-156 -169 10 0
-155 -162 11 0
-155 -163 10 0
-160 -167 11 0
-153 -167 11 0
-154 -167 10 0
-156 -166 9 0
-158 -163 11 0
-158 -170 12 0
-158 -169 11 0
-155 -165 11 0
-155 -168 13 0
-155 -168 12 0
-156 -167 10 0
-157 -165 11 0
-158 -167 13 0
-156 -166 13 0
-156 -166 12 0
-156 -166 11 0
-155 -167 7 1
-155 -167 6 2
-155 -167 5 1
-156 -165 8 0
-154 -164 5 1
-154 -165 5 1
-154 -166 6 2
-154 -166 5 1
-155 -166 6 2
-155 -166 5 1
-157 -167 8 0
-155 -168 7 1
-155 -168 6 2
-155 -168 5 1
-155 -169 7 1
-155 -169 6 2
-155 -169 5 1
-155 -170 7 1
-155 -170 6 2
-155 -170 5 1
-159 -169 9 1
-153 -166 7 1
-154 -166 8 0
-158 -171 8 0
-158 -170 8 0
-156 -164 8 0
-156 -164 9 0
-154 -169 9 1
-158 -162 9 0
-158 -163 9 0
-160 -169 9 1
-153 -165 10 0
-154 -165 10 0
-155 -165 9 0
-156 -170 10 0
-157 -168 10 0
-172 -153 0 2
-173 -154 -1 1
-173 -154 0 1
-173 -154 1 1
-173 -153 -1 1
-173 -153 0 1
-172 -154 -1 1
-172 -154 0 1
-172 -154 1 1
-172 -153 -1 1
-172 -153 1 1
-172 -152 -1 1
-172 -152 0 1
-172 -152 1 1
-171 -154 -1 1
-171 -154 0 1
-171 -154 1 1
-171 -153 -1 1
-171 -153 0 1
-171 -153 1 1
-171 -152 -1 1
-171 -152 0 1
-171 -152 1 1
-177 -153 1 2
-177 -152 1 1
-192 -156 5 0
-192 -156 6 0
-192 -156 7 0
-194 -157 6 0
-194 -157 7 0
-194 -157 8 0
-193 -153 8 0
-191 -158 6 0
-191 -159 7 0
-196 -155 7 0
-191 -155 5 0
-190 -154 7 0
-193 -158 5 0
-194 -160 6 0
-195 -152 6 0
-191 -157 4 0
-189 -158 6 0
-192 -154 4 0
-191 -153 5 1
-192 -158 4 0
-192 -159 4 0
-191 -156 4 0
-188 -155 4 1
-195 -159 4 0
-193 -154 3 0
-191 -157 3 0
-189 -159 3 0
-191 -154 3 1
-190 -153 3 1
-189 -153 3 1
-193 -159 3 0
-193 -160 2 1
-193 -161 2 1
-191 -156 3 0
-189 -157 2 0
-188 -157 2 1
-192 -152 1 1
-190 -161 -1 1
-190 -161 0 1
-190 -161 1 1
-190 -160 -1 1
-190 -160 0 1
-190 -160 1 2
-190 -159 -1 1
-190 -159 0 1
-190 -159 1 2
-188 -155 -1 1
-188 -155 0 2
-188 -155 1 1
-188 -154 -1 1
-188 -154 0 1
-188 -154 1 1
-188 -153 -1 1
-188 -153 0 1
-188 -153 1 1
-193 -152 -1 1
-193 -152 0 1
-190 -158 -1 1
-190 -158 0 2
-190 -158 1 1
-190 -157 -1 1
-151 -151 13 0
-190 -156 -1 1
-190 -156 0 2
-190 -156 1 1
-192 -157 2 0
-156 -161 11 0
-156 -162 10 0
-156 -163 10 0
-155 -167 10 0
-157 -166 9 0
-159 -170 12 0
-151 -153 11 0
-152 -153 11 0
-158 -168 11 0
-154 -164 12 0
-156 -165 11 0
-156 -166 6 2
-156 -166 5 1
-156 -167 7 1
-156 -167 6 2
-156 -167 5 1
-160 -168 5 1
-160 -169 5 1
-157 -165 8 1
-155 -164 5 1
-155 -165 7 1
-155 -165 6 2
-155 -165 5 1
-156 -168 7 1
-156 -168 6 2
-156 -168 5 1
-156 -169 7 1
-156 -169 6 2
-156 -169 5 1
-156 -170 7 1
-156 -170 6 1
-156 -170 5 1
-154 -166 7 1
-155 -166 8 0
-159 -170 8 0
-157 -164 9 0
-155 -169 9 1
-155 -168 9 0
-156 -167 9 0
-159 -162 9 0
-159 -163 9 0
-161 -170 9 0
-154 -164 10 0
-155 -165 10 0
-156 -165 9 0
-157 -170 10 0
-157 -169 10 0
-158 -168 10 0
-157 -163 10 0
-158 -164 10 0
-154 -167 11 0
-156 -166 10 0
-158 -166 9 0
-160 -169 12 0
-159 -169 11 0
-159 -168 11 0
-159 -167 10 0
-155 -164 12 0
-156 -164 12 0
-157 -164 11 0
-157 -165 10 0
-162 -165 13 0
-157 -168 13 0
-157 -168 12 0
-157 -167 11 0
-158 -167 10 0
-158 -163 13 0
-159 -166 12 0
-159 -166 11 0
-157 -166 14 0
-158 -166 13 0
-158 -166 12 0
-160 -167 4 1
-157 -166 7 1
-157 -166 6 2
-157 -166 5 1
-157 -167 7 1
-157 -167 6 2
-157 -167 5 1
-161 -168 6 1
-156 -164 7 1
-156 -164 6 2
-156 -164 5 1
-156 -165 7 1
-156 -165 6 1
-156 -165 5 1
-157 -168 7 1
-157 -168 6 2
-157 -168 5 1
-157 -169 7 1
-157 -169 6 2
-157 -169 5 1
-157 -170 7 1
-157 -170 6 1
-157 -170 5 1
-158 -168 5 1
-158 -169 5 1
-158 -170 7 1
-158 -170 6 1
-158 -170 5 1
-159 -168 5 1
-176 -155 5 1
-166 -159 3 1
-157 -160 9 0
-177 -155 6 0
-191 -151 4 1
-191 -151 3 1
-191 -151 2 1
-183 -153 5 1
-183 -153 4 2
-151 -159 8 1
-151 -159 7 1
-151 -159 6 1
-155 -164 6 2
-151 -160 8 1
-151 -160 7 1
-151 -160 6 1
-151 -162 5 1
-152 -158 8 1
-152 -158 7 1
-152 -158 6 1
-152 -159 8 1
-163 -157 6 2
-156 -157 7 1
-161 -157 7 1
-159 -169 5 1
-192 -151 4 1
-158 -162 8 1
-162 -159 5 1
-175 -156 5 1
-159 -163 7 1
-151 -158 8 1
-158 -154 8 1
-176 -155 8 0
-161 -156 6 2
-159 -170 7 1
-159 -170 6 1
-159 -170 5 1
-155 -166 7 1
-156 -166 8 0
-158 -166 8 1
-160 -170 8 0
-156 -169 9 0
-156 -168 9 0
-157 -167 9 0
-160 -162 9 0
-155 -164 10 0
-156 -165 10 0
-157 -165 9 0
-158 -165 9 0
-158 -170 10 0
-158 -169 10 0
-159 -168 10 0
-155 -167 11 0
-157 -166 10 0
-161 -162 11 0
-161 -169 12 0
-160 -168 11 0
-156 -163 12 0
-157 -164 12 0
-158 -164 11 0
-158 -165 10 0
-162 -165 12 0
-158 -168 13 0
-158 -167 12 0
-158 -167 11 0
-159 -163 13 0
-161 -167 13 0
-160 -166 12 0
-158 -165 14 0
-158 -165 13 0
-159 -165 12 0
-164 -160 3 1
-162 -157 9 0
-161 -157 12 0
-161 -157 13 0
-163 -158 10 0
-163 -158 11 0
-163 -159 12 0
-163 -159 13 0
-162 -156 10 0
-162 -156 11 0
-162 -155 12 0
-161 -159 11 0
-160 -160 12 0
-163 -157 9 0
-164 -157 10 0
-165 -157 11 0
-165 -157 12 0
-159 -155 12 0
-163 -160 10 0
-163 -160 11 0
-158 -168 7 1
-158 -168 6 2
-158 -169 8 1
-158 -169 7 1
-158 -169 6 2
-159 -168 6 2
-159 -169 8 1
-159 -169 7 1
-159 -169 6 1
-160 -168 6 1
-160 -169 8 1
-160 -169 7 1
-160 -169 6 1
-160 -163 8 1
-156 -166 7 1
-157 -166 8 0
-161 -170 8 0
-157 -168 9 0
-161 -162 9 0
-156 -164 10 0
-159 -165 9 0
-159 -170 10 0
-159 -169 10 0
-159 -161 11 0
-165 -167 11 0
-156 -167 11 0
-158 -166 10 0
-161 -168 11 0
-161 -167 11 0
-157 -163 12 0
-159 -164 11 0
-159 -164 10 0
-164 -164 13 0
-159 -168 13 0
-159 -167 12 0
-159 -167 11 0
-160 -166 10 0
-160 -162 13 0
-160 -169 10 0
-160 -168 10 0
-160 -167 10 0
-161 -167 9 1
-160 -161 10 0
-165 -166 11 0
-157 -166 11 0
-159 -166 10 0
-162 -169 12 0
-162 -168 11 0
-162 -167 11 0
-162 -166 10 0
-158 -163 12 0
-159 -163 12 0
-159 -163 11 0
-160 -164 10 0
-159 -167 13 0
-160 -167 12 0
-160 -166 11 0
-161 -166 10 0
-161 -162 13 0
-161 -163 12 0
-161 -163 11 0
-161 -164 10 0
-163 -166 13 0
-160 -165 14 0
-160 -165 13 0
-161 -165 12 0
-161 -165 11 0
-161 -163 6 1
-161 -163 5 1
-161 -164 7 1
-163 -164 4 1
-163 -165 4 1
-163 -166 5 1
-163 -166 4 1
-164 -164 4 1
-164 -165 4 1
-173 -160 13 0
-172 -157 11 0
-172 -157 12 0
-171 -160 10 0
-171 -160 11 0
-159 -164 4 1
-159 -165 6 2
-159 -165 5 1
-159 -165 4 1
-159 -166 6 2
-159 -166 5 1
-159 -166 4 1
-163 -166 9 1
-160 -163 6 1
-160 -163 7 1
-160 -165 7 1
-160 -166 8 1
-160 -166 7 1
-160 -167 8 2
-160 -167 7 2
-160 -167 6 1
-162 -162 8 1
-158 -165 7 1
-159 -165 8 1
-160 -165 8 1
-162 -167 9 1
-162 -168 9 1
-162 -168 8 2
-162 -168 7 1
-162 -169 9 1
-162 -169 8 1
-162 -169 7 1
-160 -162 8 1
-159 -167 9 1
-161 -165 9 1
-158 -163 10 0
-159 -164 9 0
-160 -164 9 0
-161 -164 9 0
-161 -169 10 0
-161 -168 10 0
-161 -167 10 0
-160 -160 11 0
-167 -166 11 0
-158 -166 11 0
-160 -165 10 0
-162 -164 9 1
-163 -168 12 0
-163 -167 11 0
-159 -162 12 0
-160 -163 12 0
-160 -163 11 0
-161 -163 10 0
-160 -167 13 0
-161 -166 12 0
-161 -166 11 0
-162 -165 10 0
-162 -162 13 0
-162 -162 12 0
-162 -163 11 0
-164 -166 13 0
-163 -165 11 0
-161 -164 14 0
-161 -164 13 0
-162 -164 12 0
-165 -163 3 1
-165 -164 4 1
-165 -164 3 1
-165 -165 5 1
-165 -165 4 1
-165 -165 3 1
-166 -165 5 1
-166 -165 4 1
-166 -165 3 1
-167 -165 5 1
-167 -165 4 1
-167 -165 3 1
-160 -164 6 1
-160 -164 5 1
-160 -164 4 1
-160 -165 6 2
-160 -165 5 2
-160 -165 4 1
-160 -166 6 2
-160 -166 5 1
-160 -166 4 1
-161 -164 6 2
-161 -164 5 1
-161 -164 4 1
-161 -165 4 1
-161 -166 5 2
-161 -166 4 1
-162 -164 4 1
-162 -165 4 1
-162 -166 5 2
-162 -166 4 1
-161 -165 5 2
-160 -162 6 1
-161 -162 6 1
-161 -165 8 1
-161 -165 7 1
-161 -165 6 1
-161 -166 8 2
-170 -161 12 0
-175 -158 12 0
-170 -157 10 0
-172 -160 10 0
-173 -162 11 0
-173 -163 11 0
-173 -156 11 0
-175 -160 10 0
-176 -160 11 0
-171 -161 9 1
-171 -162 10 0
-175 -163 9 0
-171 -159 8 0
-168 -162 8 1
-173 -164 9 1
-173 -163 9 1
-173 -162 9 1
-172 -164 9 1
-172 -163 9 1
-172 -162 9 1
-171 -164 7 1
-171 -164 8 2
-171 -164 9 1
-171 -163 7 1
-165 -169 8 1
-165 -169 7 1
-160 -167 9 1
-160 -166 9 1
-165 -165 9 1
-159 -163 10 0
-160 -163 10 0
-161 -163 9 0
-162 -163 9 0
-162 -168 10 0
-162 -167 10 0
-163 -166 10 0
-162 -160 10 0
-163 -163 9 0
-159 -165 11 0
-160 -165 11 0
-161 -165 10 0
-165 -160 12 0
-165 -167 12 0
-164 -167 11 0
-164 -166 11 0
-164 -165 10 0
-160 -162 12 0
-161 -162 12 0
-162 -162 11 0
-162 -163 10 0
-162 -166 13 0
-162 -166 12 0
-162 -165 11 0
-169 -165 10 0
-169 -164 10 0
-169 -163 10 0
-169 -162 9 1
-172 -161 10 0
-168 -161 10 0
-171 -164 12 0
-171 -163 11 0
-170 -161 10 0
-168 -159 11 0
-173 -159 12 0
-168 -162 13 0
-169 -162 12 0
-169 -161 11 0
-169 -161 10 0
-170 -157 13 0
-170 -158 12 0
-170 -158 11 0
-172 -161 13 0
-171 -161 11 0
-183 -158 3 1
-183 -158 4 2
-183 -158 5 1
-183 -157 3 2
-183 -157 4 1
-183 -157 5 1
-188 -158 4 0
-186 -155 3 2
-186 -155 4 1
-185 -159 0 1
-185 -159 1 1
-185 -159 2 1
-185 -158 0 1
-185 -158 1 2
-185 -158 2 1
-185 -157 0 1
-185 -157 1 2
-185 -157 2 1
-169 -160 14 0
-169 -160 13 0
-169 -160 12 0
-170 -160 11 0
-172 -161 3 1
-170 -162 3 1
-187 -157 7 0
-187 -157 8 0
-187 -157 9 0
-186 -157 10 0
-189 -158 9 0
-189 -158 10 0
-187 -155 9 0
-187 -154 10 0
-187 -158 7 0
-186 -158 8 0
-186 -159 9 0
-190 -156 8 0
-191 -156 9 0
-187 -156 6 0
-186 -156 7 0
-185 -155 8 0
-184 -155 9 0
-188 -159 7 0
-188 -160 8 0
-189 -161 8 0
-189 -154 8 0
-186 -157 6 0
-184 -158 7 0
-183 -158 8 0
-192 -159 7 0
-187 -155 6 0
-187 -159 6 0
-187 -160 6 0
-186 -161 7 0
-183 -156 6 1
-190 -160 6 0
-190 -161 6 0
-184 -160 5 1
-185 -154 5 1
-188 -162 4 0
-182 -159 3 1
-182 -159 4 1
-182 -159 5 1
-182 -158 3 1
-182 -158 4 1
-182 -158 5 1
-182 -157 3 2
-182 -157 4 1
-182 -157 5 1
-186 -154 3 1
-186 -154 4 1
-185 -160 3 1
-185 -160 4 1
-185 -155 3 1
-185 -155 4 2
-185 -155 5 1
-184 -159 0 1
-184 -159 1 1
-184 -159 2 1
-184 -158 0 1
-184 -158 1 1
-184 -158 2 1
-184 -157 0 1
-184 -157 1 1
-184 -157 2 1
-172 -161 7 1
-168 -161 6 1
-168 -162 7 1
-168 -162 6 1
-168 -163 7 2
-168 -163 6 1
-168 -163 5 1
-186 -157 7 0
-186 -157 8 0
-186 -157 9 0
-185 -157 10 0
-188 -158 8 0
-188 -158 9 0
-188 -158 10 0
-186 -155 9 0
-186 -154 10 0
-185 -158 8 0
-185 -159 9 0
-185 -159 10 0
-189 -156 8 0
-190 -156 9 0
-185 -156 7 0
-185 -156 8 0
-184 -155 8 0
-183 -155 9 0
-187 -159 7 0
-187 -160 8 0
-188 -161 9 0
-187 -155 7 0
-188 -154 7 0
-188 -154 8 0
-189 -153 8 0
-185 -157 7 0
-183 -158 7 0
-182 -158 8 0
-191 -158 8 0
-186 -155 6 0
-185 -154 7 0
-185 -152 7 0
-186 -158 6 0
-186 -159 6 0
-185 -160 7 0
-185 -161 7 0
-182 -156 6 1
-185 -158 6 0
-184 -159 6 0
-183 -160 5 1
-184 -155 5 1
-187 -162 5 0
-191 -152 3 1
-191 -152 4 1
-190 -152 3 1
-190 -152 4 1
-190 -159 4 0
-185 -154 3 1
-185 -154 4 1
-184 -160 3 1
-184 -160 4 1
-184 -155 3 1
-183 -155 2 2
-184 -156 3 1
-184 -156 4 1
-184 -156 5 1
-174 -161 7 0
-173 -161 7 1
-166 -160 7 0
-168 -160 8 0
-169 -160 8 0
-170 -163 9 1
-170 -163 8 2
-185 -157 8 0
-185 -157 9 0
-184 -157 10 0
-184 -157 11 0
-187 -158 9 0
-187 -158 10 0
-185 -154 9 0
-185 -154 10 0
-170 -164 9 1
-170 -164 8 1
-170 -164 7 1
-170 -165 9 1
-170 -165 8 2
-170 -165 7 1
-171 -165 9 1
-171 -165 8 1
-171 -165 7 1
-172 -165 9 1
-172 -165 8 1
-172 -165 7 1
-170 -158 8 0
-167 -162 8 1
-174 -163 9 0
-170 -164 10 0
-170 -163 10 0
-170 -162 9 1
-174 -161 10 0
-170 -160 9 0
-172 -163 12 0
-172 -162 11 0
-171 -161 10 0
-169 -158 11 0
-169 -162 13 0
-170 -161 11 0
-170 -160 10 0
-173 -161 13 0
-170 -159 13 0
-170 -159 12 0
-173 -159 6 0
-169 -161 7 1
-169 -161 6 1
-169 -162 7 1
-169 -162 6 2
-169 -163 7 1
-169 -163 6 1
-169 -163 5 1
-170 -161 7 1
-170 -162 7 2
-170 -163 7 1
-171 -161 7 1
-172 -161 8 1
-171 -162 9 1
-171 -162 8 2
-171 -162 7 2
-171 -163 9 1
-171 -163 8 1
-165 -169 9 1
-164 -169 7 1
-164 -169 8 1
-164 -169 9 1
-163 -169 7 1
-163 -169 8 1
-163 -169 9 1
-163 -168 7 1
-163 -168 8 2
-163 -168 9 1
-163 -167 7 1
-163 -167 8 2
-163 -167 9 1
-161 -164 8 1
-160 -164 8 1
-163 -167 6 1
-162 -167 6 1
-162 -167 7 1
-162 -167 8 2
-161 -167 6 1
-161 -167 7 1
-161 -167 8 2
-161 -166 6 1
-161 -166 7 2
-184 -156 8 0
-184 -156 9 0
-183 -156 10 0
-183 -156 11 0
-186 -158 9 0
-186 -158 10 0
-184 -154 9 0
-184 -154 10 0
-183 -158 9 0
-182 -159 10 0
-186 -156 8 0
-187 -156 9 0
-183 -156 7 0
-182 -155 8 0
-181 -154 9 0
-185 -159 8 0
-185 -160 8 0
-185 -160 9 0
-185 -155 7 0
-186 -153 8 0
-182 -157 7 0
-180 -158 8 0
-184 -155 7 0
-182 -152 8 0
-183 -159 7 0
-183 -160 7 0
-183 -161 7 0
-184 -155 6 1
-185 -154 6 0
-183 -158 6 0
-182 -158 6 1
-181 -159 6 1
-185 -161 5 0
-179 -157 4 2
-180 -158 3 1
-180 -158 4 1
-180 -158 5 1
-180 -157 3 1
-180 -157 4 2
-180 -157 5 1
-180 -156 3 1
-179 -158 3 1
-179 -158 4 1
-179 -158 5 1
-179 -157 3 1
-179 -157 5 1
-178 -158 3 1
-178 -158 4 1
-178 -158 5 1
-178 -157 3 1
-178 -157 4 2
-178 -157 5 1
-182 -160 3 1
-183 -157 6 1
-182 -157 6 1
-183 -156 2 1
-182 -156 2 1
-184 -154 0 1
-184 -154 1 1
-184 -154 2 1
-183 -156 0 1
-183 -156 1 1
-183 -155 0 1
-183 -155 1 1
-183 -154 0 1
-183 -154 1 1
-183 -154 2 1
-175 -159 13 0
-174 -156 11 0
-174 -156 12 0
-173 -159 10 0
-172 -160 11 0
-172 -160 12 0
-174 -160 10 0
-175 -161 11 0
-183 -156 8 0
-183 -156 9 0
-182 -156 10 0
-182 -156 11 0
-184 -157 8 0
-184 -157 9 0
-185 -158 10 0
-183 -154 9 0
-183 -154 10 0
-182 -158 9 0
-181 -159 10 0
-186 -156 9 0
-182 -156 7 0
-181 -155 8 0
-181 -155 9 0
-180 -154 9 0
-184 -159 8 0
-184 -160 9 0
-185 -153 8 0
-185 -153 9 0
-181 -157 7 0
-179 -158 8 0
-181 -152 8 0
-182 -159 7 0
-182 -160 7 0
-182 -161 7 0
-185 -159 6 0
-186 -160 6 0
-180 -159 6 2
-181 -160 5 1
-181 -160 7 1
-181 -159 5 1
-181 -159 7 1
-181 -158 5 1
-181 -158 6 1
-181 -158 7 1
-180 -160 5 1
-180 -160 6 1
-180 -160 7 1
-180 -159 5 1
-180 -159 7 1
-180 -158 6 1
-180 -158 7 1
-179 -160 5 1
-159 -164 5 1
-165 -166 4 1
-165 -166 5 1
-164 -166 4 1
-164 -166 5 1
-172 -158 12 0
-171 -158 13 0
-174 -159 11 0
-174 -159 12 0
-174 -160 13 0
-171 -160 12 0
-171 -161 12 0
-175 -158 11 0
-170 -157 11 0
-170 -156 12 0
-173 -160 10 0
-173 -161 10 0
-174 -161 11 0
-174 -162 11 0
-171 -159 9 0
-175 -159 10 0
-172 -161 9 1
-171 -163 10 0
-176 -162 9 0
-170 -160 8 0
-169 -161 8 1
-172 -158 8 0
-173 -163 7 2
-174 -164 6 1
-174 -164 7 1
-174 -164 8 1
-174 -163 6 1
-174 -163 8 1
-174 -162 8 1
-173 -164 6 1
-173 -164 7 1
-173 -164 8 1
-173 -163 6 1
-173 -163 8 1
-173 -162 7 1
-173 -162 8 1
-172 -164 6 1
-172 -164 7 1
-172 -164 8 1
-172 -163 7 1
-172 -163 8 2
-172 -162 7 1
-172 -162 8 1
-173 -160 8 0
-173 -161 8 0
-176 -160 7 0
-176 -161 6 0
-175 -163 3 1
-175 -163 4 1
-175 -163 5 1
-175 -162 3 1
-175 -162 4 1
-175 -162 5 1
-175 -161 3 1
-175 -161 4 1
-174 -163 3 1
-174 -163 4 1
-174 -163 5 1
-174 -162 3 1
-174 -161 3 1
-173 -163 3 1
-173 -163 4 1
-173 -163 5 1
-173 -162 3 1
-173 -161 3 1
-176 -160 3 1
-175 -160 3 1
-175 -160 4 1
-174 -160 3 1
-173 -160 11 0
-171 -159 13 0
-171 -159 12 0
-174 -159 6 0
-175 -161 5 1
-175 -160 6 0
-172 -160 7 0
-170 -161 6 1
-170 -162 6 2
-170 -162 5 1
-170 -162 4 2
-170 -163 6 1
-170 -163 5 1
-195 -155 4 0
-194 -155 4 0
-193 -154 6 0
-197 -158 4 0
-197 -159 5 0
-197 -160 5 0
-198 -152 5 0
-195 -156 3 0
-193 -157 4 0
-192 -158 5 0
-170 -163 4 1
-195 -154 4 0
-195 -153 4 1
-194 -152 4 1
-196 -158 3 0
-195 -159 3 0
-195 -160 4 0
-195 -161 4 0
-194 -156 3 0
-192 -155 3 0
-191 -155 3 1
-197 -152 3 0
-197 -151 3 0
-195 -157 2 0
-194 -158 2 0
-193 -159 2 1
-192 -159 2 1
-194 -154 2 0
-193 -153 2 1
-196 -160 2 0
-197 -161 1 0
-195 -156 2 0
-194 -156 2 0
-193 -157 1 1
-192 -157 1 1
-196 -154 2 0
-194 -160 0 2
-195 -161 -1 1
-195 -161 0 1
-195 -161 1 1
-194 -161 -1 1
-194 -161 0 1
-194 -161 1 1
-171 -161 6 1
-171 -162 6 1
-171 -162 4 1
-171 -163 6 1
-171 -163 5 1
-171 -163 4 1
-172 -163 6 1
-172 -163 5 1
-172 -163 4 1
-171 -162 5 2
-174 -163 7 1
-174 -162 7 1
-174 -161 8 0
-174 -160 8 0
-170 -161 8 1
-171 -160 8 0
-172 -159 8 0
-177 -162 9 0
-176 -161 9 0
-175 -160 8 0
-175 -159 8 0
-177 -156 9 0
-172 -162 10 0
-173 -161 9 0
-173 -160 9 0
-178 -160 10 0
-176 -159 9 0
-175 -162 11 0
-175 -159 12 0
-174 -158 10 0
-173 -158 13 0
-173 -158 12 0
-173 -158 10 0
-178 -159 3 1
-176 -161 4 0
-175 -158 7 0
-172 -160 6 1
-172 -161 6 1
-172 -161 5 1
-172 -161 4 1
-172 -162 6 2
-172 -162 5 1
-172 -162 4 1
-173 -160 6 1
-173 -161 6 1
-173 -161 4 1
-173 -162 6 1
-173 -162 5 2
-173 -162 4 1
-174 -160 6 1
-174 -160 5 1
-174 -160 4 1
-174 -161 6 1
-174 -161 4 1
-174 -162 6 1
-174 -162 5 1
-174 -162 4 2
-173 -161 5 2
-175 -162 7 0
-175 -161 7 0
-175 -160 7 0
-171 -161 8 1
-172 -160 8 0
-173 -159 8 0
-174 -162 9 0
-174 -161 9 0
-174 -160 9 0
-174 -159 8 0
-174 -158 8 0
-177 -154 11 0
-177 -154 10 0
-176 -161 11 0
-176 -160 10 0
-175 -159 9 0
-178 -157 12 0
-173 -160 12 0
-173 -159 11 0
-174 -159 10 0
-175 -155 11 0
-177 -159 12 0
-176 -158 12 0
-176 -158 11 0
-176 -158 10 0
-174 -157 13 0
-174 -157 12 0
-175 -160 5 1
-175 -159 6 0
-177 -162 6 0
-176 -158 7 0
-173 -160 7 0
-174 -159 7 0
-175 -158 8 0
-177 -160 9 1
-177 -161 9 1
-178 -159 9 1
-166 -157 12 0
-166 -157 13 0
-168 -158 11 0
-168 -158 12 0
-169 -158 13 0
-167 -156 10 0
-167 -155 11 0
-167 -155 12 0
-167 -154 12 0
-166 -159 11 0
-165 -159 12 0
-168 -157 9 0
-168 -156 10 0
-169 -156 10 0
-170 -156 11 0
-171 -156 12 0
-165 -155 11 0
-164 -155 11 0
-168 -160 11 0
-168 -161 11 0
-169 -154 10 0
-169 -153 11 0
-169 -157 9 0
-170 -158 9 0
-170 -158 10 0
-171 -158 10 0
-166 -154 9 0
-166 -153 10 0
-165 -152 10 0
-166 -160 9 0
-166 -161 10 0
-168 -156 8 0
-171 -154 9 0
-169 -159 8 0
-169 -160 9 0
-170 -161 9 1
-167 -155 8 0
-167 -154 8 0
-168 -153 8 0
-168 -152 8 0
-172 -157 8 0
-178 -159 8 1
-164 -153 7 0
-167 -161 7 0
-167 -162 7 1
-168 -155 8 0
-169 -154 7 0
-170 -154 7 0
-170 -153 7 0
-170 -159 7 0
-171 -159 6 0
-166 -153 6 0
-166 -152 6 0
-170 -161 3 1
-170 -161 4 1
-170 -161 5 1
-170 -160 3 1
-170 -160 4 2
-170 -160 5 1
-170 -159 3 1
-170 -159 4 2
-170 -159 5 1
-169 -159 3 1
-169 -159 4 2
-169 -159 5 1
-176 -157 5 1
-174 -152 6 0
-173 -153 5 1
-173 -153 4 2
-173 -152 3 1
-178 -160 9 1
-178 -161 9 1
-179 -159 8 1
-179 -160 8 1
-167 -156 11 0
-167 -156 12 0
-167 -156 13 0
-169 -157 10 0
-169 -157 12 0
-170 -158 13 0
-168 -155 10 0
-168 -155 11 0
-168 -154 12 0
-168 -153 12 0
-166 -159 12 0
-170 -156 10 0
-171 -156 11 0
-172 -156 12 0
-169 -159 11 0
-169 -160 11 0
-170 -153 10 0
-170 -152 11 0
-170 -157 9 0
-171 -157 9 0
-172 -158 10 0
-167 -154 9 0
-167 -153 10 0
-166 -152 10 0
-167 -159 9 0
-167 -160 9 0
-167 -161 10 0
-169 -156 8 0
-171 -155 9 0
-172 -154 9 0
-170 -159 8 0
-170 -159 9 0
-171 -160 9 0
-168 -154 8 0
-169 -153 8 0
-169 -152 8 0
-169 -151 8 0
-170 -156 8 0
-171 -156 8 0
-173 -156 8 0
-178 -152 4 2
-165 -153 7 0
-168 -160 7 0
-168 -161 7 1
-169 -155 8 0
-171 -153 7 0
-171 -152 7 0
-171 -158 7 0
-172 -159 6 0
-167 -153 6 0
-167 -152 6 0
-171 -161 3 1
-171 -161 4 1
-171 -161 5 2
-171 -160 3 1
-171 -160 4 1
-171 -160 5 1
-171 -159 3 1
-171 -159 4 2
-171 -159 5 1
-169 -154 6 1
-169 -154 5 1
-169 -153 4 1
-169 -155 4 1
-169 -155 5 2
-169 -154 4 1
-174 -152 3 1
-174 -152 4 1
-173 -152 4 1
-172 -152 3 1
-179 -161 9 1
-175 -157 8 0
-175 -159 5 1
-175 -159 4 2
-197 -156 3 0
-197 -156 4 0
-197 -156 5 0
-196 -156 6 0
-196 -156 7 0
-198 -157 5 0
-199 -157 6 0
-199 -158 7 0
-197 -154 5 0
-197 -153 6 0
-169 -156 11 0
-168 -156 12 0
-168 -156 13 0
-170 -156 9 0
-171 -157 12 0
-171 -157 13 0
-169 -154 11 0
-169 -153 12 0
-171 -155 10 0
-172 -155 11 0
-173 -155 12 0
-167 -154 11 0
-170 -159 11 0
-170 -154 9 0
-171 -153 10 0
-171 -152 11 0
-171 -156 9 0
-172 -157 9 0
-173 -157 10 0
-174 -157 10 0
-197 -159 3 0
-169 -154 9 0
-168 -153 9 0
-168 -152 10 0
-167 -151 10 0
-168 -159 9 0
-168 -160 10 0
-170 -155 8 0
-173 -154 9 0
-174 -153 9 0
-171 -158 8 0
-172 -159 9 0
-172 -160 9 0
-170 -154 8 0
-170 -153 8 0
-170 -152 8 0
-170 -151 8 0
-166 -152 7 0
-170 -160 7 0
-171 -154 8 0
-172 -153 7 0
-172 -152 7 0
-173 -158 6 1
-169 -152 6 0
-168 -151 6 0
-173 -154 5 1
-172 -160 3 1
-172 -160 4 2
-175 -159 3 1
-195 -152 -1 1
-195 -152 0 1
-195 -152 1 1
-195 -151 -1 1
-195 -151 0 1
-195 -151 1 1
-176 -159 5 1
-176 -159 4 1
-176 -159 3 1
-196 -159 0 2
-197 -160 -1 1
-197 -160 0 1
-197 -160 1 1
-197 -159 -1 1
-197 -159 0 2
-197 -159 1 1
-196 -160 -1 1
-196 -160 0 1
-196 -160 1 1
-196 -159 -1 1
-196 -159 1 1
-195 -160 -1 1
-195 -160 0 1
-195 -160 1 1
-195 -159 -1 1
-195 -159 0 2
-195 -159 1 1
-195 -158 -1 1
-195 -158 0 1
-195 -158 1 1
-194 -156 -1 1
-194 -156 0 1
-194 -156 1 1
-194 -155 -1 1
-194 -155 0 2
-194 -155 1 1
-194 -154 -1 1
-194 -154 0 1
-194 -154 1 1
-195 -157 -1 1
-195 -157 1 1
-177 -159 3 1
-176 -160 4 1
-176 -160 5 1
-174 -160 7 0
-175 -159 7 0
-176 -159 7 0
-177 -158 7 0
-181 -161 8 0
-177 -161 8 1
-177 -160 8 1
-177 -159 8 1
-196 -156 3 0
-196 -156 4 0
-196 -156 5 0
-195 -156 6 0
-195 -156 7 0
-197 -157 5 0
-198 -157 6 0
-198 -157 7 0
-196 -154 6 0
-196 -153 7 0
-195 -158 5 0
-195 -158 6 0
-194 -159 6 0
-178 -158 7 0
-180 -153 10 0
-179 -161 10 0
-179 -160 9 1
-179 -159 9 1
-175 -155 10 0
-177 -156 8 0
-179 -156 9 0
-176 -159 11 0
-177 -159 10 0
-177 -158 9 0
-178 -154 11 0
-178 -156 9 0
-180 -158 12 0
-179 -158 11 0
-179 -158 10 0
-177 -157 12 0
-177 -157 11 0
-177 -157 10 0
-178 -157 9 0
-177 -160 4 0
-178 -159 4 1
-179 -157 6 0
-176 -160 6 0
-176 -159 6 0
-177 -158 6 0
-178 -158 6 0
-164 -155 6 1
-163 -157 4 1
-163 -156 4 1
-163 -155 4 1
-163 -155 5 1
-163 -155 6 1
-162 -157 4 1
-162 -156 4 1
-162 -155 4 1
-162 -155 5 1
-162 -155 6 1
-162 -162 3 1
-162 -162 4 1
-162 -162 5 1
-161 -155 5 1
-161 -154 4 0
-159 -156 4 0
-159 -156 3 0
-184 -154 8 0
-178 -161 8 1
-178 -160 8 2
-178 -153 8 0
-184 -158 9 0
-178 -157 7 0
-181 -153 9 0
-181 -154 8 0
-181 -160 10 0
-180 -160 9 0
-180 -159 8 0
-178 -156 8 0
-182 -156 9 0
-181 -156 8 0
-178 -159 10 0
-178 -158 10 0
-178 -158 9 0
-179 -154 11 0
-179 -154 10 0
-181 -158 11 0
-181 -158 10 0
-180 -157 9 0
-160 -157 11 0
-160 -157 12 0
-160 -157 13 0
-162 -158 11 0
-162 -158 12 0
-162 -159 13 0
-161 -156 10 0
-161 -156 11 0
-161 -155 12 0
-160 -159 11 0
-159 -160 12 0
-163 -157 10 0
-164 -157 11 0
-164 -157 12 0
-159 -156 10 0
-161 -159 9 0
-161 -160 10 0
-162 -160 11 0
-162 -161 11 0
-162 -155 10 0
-163 -154 11 0
-162 -158 9 0
-163 -158 9 0
-165 -159 10 0
-178 -157 11 0
-159 -153 10 0
-159 -162 10 0
-163 -156 9 0
-165 -155 9 0
-162 -160 9 0
-164 -161 9 0
-161 -155 8 0
-161 -154 8 0
-161 -153 8 0
-161 -152 8 0
-166 -158 8 0
-178 -157 10 0
-162 -156 8 0
-163 -155 7 1
-164 -154 7 0
-160 -155 7 1
-160 -154 6 0
-160 -153 6 0
-165 -156 5 2
-165 -156 4 2
-165 -155 4 1
-165 -155 5 1
-165 -155 6 1
-163 -162 3 1
-163 -162 4 1
-163 -162 5 1
-163 -161 3 1
-163 -161 4 2
-163 -161 5 1
-162 -154 4 0
-163 -157 3 1
-162 -157 3 1
-179 -157 9 0
-179 -157 8 0
-181 -160 2 1
-181 -160 1 1
-181 -161 3 1
-181 -161 2 1
-181 -161 1 1
-182 -160 1 1
-182 -161 3 1
-182 -161 2 1
-182 -161 1 1
-183 -161 3 1
-183 -161 1 1
-184 -159 9 0
-183 -159 10 0
-187 -156 8 0
-188 -156 9 0
-189 -156 9 0
-184 -156 7 0
-183 -155 8 0
-182 -155 9 0
-186 -159 8 0
-186 -160 8 0
-186 -160 9 0
-186 -155 7 0
-187 -154 8 0
-187 -153 8 0
-184 -157 6 1
-184 -157 7 0
-183 -157 7 0
-181 -158 8 0
-185 -155 6 0
-184 -159 7 0
-184 -160 7 0
-184 -161 7 0
-181 -156 6 1
-185 -157 6 0
-184 -158 6 0
-183 -159 6 0
-182 -159 6 0
-181 -160 6 1
-181 -157 4 2
-183 -160 3 1
-183 -160 4 1
-183 -156 4 2
-184 -155 4 2
-183 -156 3 1
-183 -156 5 2
-183 -155 3 1
-183 -155 4 2
-182 -156 3 1
-182 -156 4 2
-182 -156 5 1
-182 -155 3 1
-182 -155 4 2
-182 -155 5 1
-187 -160 2 0
-183 -158 1 2
-183 -159 0 1
-183 -159 1 1
-183 -159 2 1
-183 -158 0 1
-183 -158 2 1
-183 -157 0 1
-183 -157 1 1
-183 -157 2 1
-182 -159 0 1
-182 -159 1 1
-182 -159 2 1
-182 -158 0 1
-182 -158 1 1
-182 -158 2 1
-182 -157 0 1
-182 -157 1 1
-182 -157 2 1
-184 -156 0 1
-184 -156 1 1
-184 -156 2 1
-184 -155 0 1
-184 -155 1 2
-184 -155 2 1
-156 -165 12 0
-179 -160 3 0
-179 -159 4 0
-152 -163 11 0
-181 -152 6 0
-183 -160 6 0
-179 -161 8 1
-179 -152 8 0
-177 -158 8 0
-178 -157 8 0
-179 -157 7 0
-183 -153 9 0
-182 -154 8 0
-182 -160 9 0
-182 -159 8 0
-181 -159 8 0
-179 -155 8 0
-184 -156 10 0
-179 -159 10 0
-179 -158 9 0
-180 -157 8 0
-181 -154 10 0
-182 -158 11 0
-156 -170 9 0
-151 -165 9 0
-180 -156 11 0
-180 -156 10 0
-162 -157 12 0
-162 -157 13 0
-164 -158 10 0
-164 -158 11 0
-164 -158 12 0
-165 -159 13 0
-163 -156 10 0
-180 -156 9 0
-180 -156 8 0
-179 -156 2 1
-179 -156 1 1
-179 -157 2 1
-179 -157 1 1
-194 -159 1 1
-193 -161 -1 1
-193 -161 0 1
-193 -161 1 1
-193 -160 -1 1
-193 -160 0 2
-193 -160 1 1
-193 -159 -1 1
-193 -159 0 1
-193 -159 1 1
-193 -155 0 2
-193 -156 -1 1
-193 -156 0 1
-151 -154 12 0
-151 -155 13 0
-151 -155 14 0
-193 -154 -1 1
-193 -154 0 1
-186 -153 5 1
-186 -152 7 0
-186 -152 6 0
-152 -153 12 0
-153 -153 13 0
-153 -159 5 1
-156 -163 5 1
-151 -157 12 0
-177 -156 7 0
-156 -161 9 0
-165 -158 6 1
-189 -151 4 1
-152 -151 10 0
-162 -161 8 0
-166 -154 5 1
-166 -155 6 1
-166 -155 5 2
-157 -157 7 2
-181 -153 6 0
-157 -158 8 1
-157 -158 6 2
-160 -157 7 1
-160 -157 8 1
-163 -159 8 0
-151 -152 10 0
-154 -162 7 1
-154 -151 10 0
-151 -155 9 0
-152 -157 10 0
-152 -158 10 0
-154 -164 7 1
-155 -162 7 1
-178 -153 4 1
-161 -162 7 1
-188 -152 6 0
-153 -160 6 1
-151 -162 4 1
-192 -151 5 0
-170 -157 4 2
-167 -159 5 1
-173 -157 7 0
-156 -155 5 1
-176 -155 3 1
-157 -155 7 2
-157 -155 6 2
-157 -155 5 1
-154 -155 7 1
-155 -154 8 0
-152 -153 8 1
-154 -154 9 0
-151 -152 7 1
-157 -161 6 2
-182 -155 7 0
-158 -163 5 1
-180 -155 6 1
-156 -156 9 0
-152 -165 7 1
-155 -155 9 0
-181 -154 7 0
-180 -155 7 0
-182 -153 8 0
-181 -154 3 1
-181 -154 4 1
-153 -151 6 2
-181 -153 4 2
-181 -152 3 1
-181 -152 4 1
-181 -152 5 1
-151 -151 5 1
-151 -153 9 0
-169 -156 5 1
-151 -154 8 1
-193 -156 2 0
-192 -156 2 0
-191 -157 1 1
-198 -160 2 1
-198 -159 2 1
-194 -152 0 1
-192 -161 -1 1
-192 -161 0 1
-192 -161 1 1
-192 -160 -1 1
-192 -160 0 2
-192 -160 1 2
-192 -159 -1 1
-192 -159 0 1
-192 -159 1 1
-194 -157 2 0
-193 -153 -1 1
-193 -153 0 2
-193 -153 1 1
-192 -153 -1 1
-192 -153 0 2
-192 -153 1 1
-191 -155 -1 1
-191 -155 0 1
-191 -155 1 1
-191 -154 -1 1
-191 -154 0 2
-191 -154 1 1
-191 -153 -1 1
-191 -153 0 1
-191 -153 1 1
-195 -153 -1 1
-161 -158 8 1
-160 -158 6 2
-167 -157 8 0
-172 -157 6 1
-169 -157 4 2
-172 -155 7 0
-158 -156 8 1
-183 -155 5 1
-188 -151 6 0
-153 -157 9 0
-168 -157 6 1
-151 -157 5 1
-151 -157 6 1
-153 -161 7 1
-152 -161 7 0
-154 -160 8 1
-153 -160 8 1
-174 -155 4 2
-151 -157 7 1
-160 -161 8 0
-160 -161 7 0
-161 -162 8 1
-153 -161 6 1
-160 -156 6 1
-163 -158 7 1
-158 -158 5 1
-158 -157 5 1
-156 -159 5 1
-153 -151 5 1
-152 -151 5 1
-152 -151 6 2
-152 -153 5 1
-152 -153 7 2
-152 -153 10 0
-153 -151 7 1
-155 -158 9 0
-157 -163 5 1
-159 -163 5 1
-152 -157 9 0
-155 -160 10 0
-157 -153 7 1
-155 -161 10 0
-155 -159 10 0
-156 -158 9 0
-152 -154 6 1
-152 -154 5 1
-155 -152 8 0
-152 -151 8 1
-152 -152 8 1
-155 -163 6 1
-158 -159 8 1
-159 -157 8 1
-159 -157 7 2
-159 -157 6 1
-159 -158 8 1
-159 -158 6 2
-159 -159 8 1
-159 -158 7 2
-157 -159 7 2
-157 -159 6 2
-170 -156 4 1
-170 -156 5 1
-151 -154 6 1
-151 -152 8 1
-159 -160 6 1
-183 -152 3 1
-168 -156 3 1
-168 -157 5 1
-167 -159 6 0
-151 -164 7 1
-151 -163 6 1
-151 -162 7 1
-157 -162 8 1
-165 -157 6 1
-182 -154 7 0
-177 -155 7 0
-178 -155 7 0
-168 -158 6 0
-169 -156 7 0
-163 -158 5 1
-153 -154 10 0
-184 -153 3 1
-179 -153 5 1
-170 -157 5 1
-171 -157 7 0
-192 -151 7 0
-176 -155 6 0
-188 -152 7 0
-156 -156 6 2
-155 -156 7 1
-153 -156 7 2
-152 -161 5 2
-158 -163 6 1
-175 -157 3 1
-155 -161 7 2
-156 -157 9 0
-155 -160 8 1
-151 -151 9 0
-183 -153 6 0
-186 -151 3 1
-156 -163 8 0
-161 -157 8 1
-181 -154 6 0
-179 -154 8 0
-192 -151 6 0
-167 -160 6 0
-168 -159 6 0
-167 -156 5 2
-168 -155 4 1
-169 -158 5 1
-168 -154 6 1
-182 -152 5 1
-153 -156 8 1
-167 -158 5 1
-153 -156 6 2
-154 -155 8 1
-154 -156 8 1
-154 -156 7 1
-154 -156 6 2
-189 -152 5 1
-155 -156 6 2
-189 -152 7 0
-179 -158 2 1
-179 -158 1 1
-180 -156 2 1
-180 -156 1 1
-181 -156 2 1
-181 -156 1 1
-183 -160 2 1
-180 -160 3 0
-180 -159 4 0
-181 -159 4 0
-177 -157 5 1
-177 -157 3 1
-177 -158 5 1
-177 -158 4 2
-177 -158 3 1
-177 -157 4 2
-182 -161 5 0
-182 -160 5 0
-181 -155 6 0
-177 -159 7 1
-177 -159 6 1
-177 -159 5 1
-177 -160 7 1
-177 -160 6 1
-177 -160 5 1
-177 -161 7 1
-177 -161 6 1
-177 -161 5 1
-178 -159 7 1
-178 -159 6 1
-178 -159 5 1
-178 -160 7 1
-178 -160 5 1
-178 -161 7 1
-178 -161 6 1
-178 -161 5 1
-179 -161 7 1
-179 -161 6 1
-179 -161 5 1
-178 -160 6 2
-185 -160 6 0
-184 -160 6 0
-181 -161 7 0
-182 -158 7 0
-180 -152 8 0
-178 -158 8 0
-180 -157 7 0
-184 -153 9 0
-184 -153 8 0
-183 -154 8 0
-183 -160 9 0
-183 -159 8 0
-179 -154 9 0
-180 -155 9 0
-180 -155 8 0
-181 -156 7 0
-186 -156 10 0
-185 -156 9 0
-180 -159 10 0
-181 -158 9 0
-181 -157 8 0
-182 -154 10 0
-182 -154 9 0
-184 -158 10 0
-183 -157 10 0
-183 -157 9 0
-183 -157 8 0
-181 -156 11 0
-181 -156 10 0
-181 -156 9 0
-183 -151 7 0
-154 -157 7 1
-156 -158 6 2
-156 -159 8 1
-156 -159 7 1
-165 -158 8 0
-157 -164 8 1
-155 -160 6 2
-169 -157 8 0
-154 -159 6 2
-172 -157 7 0
-165 -159 5 1
-165 -159 4 1
-162 -156 5 1
-152 -161 6 1
-170 -156 3 1
-176 -154 4 2
-173 -155 5 1
-182 -156 8 0
-182 -154 2 1
-182 -154 1 1
-182 -155 2 1
-182 -155 1 1
-182 -156 1 1
-180 -157 2 2
-180 -157 1 1
-180 -158 2 1
-180 -158 1 1
-180 -159 3 1
-180 -159 2 1
-180 -159 1 1
-181 -157 3 1
-181 -157 2 1
-181 -157 1 1
-181 -158 3 1
-181 -158 1 1
-181 -159 3 1
-181 -159 2 1
-181 -159 1 1
-181 -158 2 2
-181 -156 3 1
-181 -160 3 1
-180 -157 6 1
-181 -156 5 1
-181 -156 4 2
-181 -157 6 1
-181 -158 4 1
-181 -157 5 2
-183 -161 5 0
-179 -158 7 1
-179 -158 6 1
-179 -159 7 1
-179 -159 6 1
-179 -159 5 1
-179 -160 7 1
-179 -160 6 1
-159 -157 12 0
-159 -157 13 0
-161 -158 11 0
-161 -158 12 0
-161 -159 13 0
-160 -157 9 0
-160 -156 10 0
-189 -155 8 0
-188 -158 7 0
-188 -159 8 0
-188 -159 9 0
-168 -160 6 0
-167 -154 7 0
-166 -155 7 1
-165 -156 8 0
-164 -162 7 1
-185 -158 7 0
-169 -158 8 0
-168 -157 8 0
-165 -152 8 0
-165 -153 8 0
-165 -154 8 0
-164 -155 8 0
-167 -161 9 0
-166 -160 8 0
-168 -155 9 0
-167 -156 9 0
-163 -162 10 0
-163 -160 9 0
-162 -153 10 0
-168 -159 10 0
-167 -158 9 0
-161 -159 10 0
-166 -154 11 0
-166 -154 10 0
-186 -157 4 2
-187 -158 3 1
-187 -158 4 1
-187 -158 5 1
-165 -159 9 0
-161 -155 11 0
-168 -157 12 0
-167 -157 11 0
-166 -157 10 0
-165 -157 9 0
-186 -157 3 1
-186 -157 5 1
-164 -155 12 0
-164 -156 11 0
-164 -156 10 0
-166 -159 13 0
-165 -158 12 0
-165 -158 11 0
-165 -158 10 0
-163 -157 13 0
-163 -157 11 0
-161 -160 5 1
-191 -162 1 1
-161 -159 4 2
-161 -159 5 1
-161 -158 3 1
-159 -161 5 1
-159 -161 6 1
-159 -161 7 1
-154 -152 7 1
-172 -156 8 0
-167 -158 3 1
-184 -152 3 1
-185 -153 5 1
-186 -157 0 1
-186 -157 1 1
-183 -159 5 1
-183 -159 4 1
-183 -159 3 1
-165 -157 13 0
-167 -158 10 0
-167 -158 11 0
-167 -158 12 0
-168 -158 13 0
-166 -156 10 0
-166 -155 11 0
-166 -155 12 0
-166 -154 12 0
-165 -159 11 0
-164 -160 12 0
-167 -157 9 0
-168 -157 10 0
-169 -157 11 0
-169 -156 12 0
-163 -155 11 0
-166 -159 9 0
-167 -160 11 0
-167 -161 11 0
-167 -155 10 0
-168 -154 10 0
-168 -153 11 0
-169 -158 9 0
-169 -158 10 0
-170 -159 10 0
-184 -157 5 1
-165 -154 9 0
-164 -154 10 0
-164 -153 10 0
-165 -160 9 0
-165 -162 10 0
-169 -156 9 0
-170 -155 9 0
-184 -157 4 1
-184 -157 3 1
-184 -158 5 1
-184 -158 3 1
-184 -159 5 1
-184 -159 4 2
-184 -159 3 1
-185 -159 5 1
-185 -159 4 2
-185 -159 3 1
-184 -158 4 2
-189 -162 4 0
-189 -161 4 0
-189 -160 5 0
-189 -159 5 0
-186 -155 5 1
-185 -160 5 1
-191 -161 6 0
-191 -160 6 0
-184 -156 6 1
-187 -157 6 0
-187 -162 7 0
-187 -161 6 0
-188 -160 6 0
-188 -159 6 0
-187 -154 7 0
-187 -154 6 0
-188 -155 6 0
-193 -159 7 0
-164 -154 4 0
-164 -156 7 1
-165 -161 5 1
-165 -161 3 1
-165 -162 5 1
-165 -162 4 1
-165 -162 3 1
-166 -160 5 1
-166 -160 4 1
-166 -160 3 1
-187 -159 8 0
-187 -158 8 0
-188 -154 9 0
-188 -155 9 0
-188 -155 8 0
-190 -158 10 0
-190 -158 9 0
-189 -158 8 0
-187 -157 10 0
-188 -157 8 0
-188 -157 7 0
-188 -157 6 0
-186 -157 2 1
-187 -161 2 0
-185 -156 5 1
-185 -156 4 1
-185 -156 3 1
-185 -157 5 1
-185 -157 4 2
-190 -159 6 0
-186 -155 8 0
-188 -156 7 0
-189 -154 9 0
-191 -158 9 0
-190 -158 8 0
-188 -157 10 0
-188 -157 9 0
-189 -157 7 0
-193 -160 5 0
-188 -157 5 1
-189 -162 6 0
-189 -161 6 0
-190 -158 5 0
-189 -154 6 0
-195 -159 7 0
-186 -158 7 0
-192 -153 7 0
-191 -155 6 0
-191 -161 8 0
-190 -152 6 0
-164 -160 4 1
-159 -163 8 1
-184 -152 6 0
-168 -158 3 1
-185 -152 6 0
-169 -159 6 0
-166 -159 5 1
-166 -158 3 1
-166 -158 4 2
-166 -158 5 1
-166 -157 3 1
-166 -157 4 2
-166 -157 5 1
-152 -160 9 0
-186 -153 3 1
-187 -153 4 1
-187 -153 3 2
-153 -160 4 1
-163 -156 7 1
-165 -159 8 0
-179 -155 4 2
-186 -152 8 0
-159 -164 6 1
-179 -154 3 1
-173 -157 4 2
-156 -156 7 1
-162 -159 6 1
-179 -153 3 1
-163 -161 11 0
-163 -155 10 0
-163 -154 10 0
-158 -158 11 0
-158 -157 10 0
-156 -157 13 0
-157 -157 11 0
-164 -154 11 0
-164 -158 9 0
-166 -159 10 0
-160 -153 10 0
-160 -162 10 0
-164 -156 9 0
-166 -155 9 0
-164 -160 9 0
-165 -161 9 0
-162 -155 8 0
-162 -154 8 0
-162 -153 8 0
-160 -155 6 1
-159 -153 7 0
-157 -152 9 0
-156 -153 9 0
-159 -161 9 0
-158 -159 9 0
-157 -158 9 0
-160 -154 10 0
-159 -155 9 0
-158 -155 9 0
-158 -156 9 0
-154 -153 10 0
-160 -158 11 0
-159 -158 10 0
-158 -157 9 0
-152 -158 11 0
-158 -153 11 0
-158 -154 11 0
-157 -155 10 0
-163 -152 8 0
-157 -161 11 0
-157 -160 11 0
-157 -159 10 0
-156 -158 10 0
-153 -155 12 0
-159 -156 12 0
-159 -156 11 0
-158 -156 11 0
-157 -156 10 0
-157 -157 9 0
-154 -159 12 0
-155 -158 11 0
-158 -158 13 0
-157 -158 12 0
-157 -158 11 0
-155 -157 11 0
-162 -162 7 1
-163 -156 8 0
-164 -155 7 1
-165 -154 7 0
-163 -158 8 0
-166 -160 6 0
-161 -155 7 1
-161 -154 6 0
-161 -153 6 0
-160 -160 6 0
-164 -162 4 1
-164 -162 5 1
-164 -161 3 1
-164 -161 4 2
-164 -161 5 1
-163 -159 6 0
-163 -154 4 0
-160 -158 3 1
-160 -158 4 1
-159 -158 3 1
-159 -158 4 1
-187 -152 6 0
-154 -159 5 1
-156 -163 6 1
-163 -160 8 0
-154 -162 6 2
-154 -163 8 1
-154 -163 6 1
-154 -164 8 1
-151 -156 6 0
-152 -154 9 0
-153 -155 10 0
-153 -156 10 0
-155 -159 9 0
-164 -158 5 1
-152 -153 6 1
-155 -159 6 2
-155 -159 5 1
-157 -161 7 1
-157 -160 6 2
-157 -160 7 1
-154 -161 8 1
-156 -161 6 2
-166 -154 6 1
-154 -156 11 0
-191 -157 7 0
-192 -156 9 0
-187 -156 7 0
-185 -155 9 0
-189 -159 7 0
-190 -153 8 0
-184 -158 8 0
-155 -156 11 0
-153 -153 10 0
-153 -158 10 0
-151 -156 9 0
-152 -155 11 0
-151 -155 12 0
-153 -156 13 0
-155 -155 12 0
-156 -154 13 0
-162 -160 5 1
-156 -162 8 1
-160 -160 4 1
-156 -161 8 1
-167 -157 3 1
-161 -160 4 2
-192 -162 1 1
-165 -160 6 0
-165 -156 6 2
-152 -160 5 1
-161 -159 6 1
-162 -157 8 1
-152 -157 5 1
-155 -162 5 1
-153 -159 9 0
-151 -158 5 1
-187 -153 7 0
-187 -153 6 0
-161 -158 5 1
-185 -151 5 1
-161 -158 6 2
-173 -156 6 1
-155 -164 8 1
-185 -151 6 0
-184 -152 5 1
-185 -152 5 1
-184 -152 7 0
-168 -158 5 1
-154 -160 7 1
-193 -155 -1 1
-188 -152 4 1
-161 -155 10 0
-161 -154 10 0
-162 -153 11 0
-161 -158 9 0
-164 -159 10 0
-158 -162 10 0
-164 -155 9 0
-190 -152 7 0
-151 -165 7 1
-179 -154 4 2
-170 -153 5 1
-170 -153 4 1
-176 -152 4 2
-176 -152 3 1
-175 -151 5 1
-175 -152 6 0
-171 -151 4 0
-171 -152 4 0
-174 -151 6 0
-176 -151 6 0
-178 -151 8 0
-177 -152 8 0
-173 -158 8 0
-178 -155 9 0
-178 -154 9 0
-175 -152 8 0
-175 -156 9 0
-172 -151 10 0
-178 -152 11 0
-176 -153 9 0
-173 -152 7 0
-169 -151 6 0
-174 -154 5 1
-167 -153 5 0
-173 -160 3 1
-173 -160 4 2
-173 -160 5 1
-173 -159 3 1
-173 -159 4 1
-173 -159 5 1
-173 -158 3 1
-173 -158 4 2
-173 -158 5 1
-171 -154 7 0
-171 -153 6 0
-171 -153 5 1
-172 -152 4 1
-169 -155 3 1
-174 -155 13 0
-173 -153 10 0
-173 -152 11 0
-173 -152 12 0
-173 -151 12 0
-174 -154 9 0
-175 -153 10 0
-176 -153 11 0
-176 -153 12 0
-174 -157 11 0
-174 -158 11 0
-174 -152 9 0
-174 -152 10 0
-178 -153 2 1
-178 -152 1 1
-178 -152 2 1
-175 -154 1 1
-174 -154 2 1
-174 -153 1 1
-173 -152 2 1
-178 -152 0 1
-177 -154 0 1
-178 -151 1 1
-178 -151 2 1
-187 -152 3 1
-160 -157 6 2
-200 -155 4 0
-199 -153 3 0
-200 -157 2 1
-199 -155 1 1
-187 -159 9 0
-189 -160 8 0
-190 -161 8 0
-153 -156 11 0
-176 -158 3 1
-176 -158 4 2
-176 -158 5 1
-176 -157 3 1
-176 -157 4 1
-173 -153 12 0
-175 -154 10 0
-174 -151 11 0
-174 -151 12 0
-172 -156 11 0
-176 -153 10 0
-177 -153 10 0
-177 -153 11 0
-171 -151 11 0
-175 -151 9 0
-176 -154 9 0
-177 -155 9 0
-173 -151 9 0
-173 -157 9 0
-176 -152 8 0
-177 -151 8 0
-176 -156 8 0
-177 -157 8 0
-173 -151 6 0
-179 -152 3 1
-179 -152 4 2
-179 -152 5 1
-179 -151 3 1
-179 -151 4 1
-179 -151 5 1
-178 -152 3 1
-178 -152 5 1
-178 -151 5 1
-177 -153 3 1
-177 -153 4 2
-177 -152 3 1
-177 -152 4 2
-177 -151 3 1
-177 -151 4 1
-177 -151 5 1
-172 -152 6 0
-200 -156 4 0
-155 -162 6 2
-153 -163 6 1
-153 -164 8 1
-153 -164 7 2
-153 -164 6 1
-154 -162 8 1
-159 -156 6 1
-160 -157 5 1
-160 -158 5 1
-174 -156 5 1
-178 -154 6 1
-160 -156 7 1
-159 -161 4 1
-159 -161 3 1
-159 -160 4 2
-159 -160 9 0
-157 -161 8 1
-157 -162 7 1
-157 -163 8 1
-157 -163 7 1
-177 -157 6 0
-172 -154 6 0
-172 -157 3 1
-173 -155 6 0
-172 -156 7 0
-173 -156 7 0
-151 -152 11 0
-172 -156 6 1
-185 -152 4 1
-179 -151 6 0
-179 -156 4 2
-186 -154 6 0
-173 -154 7 0
-186 -153 7 0
-187 -152 5 1
-173 -154 2 1
-154 -163 5 1
-155 -163 5 1
-156 -152 6 2
-156 -152 5 1
-153 -152 7 1
-153 -152 8 1
-157 -153 5 1
-153 -154 6 2
-153 -154 5 1
-154 -154 6 2
-154 -154 5 1
-155 -154 7 1
-187 -153 5 1
-171 -156 4 2
-170 -157 6 0
-170 -158 7 0
-162 -158 8 1
-170 -159 6 0
-170 -158 6 0
-170 -155 7 0
-170 -155 6 1
-171 -156 5 1
-158 -159 3 1
-158 -160 4 1
-180 -154 7 0
-180 -154 8 0
-180 -154 4 2
-181 -155 3 1
-181 -155 4 2
-180 -155 3 1
-180 -155 5 1
-180 -154 3 1
-180 -154 5 1
-180 -153 3 1
-165 -157 7 1
-167 -159 3 1
-155 -161 8 1
-171 -156 6 0
-170 -156 6 1
-174 -155 5 1
-161 -161 5 1
-170 -156 7 0
-188 -151 5 0
-188 -152 5 0
-153 -159 6 2
-189 -151 3 1
-178 -156 7 0
-178 -156 6 1
-178 -153 7 0
-178 -153 6 0
-153 -159 7 2
-166 -158 7 0
-176 -153 7 0
-166 -157 6 1
-152 -157 8 1
-160 -158 7 2
-184 -154 3 1
-164 -159 7 0
-178 -155 6 1
-175 -155 4 2
-154 -165 6 2
-174 -158 6 1
-175 -157 7 0
-175 -157 6 1
-184 -154 4 1
-173 -154 6 0
-153 -159 8 1
-165 -158 7 1
-172 -155 6 0
-176 -154 7 0
-172 -154 7 0
-156 -159 6 2
-183 -152 7 0
-183 -152 6 0
-183 -151 6 0
-178 -154 2 1
-175 -154 9 0
-176 -155 10 0
-177 -156 10 0
-172 -152 9 0
-172 -151 9 0
-172 -153 13 0
-174 -153 8 0
-175 -152 9 0
-177 -151 9 0
-175 -156 8 0
-175 -157 9 0
-176 -158 9 0
-173 -152 8 0
-172 -153 12 0
-178 -154 8 0
-173 -153 11 0
-178 -154 1 1
-173 -158 7 0
-173 -159 7 0
-174 -152 8 0
-175 -152 7 0
-199 -154 1 1
-172 -151 7 0
-199 -154 0 2
-199 -154 -1 1
-174 -153 7 0
-177 -153 5 1
-169 -152 5 0
-175 -158 3 1
-175 -158 4 1
-175 -158 5 1
-174 -151 5 1
-174 -151 4 1
-176 -153 3 2
-176 -153 4 2
-175 -153 3 1
-175 -153 4 2
-174 -153 3 1
-174 -153 4 2
-174 -153 5 1
-173 -153 6 0
-200 -154 0 2
-200 -153 3 0
-153 -152 10 0
-154 -155 11 0
-153 -155 11 0
-152 -155 10 0
-151 -154 10 0
-151 -151 11 0
-176 -153 1 1
-176 -152 1 1
-175 -153 1 1
-176 -151 -1 1
-176 -151 0 1
-171 -151 2 0
-179 -153 2 2
-180 -154 1 1
-180 -154 2 1
-180 -153 1 1
-180 -153 2 1
-180 -152 1 1
-180 -152 2 1
-179 -154 1 1
-179 -154 2 1
-179 -153 1 1
-179 -152 1 1
-179 -152 2 1
-194 -160 -1 1
-194 -160 1 1
-194 -159 -1 1
-194 -159 0 2
-175 -155 12 0
-177 -153 12 0
-171 -152 10 0
-170 -151 11 0
-175 -151 10 0
-174 -154 1 1
-176 -155 9 0
-177 -155 10 0
-178 -155 10 0
-173 -152 9 0
-178 -154 0 1
-178 -153 0 1
-172 -158 9 0
-175 -153 8 0
-177 -152 9 0
-178 -151 9 0
-176 -157 8 0
-176 -158 8 0
-174 -151 8 0
-200 -152 6 0
-171 -151 7 0
-199 -155 5 0
-174 -158 7 0
-176 -151 7 0
-173 -151 7 0
-200 -154 -1 1
-175 -153 7 0
-177 -152 5 1
-171 -152 5 0
-170 -152 5 0
-153 -156 12 0
-154 -157 14 0
-152 -156 10 0
-200 -157 6 0
-200 -153 4 0
-200 -153 5 0
-199 -152 6 0
-199 -156 4 0
-198 -156 5 0
-198 -154 3 0
-197 -153 3 0
-200 -156 2 1
-199 -157 2 1
-198 -158 2 1
-200 -152 2 0
-199 -151 1 1
-200 -155 2 1
-200 -155 1 1
-198 -155 1 1
-173 -153 3 1
-175 -151 4 1
-174 -152 5 1
-170 -152 4 0
-178 -151 4 1
-178 -151 3 1
-172 -151 4 0
-200 -157 4 0
-200 -157 5 0
-199 -158 6 0
-199 -154 4 0
-199 -153 5 0
-198 -153 5 0
-200 -158 3 0
-200 -159 3 0
-200 -160 3 0
-199 -155 2 0
-197 -154 3 0
-196 -154 3 0
-197 -158 2 1
-200 -154 2 0
-199 -153 2 0
-198 -156 1 1
-197 -156 0 2
-199 -151 -1 1
-199 -151 0 2
-199 -158 0 1
-199 -158 1 1
-199 -158 2 1
-199 -157 0 1
-199 -157 1 2
-199 -156 0 2
-199 -156 1 1
-199 -156 2 1
-199 -155 -1 1
-199 -155 0 2
-198 -155 -1 1
-198 -155 0 1
-200 -157 -1 1
-199 -157 -1 1
-199 -156 -1 1
-199 -155 6 0
-199 -155 7 0
-200 -154 4 0
-200 -153 6 0
-199 -157 4 0
-199 -157 5 0
-198 -158 6 0
-199 -155 3 0
-198 -154 4 0
-198 -154 5 0
-197 -153 5 0
-198 -156 3 0
-196 -157 4 0
-199 -152 3 0
-198 -151 4 0
-199 -158 3 0
-199 -159 3 0
-199 -160 3 0
-198 -155 2 0
-197 -155 2 0
-197 -155 3 0
-198 -157 2 1
-197 -159 2 0
-199 -154 2 0
-197 -152 1 1
-197 -156 1 1
-196 -156 0 2
-198 -151 -1 1
-198 -151 0 1
-198 -151 1 1
-198 -158 0 1
-198 -158 1 1
-198 -157 0 1
-198 -157 1 2
-198 -156 0 2
-198 -156 2 1
-197 -155 -1 1
-197 -155 0 2
-197 -155 1 1
-197 -154 -1 1
-197 -154 0 2
-197 -154 1 1
-197 -153 -1 1
-197 -153 0 1
-197 -153 1 1
-198 -157 -1 1
-198 -156 -1 1
-199 -156 5 0
-199 -156 6 0
-198 -156 7 0
-199 -154 5 0
-186 -158 2 1
-186 -158 1 2
-186 -158 0 1
-186 -159 2 1
-186 -159 1 1
-186 -159 0 1
-187 -158 2 1
-187 -159 2 1
-188 -158 2 1
-188 -159 2 1
-191 -162 2 1
-191 -162 0 1
-192 -162 2 1
-192 -162 0 1
-185 -157 3 1
-185 -158 5 1
-185 -158 4 2
-185 -158 3 1
-186 -156 4 2
-186 -156 3 1
-186 -158 5 1
-186 -158 4 1
-187 -156 4 2
-187 -156 3 1
-187 -157 5 1
-187 -157 4 1
-190 -162 4 0
-190 -161 4 0
-190 -160 4 0
-192 -160 5 0
-185 -156 6 0
-186 -156 6 0
-194 -155 6 0
-193 -155 6 0
-188 -162 6 0
-156 -154 5 1
-156 -154 6 2
-156 -154 7 1
-188 -161 6 0
-189 -160 6 0
-189 -159 6 0
-188 -154 6 0
-189 -156 5 0
-194 -159 7 0
-191 -153 8 0
-191 -154 7 0
-191 -156 7 0
-191 -156 8 0
-193 -157 6 0
-194 -158 8 0
-192 -155 6 0
-192 -154 7 0
-192 -154 8 0
-191 -158 7 0
-190 -159 7 0
-190 -155 5 0
-190 -155 6 0
-189 -154 7 0
-193 -159 5 0
-193 -159 6 0
-193 -160 6 0
-194 -153 6 0
-194 -152 6 0
-189 -157 5 0
-188 -158 6 0
-192 -155 4 0
-191 -154 4 1
-190 -160 7 0
-188 -156 6 0
-193 -156 9 0
-195 -157 0 2
-194 -157 0 2
-197 -152 -1 1
-197 -152 0 1
-197 -151 -1 1
-197 -151 0 1
-197 -151 1 1
-197 -158 0 1
-197 -158 1 1
-195 -156 -1 1
-195 -156 1 1
-195 -155 -1 1
-195 -155 0 2
-195 -155 1 1
-195 -154 -1 1
-195 -154 0 1
-195 -154 1 1
-198 -158 -1 1
-197 -158 -1 1
-196 -158 -1 1
-196 -158 0 1
-196 -158 1 1
-196 -157 -1 1
-196 -157 0 2
-196 -157 1 1
-196 -158 4 0
-196 -158 5 0
-196 -159 6 0
-200 -156 5 0
-196 -155 3 0
-196 -155 4 0
-194 -154 5 0
-198 -158 3 0
-198 -158 4 0
-198 -159 4 0
-199 -160 5 0
-199 -153 4 0
-199 -152 5 0
-195 -157 3 0
-194 -157 4 0
-193 -158 4 0
-196 -153 3 0
-195 -152 4 1
-197 -158 3 0
-196 -160 3 0
-196 -161 3 0
-196 -156 2 0
-193 -155 3 0
-198 -153 2 0
-198 -152 2 0
-198 -151 2 0
-196 -157 2 0
-195 -158 2 0
-194 -159 2 0
-195 -154 2 0
-194 -153 1 1
-198 -159 1 1
-198 -160 1 1
-198 -161 1 0
-194 -157 1 1
-193 -157 0 2
-196 -151 0 2
-196 -152 -1 1
-196 -152 0 1
-196 -151 -1 1
-196 -151 1 1
-162 -156 9 0
-193 -156 1 1
-180 -151 6 0
-193 -155 1 1
-193 -154 1 1
-192 -156 -1 1
-192 -156 0 1
-192 -156 1 1
-192 -155 -1 1
-192 -155 0 2
-192 -155 1 1
-192 -154 -1 1
-192 -154 0 2
-192 -154 1 1
-198 -160 -1 1
-198 -160 0 1
-198 -159 -1 1
-198 -159 0 1
-196 -153 -1 1
-196 -153 0 1
-194 -158 -1 1
-194 -158 0 1
-194 -158 1 1
-194 -157 -1 1
-195 -156 4 0
-195 -156 5 0
-194 -156 7 0
-194 -156 8 0
-196 -157 5 0
-196 -157 6 0
-197 -157 6 0
-197 -157 7 0
-195 -154 6 0
-195 -153 7 0
-194 -157 5 0
-194 -158 6 0
-193 -158 7 0
-193 -155 5 0
-193 -154 5 0
-192 -154 6 0
-196 -159 5 0
-196 -160 6 0
-197 -152 5 0
-192 -157 5 0
-191 -158 5 0
-199 -158 5 0
-194 -154 3 0
-194 -153 4 1
-193 -152 5 0
-195 -158 3 0
-194 -159 4 0
-194 -160 4 0
-194 -161 4 0
-193 -156 3 0
-190 -155 4 1
-196 -152 3 1
-196 -151 3 1
-194 -157 3 0
-193 -158 3 0
-192 -159 3 0
-191 -159 3 0
-194 -155 2 0
-193 -154 2 0
-192 -153 2 0
-195 -160 2 0
-195 -161 2 0
-197 -154 2 0
-162 -155 7 1
-161 -156 8 0
-160 -162 7 1
-160 -152 8 0
-160 -153 8 0
-160 -154 8 0
-163 -161 9 0
-180 -153 6 0
-181 -154 5 1
-157 -159 9 0
-162 -158 7 1
-178 -154 5 1
-161 -161 8 0
-166 -156 4 1
-161 -158 7 2
-166 -156 5 2
-166 -156 6 1
-166 -155 4 1
-183 -151 5 1
-161 -159 7 1
-189 -152 4 1
-163 -159 5 1
-166 -154 4 1
-181 -155 5 1
-163 -156 6 2
-154 -156 12 0
-154 -156 13 0
-155 -157 10 0
-156 -157 12 0
-156 -158 13 0
-155 -155 10 0
-155 -155 11 0
-155 -154 12 0
-153 -158 12 0
-153 -159 13 0
-156 -156 10 0
-157 -156 11 0
-157 -156 12 0
-158 -156 12 0
-152 -154 12 0
-155 -158 10 0
-156 -159 11 0
-156 -160 12 0
-156 -155 10 0
-156 -154 10 0
-156 -153 11 0
-157 -153 11 0
-151 -158 11 0
-158 -158 10 0
-159 -158 11 0
-154 -160 10 0
-158 -154 10 0
-159 -154 10 0
-158 -160 9 0
-152 -158 9 0
-152 -159 9 0
-157 -153 8 1
-158 -153 7 1
-159 -155 6 0
-164 -162 3 1
-160 -161 6 0
-188 -160 5 1
-188 -159 3 1
-188 -159 4 1
-188 -159 5 1
-187 -161 3 1
-187 -161 4 1
-187 -161 5 1
-187 -160 3 1
-187 -160 5 1
-187 -159 3 1
-187 -159 4 1
-187 -159 5 1
-186 -161 3 1
-186 -161 4 1
-186 -161 5 1
-186 -160 3 1
-186 -160 4 1
-186 -160 5 1
-186 -159 3 1
-186 -159 4 2
-186 -159 5 1
-189 -159 4 0
-188 -154 3 2
-188 -155 2 1
-188 -155 3 1
-188 -154 2 1
-188 -154 4 2
-188 -153 2 1
-188 -153 3 1
-188 -153 4 1
-187 -155 2 1
-187 -155 3 2
-187 -154 2 1
-187 -154 3 1
-187 -154 4 1
-191 -160 3 0
-191 -161 3 0
-191 -162 3 0
-188 -157 3 1
-187 -157 3 1
-190 -162 0 1
-190 -162 1 1
-190 -162 2 1
-189 -162 0 1
-189 -162 1 1
-189 -162 2 1
-188 -162 0 1
-188 -162 1 1
-188 -162 2 1
-188 -161 0 1
-188 -161 1 1
-188 -161 2 1
-188 -160 0 1
-188 -160 1 1
-188 -160 2 1
-186 -156 -1 1
-186 -156 0 1
-186 -156 1 1
-186 -155 -1 1
-186 -155 0 1
-186 -155 1 2
-186 -154 -1 1
-186 -154 0 1
-186 -154 1 1
-189 -156 2 0
-192 -161 2 1
-192 -160 2 1
-191 -152 -1 1
-191 -152 0 1
-188 -159 -1 1
-188 -159 0 1
-188 -159 1 1
-188 -158 -1 1
-188 -158 0 2
-158 -168 8 1
-158 -167 6 1
-158 -167 7 1
-158 -167 8 1
-158 -165 5 1
-158 -165 6 2
-158 -164 5 1
-157 -165 5 1
-157 -165 6 2
-157 -164 5 1
-158 -167 5 1
-158 -166 5 1
-158 -166 6 2
-158 -166 7 1
-163 -167 4 1
-163 -167 5 1
-162 -167 4 1
-162 -167 5 1
-161 -167 4 1
-190 -154 -1 1
-190 -153 -1 1
-190 -157 0 2
-153 -154 7 2
-172 -158 7 0
-153 -162 8 1
-153 -162 5 1
-161 -161 11 0
-155 -154 5 1
-160 -158 8 1
-165 -160 4 2
-165 -160 5 1
-159 -165 10 0
-180 -153 7 0
-169 -157 6 0
-180 -152 7 0
-182 -151 6 0
-182 -155 6 1
-159 -162 7 1
-165 -160 7 0
-165 -160 8 0
-153 -161 9 0
-188 -151 7 0
-186 -152 5 1
-190 -151 5 0
-152 -164 8 1
-188 -151 4 1
-151 -164 8 1
-152 -163 8 1
-151 -164 6 2
-151 -163 8 1
-151 -161 8 0
-151 -165 6 1
-151 -163 7 1
-183 -155 7 0
-158 -160 3 1
-191 -152 6 0
-176 -154 6 0
-176 -153 6 0
-191 -151 5 0
-157 -157 5 1
-189 -151 6 0
-189 -151 7 0
-162 -160 8 0
-162 -160 6 0
-164 -159 8 0
-164 -159 9 0
-165 -160 3 1
-162 -159 8 1
-162 -159 7 1
-163 -159 7 0
-164 -157 5 1
-164 -157 4 1
-164 -157 3 1
-178 -156 4 2
-154 -153 9 0
-164 -158 4 2
-164 -158 3 1
-157 -157 8 1
-170 -157 3 1
-170 -158 4 2
-171 -158 3 1
-172 -158 6 1
-171 -155 7 0
-177 -154 3 1
-165 -159 7 0
-162 -160 3 1
-161 -157 5 1
-167 -157 6 1
-156 -155 6 2
-176 -156 4 2
-162 -160 4 1
-178 -155 4 2
-178 -155 5 1
-161 -157 6 2
-178 -154 4 1
-158 -162 5 1
-160 -161 3 1
-186 -153 2 1
-151 -161 9 0
-175 -155 3 1
-175 -156 4 2
-175 -156 3 1
-174 -156 7 0
-175 -156 7 0
-180 -153 5 1
-180 -153 4 2
-167 -160 8 0
-151 -153 8 1
-151 -152 5 1
-151 -152 6 1
-163 -159 3 1
-176 -157 6 1
-155 -157 6 2
-175 -156 6 1
-186 -154 5 1
-166 -159 7 0
-185 -153 6 0
-185 -153 7 0
-199 -153 6 0
-199 -157 3 0
-198 -157 4 0
-198 -158 5 0
-198 -155 3 0
-198 -155 4 0
-197 -154 4 0
-196 -154 5 0
-200 -157 3 0
-200 -158 4 0
-200 -159 4 0
-161 -159 3 1
-197 -157 3 0
-195 -157 4 0
-154 -164 6 1
-198 -153 3 0
-198 -152 3 0
-198 -152 4 0
-198 -159 3 0
-198 -160 3 0
-196 -155 2 0
-195 -155 3 0
-163 -159 11 0
-162 -160 12 0
-200 -153 2 0
-200 -151 2 0
-196 -158 2 0
-196 -159 2 0
-196 -152 1 1
-200 -159 1 2
-165 -160 10 0
-165 -160 11 0
-165 -161 11 0
-165 -155 10 0
-200 -160 0 1
-200 -160 1 1
-200 -160 2 1
-200 -159 0 1
-200 -159 2 1
-199 -160 0 1
-199 -160 1 1
-199 -160 2 1
-199 -159 0 1
-199 -159 1 2
-199 -159 2 1
-195 -156 0 2
-197 -156 -1 1
-196 -156 -1 1
-196 -156 1 1
-196 -155 -1 1
-196 -155 0 2
-196 -155 1 1
-196 -154 -1 1
-196 -154 0 2
-196 -154 1 1
-197 -157 -1 1
-197 -157 0 2
-197 -157 1 1
-163 -154 6 0
-163 -153 6 0
-162 -161 6 0
-167 -162 3 1
-167 -162 4 1
-167 -162 5 2
-167 -161 3 1
-167 -161 4 2
-167 -161 5 1
-167 -160 3 1
-167 -160 4 2