DAV_OBMAP v3 cell_size=10
-63 352 4 0
-73 357 3 0
-72 357 3 0
-73 357 4 0
-72 357 4 0
-72 359 3 0
-73 358 4 0
-73 359 4 0
-74 359 3 0
-76 357 4 0
-74 356 3 0
-74 355 3 0
-74 356 4 0
-72 356 3 0
-73 356 4 0
-74 357 5 0
-75 356 -1 1
-75 357 -1 1
-75 358 -1 1
-74 356 -1 1
-74 357 -1 1
-74 358 -1 1
-73 356 -1 1
-73 357 -1 1
-73 358 -1 1
-64 351 0 1
-64 352 0 1
-71 357 3 0
-70 357 3 0
-71 357 4 0
-71 358 3 0
-71 358 4 0
-72 358 3 0
-72 358 4 0
-73 356 3 0
-74 355 4 0
-72 355 3 0
-72 356 4 0
-72 355 4 0
-71 355 3 0
-71 355 4 0
-72 357 5 0
-72 357 0 1
-72 356 -1 1
-72 357 -1 1
-72 358 -1 1
-71 356 -1 1
-71 357 -1 1
-71 358 -1 1
-70 356 3 0
-69 356 3 0
-70 356 4 0
-69 356 4 0
-69 357 3 0
-70 357 4 0
-71 356 4 0
-72 354 3 0
-72 354 4 0
-71 354 3 0
-71 354 4 0
-70 355 3 0
-69 354 3 0
-70 355 4 0
-70 354 4 0
-71 356 5 0
-71 356 0 1
-72 355 -1 1
-71 355 -1 1
-70 355 -1 1
-70 356 -1 1
-70 357 -1 1
-71 356 3 0
-68 355 3 0
-67 355 3 0
-68 355 4 0
-69 355 3 0
-68 356 3 0
-69 355 4 0
-68 356 4 0
-69 357 4 0
-70 354 3 0
-71 353 3 0
-71 353 4 0
-69 353 3 0
-69 354 4 0
-69 353 4 0
-96 361 4 0
-96 360 4 0
-96 361 5 0
-96 361 3 0
-97 362 6 0
-97 362 1 1
-96 361 0 1
-96 362 0 1
-96 363 0 1
-98 363 4 0
-98 363 5 0
-98 363 3 0
-99 364 4 0
-99 364 5 0
-99 364 3 0
-94 362 4 0
-93 362 4 0
-94 362 5 0
-93 362 5 0
-94 363 4 0
-94 363 5 0
-95 363 4 0
-95 364 4 0
-95 363 5 0
-96 362 5 0
-97 363 5 0
-99 361 3 0
-100 363 6 0
-100 363 1 1
-99 362 0 1
-99 363 0 1
-94 360 5 0
-95 362 6 0
-95 362 1 1
-95 361 0 1
-95 362 0 1
-95 363 0 1
-94 361 0 1
-94 362 0 1
-94 363 0 1
-97 362 4 0
-96 362 4 0
-98 362 4 0
-97 362 5 0
-97 362 3 0
-97 364 4 0
-97 364 5 0
-97 364 3 0
-98 364 4 0
-98 364 5 0
-98 364 3 0
-98 361 4 0
-98 360 4 0
-98 360 5 0
-98 360 3 0
-97 361 4 0
-97 361 5 0
-97 361 3 0
-93 361 4 0
-92 361 4 0
-93 361 5 0
-92 361 5 0
-92 363 4 0
-92 362 5 0
-94 361 5 0
-94 361 4 0
-94 359 4 0
-94 359 5 0
-93 360 4 0
-92 360 4 0
-92 360 5 0
-94 361 6 0
-94 361 2 1
-95 360 1 1
-95 361 1 1
-94 360 1 1
-94 361 1 1
-94 362 1 1
-96 363 5 0
-96 363 3 0
-97 363 4 0
-99 362 5 0
-99 362 3 0
-98 361 5 0
-98 361 3 0
-97 360 4 0
-97 360 5 0
-97 360 3 0
-91 361 4 0
-90 361 4 0
-91 361 5 0
-90 361 5 0
-91 362 4 0
-90 362 4 0
-91 362 5 0
-92 362 4 0
-92 363 5 0
-93 360 5 0
-92 359 4 0
-92 359 5 0
-91 360 4 0
-90 360 4 0
-91 360 5 0
-92 361 6 0
-92 361 1 1
-93 360 0 1
-93 361 0 1
-93 362 0 1
-92 360 0 1
-92 361 0 1
-92 362 0 1
-91 360 0 1
-91 361 0 1
-91 362 0 1
-89 361 4 0
-88 361 4 0
-89 361 5 0
-88 361 5 0
-89 362 4 0
-89 362 5 0
-90 363 4 0
-90 362 5 0
-90 363 5 0
-91 359 4 0
-90 359 4 0
-90 360 5 0
-90 359 5 0
-89 360 4 0
-89 359 4 0
-89 360 5 0
-90 361 6 0
-90 361 3 0
-90 361 2 0
-87 361 4 0
-86 361 4 0
-87 361 5 0
-86 361 5 0
-87 362 4 0
-87 362 5 0
-88 362 4 0
-88 363 4 0
-88 362 5 0
-89 359 5 0
-88 360 4 0
-88 359 4 0
-88 360 5 0
-88 359 5 0
-87 359 4 0
-87 359 5 0
-88 361 6 0
-88 361 1 1
-89 360 0 1
-89 361 0 1
-89 362 0 1
-88 360 0 1
-88 361 0 1
-88 362 0 1
-87 360 0 1
-87 361 0 1
-87 362 0 1
-63 350 0 1
-62 351 4 0
-63 350 4 0
-62 351 3 0
-63 350 3 0
-64 350 0 1
-65 350 0 1
-66 350 0 1
-65 351 1 1
-65 351 5 0
-64 350 4 0
-65 350 4 0
-65 350 3 0
-77 361 4 0
-77 361 3 0
-77 359 4 0
-78 359 4 0
-65 353 0 1
-65 352 0 1
-65 351 0 1
-66 351 0 1
-67 351 0 1
-66 352 1 1
-66 352 5 0
-64 351 4 0
-65 351 4 0
-64 350 3 0
-66 350 4 0
-66 350 3 0
-66 351 4 0
-67 350 3 0
-66 351 3 0
-64 353 4 0
-64 353 3 0
-64 352 4 0
-65 352 4 0
-64 352 3 0
-65 352 3 0
-66 354 0 1
-66 353 0 1
-66 352 0 1
-79 358 4 0
-80 360 5 0
-80 360 1 1
-79 358 0 1
-78 358 0 1
-78 359 0 1
-78 360 0 1
-99 364 0 1
-94 360 4 0
-95 360 5 0
-95 361 5 0
-100 365 4 0
-100 365 3 0
-100 362 4 0
-99 361 0 1
-93 362 1 1
-97 363 0 1
-93 360 1 1
-93 361 1 1
-79 359 0 1
-80 361 0 1
-80 360 0 1
-80 359 0 1
-79 360 4 0
-78 360 3 0
-81 361 0 1
-81 360 0 1
-100 362 0 1
-100 363 0 1
-100 364 0 1
-81 359 0 1
-82 360 1 1
-85 360 4 0
-84 360 4 0
-86 360 5 0
-85 360 5 0
-85 362 4 0
-85 362 5 0
-86 362 4 0
-86 362 5 0
-87 360 4 0
-87 360 5 0
-86 359 4 0
-86 358 4 0
-86 359 5 0
-86 360 4 0
-85 359 4 0
-85 359 5 0
-86 360 6 0
-86 360 1 1
-87 359 0 1
-86 359 0 1
-86 360 0 1
-86 361 0 1
-85 359 0 1
-85 360 0 1
-85 361 0 1
-100 361 5 0
-100 361 3 0
-99 362 4 0
-99 361 4 0
-98 362 5 0
-98 362 6 0
-98 362 1 1
-83 360 4 0
-83 360 5 0
-83 360 3 0
-84 361 4 0
-83 362 4 0
-83 362 5 0
-83 362 3 0
-85 361 4 0
-85 362 3 0
-86 362 3 0
-87 360 3 0
-86 359 3 0
-85 358 4 0
-85 358 3 0
-83 359 4 0
-83 359 5 0
-83 359 3 0
-85 360 6 0
-85 360 1 1
-84 359 0 1
-84 360 0 1
-84 361 0 1
-95 362 4 0
-95 362 5 0
-95 362 3 0
-96 363 4 0
-82 360 6 0
-82 360 5 0
-80 359 3 0
-81 359 3 0
-80 359 4 0
-82 360 4 0
-81 360 4 0
-81 360 5 0
-82 360 3 0
-81 360 3 0
-82 361 4 0
-82 362 4 0
-82 361 5 0
-82 361 3 0
-83 361 4 0
-83 361 3 0
-84 361 5 0
-84 361 3 0
-84 360 3 0
-85 360 3 0
-84 359 4 0
-84 359 5 0
-84 359 3 0
-83 358 4 0
-83 358 5 0
-83 358 3 0
-82 359 4 0
-82 359 5 0
-82 359 3 0
-83 360 6 0
-83 360 1 1
-83 359 0 1
-83 360 0 1
-83 361 0 1
-82 359 0 1
-82 360 0 1
-82 361 0 1
-100 363 5 0
-100 363 3 0
-100 364 4 0
-100 364 5 0
-100 364 3 0
-100 361 4 0
-100 362 5 0
-100 362 3 0
-100 363 4 0
-78 360 4 0
-99 363 4 0
-80 360 4 0
-80 360 3 0
-81 361 4 0
-80 361 4 0
-81 361 3 0
-80 361 3 0
-82 362 3 0
-82 358 4 0
-82 358 3 0
-81 359 4 0
-68 353 3 0
-68 353 4 0
-69 355 5 0
-69 355 0 1
-70 354 -1 1
-69 354 -1 1
-69 355 -1 1
-69 356 -1 1
-68 354 -1 1
-68 355 -1 1
-68 356 -1 1
-79 361 3 0
-79 361 4 0
-79 359 3 0
-79 358 3 0
-79 360 3 0
-80 362 3 0
-81 358 3 0
-81 358 4 0
-80 358 3 0
-80 358 4 0
-67 354 3 0
-66 354 3 0
-67 354 4 0
-66 354 4 0
-67 355 4 0
-69 352 3 0
-69 352 4 0
-68 352 3 0
-68 352 4 0
-67 353 3 0
-67 352 3 0
-67 353 4 0
-67 352 4 0
-68 354 4 0
-68 354 5 0
-68 354 1 1
-69 353 0 1
-69 354 0 1
-68 353 0 1
-68 354 0 1
-68 355 0 1
-67 353 0 1
-67 354 0 1
-67 355 0 1
-68 354 3 0
-79 357 3 0
-77 358 3 0
-77 358 4 0
-79 359 4 0
-99 361 5 0
-95 361 4 0
-95 360 4 0
-79 359 5 0
-79 359 1 1
-80 358 0 1
-66 353 3 0
-65 353 3 0
-66 353 4 0
-65 353 4 0
-65 354 3 0
-68 351 3 0
-67 351 3 0
-67 351 4 0
-66 352 3 0
-65 351 3 0
-66 352 4 0
-67 353 5 0
-67 353 1 1
-68 352 0 1
-67 352 0 1
-76 359 3 0
-75 359 3 0
-76 359 4 0
-75 359 4 0
-76 360 3 0
-76 360 4 0
-77 360 3 0
-77 360 4 0
-78 358 3 0
-78 357 3 0
-78 358 4 0
-77 357 3 0
-77 357 4 0
-76 358 3 0
-76 357 3 0
-76 358 4 0
-77 359 5 0
-77 359 1 1
-77 358 0 1
-77 359 0 1
-77 360 0 1
-76 358 0 1
-76 359 0 1
-76 360 0 1
-97 362 0 1
-97 361 0 1
-98 363 0 1
-98 362 0 1
-98 361 0 1
-74 358 3 0
-73 358 3 0
-74 358 4 0
-74 360 3 0
-74 359 4 0
-75 360 3 0
-75 360 4 0
-75 357 3 0
-75 356 3 0
-75 357 4 0
-75 356 4 0
-74 357 3 0
-75 358 4 0
-74 357 4 0
-75 358 3 0
-75 358 5 0
-75 358 1 1
-76 357 0 1
-75 357 0 1
-75 358 0 1
-75 359 0 1
-74 357 0 2
-74 358 0 1
-74 359 0 1
-79 360 0 1
-79 361 0 1
-78 359 3 0
-77 359 3 0
-64 351 3 0
-63 351 3 0
-63 351 4 0
-63 352 3 0