DAV_OBMAP v3 cell_size=10
2 198 12 1
2 199 10 1
2 199 12 1
3 198 11 2
3 198 12 1
3 199 10 1
3 199 11 1
10 196 12 1
5 159 13 2
0 161 14 1
1 162 15 0
6 163 14 1
5 163 15 0
0 167 14 0
2 158 15 1
2 159 15 1
5 171 16 0
10 185 10 1
1 152 15 0
4 153 16 0
5 153 16 0
3 173 12 0
10 173 12 0
11 169 9 1
11 169 10 1
11 169 11 1
11 170 9 1
11 170 10 1
11 170 11 1
4 170 9 1
4 197 11 2
7 199 13 1
7 199 12 2
0 151 16 0
3 154 19 0
3 154 18 0
2 150 19 0
0 191 9 2
7 182 8 2
7 182 9 1
7 183 7 1
7 183 8 2
0 182 5 1
0 184 5 1
0 184 6 1
1 182 5 1
1 182 6 1
1 182 7 1
1 183 5 1
1 183 7 1
1 184 5 1
1 184 6 1
1 184 7 1
2 182 5 1
2 182 6 1
2 182 7 1
6 188 9 2
6 188 10 1
6 189 8 1
6 189 9 1
6 189 10 2
5 182 11 0
5 181 10 0
6 180 9 1
1 184 10 0
0 185 9 0
7 184 8 1
2 198 17 0
2 198 18 0
1 197 18 0
8 162 11 1
7 184 9 2
8 184 8 1
8 184 9 2
8 184 10 1
1 155 20 0
2 155 21 0
0 155 17 0
1 158 20 0
2 153 20 0
3 157 18 0
0 153 18 0
2 159 18 0
2 159 20 0
10 150 17 0
5 187 10 1
5 187 9 2
5 187 8 1
5 186 9 2
5 186 8 2
4 176 13 0
10 184 16 0
5 177 13 0
5 178 13 0
11 180 14 0
10 180 13 0
9 180 13 0
8 180 13 0
3 181 14 0
8 175 14 0
8 176 14 0
8 183 15 0
8 183 14 0
2 177 15 0
3 178 14 0
4 178 14 0
11 178 15 0
10 178 15 0
9 178 14 0
8 179 14 0
6 187 12 0
5 187 12 0
4 187 12 0
3 186 12 0
3 181 13 0
2 182 13 0
2 183 12 0
2 184 12 0
3 190 13 0
3 196 15 0
3 189 13 0
2 189 13 0
2 187 12 0
8 177 17 0
0 185 12 0
5 184 14 0
5 185 14 0
6 165 11 1
6 165 10 1
7 166 11 2
13 180 12 0
0 192 8 1
0 192 9 2
0 192 10 1
4 167 11 2
2 189 10 1
8 172 13 0
14 187 11 1
3 173 11 0
8 184 11 1
10 184 9 2
10 184 10 2
10 184 11 1
5 187 7 1
6 186 7 1
6 187 7 1
8 185 17 0
6 183 18 0
7 186 16 0
7 187 17 0
4 189 8 1
4 188 10 1
4 188 9 2
4 188 8 1
4 187 9 2
4 187 8 1
3 188 10 1
3 188 8 1
3 187 9 1
3 187 8 1
2 187 10 1
8 187 8 1
9 186 8 1
9 187 8 1
2 183 10 0
1 183 9 0
8 183 8 1
10 150 19 0
10 151 18 0
2 162 14 1
2 161 14 1
1 166 14 1
5 166 17 0
1 189 7 1
1 189 8 1
0 188 16 0
14 151 15 1
7 159 15 0
10 165 14 0
11 158 15 0
10 159 15 0
12 157 15 1
13 155 13 1
13 155 14 2
13 155 15 1
13 156 13 1
13 156 15 1
13 157 15 1
14 155 13 1
14 155 14 1
14 155 15 1
14 156 13 1
14 156 14 1
14 156 15 1
1 150 16 0
3 154 11 1
3 186 7 1
3 186 8 2
3 186 9 1
3 187 7 1
8 178 18 0
6 177 16 0
6 177 17 0
3 178 11 0
4 178 11 0
9 173 11 1
9 175 12 0
9 179 15 0
1 161 11 1
6 158 16 0
5 159 16 0
4 160 16 0
7 178 12 0
8 177 11 0
8 165 19 0
7 165 18 0
3 160 16 0
11 163 12 1
1 193 14 0
0 193 14 0
9 197 14 1
10 197 14 1
5 169 13 0
11 197 12 1
11 197 13 1
11 197 14 1
11 198 12 1
11 198 13 1
11 198 14 1
11 199 12 1
11 199 13 1
3 180 12 0
2 179 12 0
2 178 12 0
4 186 12 0
9 188 9 1
6 180 18 0
7 183 16 0
8 184 17 0
8 180 16 0
9 179 17 0
4 182 17 0
9 183 15 0
10 183 16 0
11 184 17 0
6 178 16 0
5 186 16 0
10 181 15 0
11 181 15 0
11 180 16 0
3 184 14 0
8 182 13 0
9 182 14 0
10 182 14 0
11 183 14 0
12 183 14 0
10 179 13 0
11 185 12 0
4 191 17 0
4 192 16 0
4 193 16 0
4 193 15 0
8 197 17 0
7 197 17 0
1 196 18 0
3 195 15 0
7 193 18 0
6 193 17 0
6 194 16 0
2 151 16 0
3 151 17 0
4 151 18 0
0 187 11 0
1 187 10 0
2 189 7 1
6 179 16 0
5 179 16 0
7 188 15 0
2 189 16 0
3 189 16 0
4 190 15 0
5 190 15 0
11 189 16 0
10 189 16 0
9 190 15 0
8 190 15 0
7 190 14 0
13 176 13 0
14 176 14 0
15 175 14 0
13 181 13 0
12 172 13 0
15 178 12 0
16 178 12 0
13 175 12 0
14 174 12 0
15 174 12 0
11 174 11 1
13 177 11 0
15 176 10 1
12 173 8 2
12 173 9 1
12 173 10 2
13 173 8 1
13 173 9 1
13 173 10 1
12 176 11 0
8 173 7 1
9 173 7 1
10 173 7 1
8 175 6 1
9 175 6 1
10 175 6 1
11 177 7 1
12 177 7 1
12 178 7 1
12 179 7 1
12 176 16 0
12 176 17 0
12 175 14 0
13 174 16 0
13 177 14 0
14 178 15 0
13 175 13 0
14 175 14 0
11 174 12 0
15 177 12 0
15 177 13 0
13 174 12 0
14 173 12 0
7 176 11 0
13 176 11 0
12 172 9 1
12 172 10 2
12 172 11 1
12 173 11 1
12 174 11 1
13 172 9 1
13 172 10 1
13 172 11 1
13 173 11 1
13 174 11 1
12 175 11 0
7 177 9 0
15 177 8 1
15 178 8 1
15 179 8 1
11 176 7 1
12 176 7 1
11 175 14 0
12 175 17 0
11 178 16 0
12 174 14 0
12 173 16 0
14 177 15 0
13 174 13 0
14 174 14 0
15 174 14 0
15 176 13 0
12 174 12 0
13 173 12 0
14 172 12 0
13 175 11 0
15 175 10 0
5 171 8 1
6 171 8 1
7 171 8 1
8 174 11 0
12 171 9 1
12 171 10 1
12 171 11 1
13 171 9 1
13 171 10 1
13 171 11 1
7 176 9 1
15 176 8 1
15 176 9 1
11 175 7 1
12 175 7 1
11 174 14 0
11 174 17 0
9 173 16 0
11 173 14 0
12 172 15 0
12 172 16 0
13 176 14 0
13 176 15 0
13 173 14 0
14 173 14 0
11 173 12 0
12 170 13 0
15 175 13 0
13 172 12 0
14 171 12 0
5 174 11 0
14 178 11 0
15 174 10 0
6 176 9 1
8 171 8 1
9 171 8 1
10 171 8 1
10 179 6 1
11 172 7 1
11 173 7 1
11 174 7 1
12 172 7 1
12 172 8 1
12 173 7 1
12 174 7 1
13 172 7 1
13 172 8 1
13 173 7 1
13 174 7 1
8 193 13 1
5 189 13 0
5 192 14 0
11 199 14 1
2 153 12 2
2 151 19 0
2 152 19 0
12 175 15 0
11 175 15 0
10 175 14 0
5 171 10 2
5 171 9 1
6 172 10 2
11 177 11 0
10 177 11 0
9 176 12 0
4 177 11 0
8 190 11 1
8 191 9 1
8 191 11 1
13 182 11 1
11 183 17 0
8 181 16 0
13 185 15 0
12 182 13 0
14 181 14 0
11 185 13 0
12 187 13 0
13 184 12 1
14 184 12 1
5 193 10 1
14 185 10 1
14 185 11 1
14 186 10 1
14 186 11 1
14 186 12 1
14 187 10 1
8 157 19 0
9 157 20 0
7 156 17 0
6 156 19 0
6 155 20 0
7 158 17 0
7 158 18 0
8 159 19 0
8 159 20 0
8 156 17 0
8 155 18 0
9 155 19 0
3 164 15 0
2 163 15 0
7 163 14 1
0 165 15 0
1 165 15 1
10 165 15 0
7 167 17 0
8 166 17 0
9 166 17 0
3 167 16 0
2 166 16 0
1 166 17 0
0 166 17 0
6 171 17 0
7 175 9 1
7 175 10 1
8 173 8 1
11 172 9 1
8 174 8 1
8 174 10 1
9 163 12 2
9 165 13 0
9 161 13 1
8 162 13 1
8 162 14 0
6 199 14 0
7 199 15 0
2 197 14 0
1 196 14 0
1 195 14 0
0 195 14 0
4 197 14 0
6 196 14 1
7 195 14 0
1 199 14 0
5 167 18 0
9 168 18 0
3 197 13 0
3 196 13 0
3 195 13 0
3 194 13 0
6 197 11 1
6 197 12 2
6 197 13 1
14 151 16 1
7 198 11 1
6 198 13 1
6 198 12 1
6 198 11 1
2 195 13 0
6 165 17 0
11 169 14 0
9 166 13 0
10 171 12 0
4 165 10 1
5 165 10 1
9 171 13 0
10 171 13 0
11 171 13 0
10 170 13 0
11 169 13 0
7 168 18 0
9 152 17 0
9 157 16 0
10 157 16 0
11 158 16 0
12 158 16 0
7 187 12 0
7 185 12 0
9 187 12 0
11 189 9 1
11 188 9 1
11 187 11 1
11 187 10 1
11 187 9 1
13 174 8 2
12 174 10 1
12 174 9 2
12 174 8 2
8 178 11 0
14 175 12 0
13 176 12 0
15 179 12 0
12 173 13 0
13 182 13 0
15 176 14 0
14 177 14 0
13 177 13 0
14 180 15 0
13 179 14 0
12 179 13 0
13 176 16 0
12 176 15 0
12 177 14 0
12 178 17 0
10 177 10 0
10 177 8 1
4 155 19 0
4 158 11 1
4 154 15 0
5 153 18 0
9 159 18 0
7 157 19 0
4 156 11 1
5 156 15 1
10 158 15 0
8 155 19 0
7 179 10 0
9 180 6 1
1 159 18 0
4 163 11 1
8 190 10 1
7 195 11 1
7 195 12 1
4 196 13 1
11 151 14 1
8 155 15 0
10 172 8 1
6 168 15 0
7 167 15 0
7 166 16 0
4 171 15 0
4 186 10 1
4 186 9 1
1 188 7 1
1 188 8 2
1 189 6 1
1 150 11 1
1 150 12 1
1 151 10 1
1 151 11 1
1 151 12 1
1 152 10 1
2 150 10 1
2 150 11 1
2 150 12 1
2 151 10 1
2 151 12 1
2 152 10 1
6 187 9 2
13 159 14 1
13 159 13 1
13 159 12 1
13 158 14 1
13 158 12 1
13 157 14 1
13 157 13 1
13 157 12 1
9 173 8 1
9 172 10 2
9 172 9 2
9 172 8 1
10 173 9 2
6 177 10 0
6 172 12 1
7 170 11 1
7 170 10 2
7 170 9 1
7 195 13 1
11 173 9 2
11 173 10 1
11 174 8 1
11 174 9 1
11 174 10 1
8 174 12 0
5 174 9 1
8 175 11 0
8 175 10 1
9 170 18 0
1 182 13 0
0 182 13 0
0 182 14 0
5 186 13 0
10 188 14 0
8 186 14 0
9 192 15 0
9 191 15 0
3 186 16 0
5 187 14 0
11 186 16 0
4 162 14 1
11 164 14 0
10 164 14 0
10 168 15 0
9 167 15 0
11 161 15 0
8 197 12 1
8 197 11 1
7 197 13 2
7 197 12 1
7 197 11 1
2 192 16 0
5 190 10 2
7 190 12 0
9 189 11 1
9 189 10 2
9 189 9 1
9 188 11 1
9 188 10 2
8 199 12 1
8 199 13 1
3 195 10 2
5 186 15 0
10 189 15 0
9 188 8 1
8 190 9 1
0 155 19 0
2 157 15 1
1 163 15 0
0 164 15 0
4 161 15 0
9 177 12 0
6 174 11 0
2 155 11 1
7 174 9 2
7 174 8 1
7 173 8 1
4 162 16 0
4 163 16 0
0 163 17 0
1 164 17 0
7 163 18 0
7 164 17 0
6 164 17 0
5 164 17 0
1 168 18 0
2 167 17 0
2 161 19 0
2 166 10 1
8 166 11 1
0 156 17 0
4 159 19 0
2 158 17 0
3 155 20 0
3 157 15 1
1 159 15 1
0 157 15 1
1 156 13 2
1 156 12 2
1 156 11 1
1 155 13 2
1 155 12 2
0 153 11 2
6 172 16 0
2 186 14 0
2 186 15 0
2 186 16 0
1 185 13 0
0 185 14 0
0 185 15 0
0 185 16 0
3 182 7 0
4 182 7 1
3 173 15 0
2 174 15 0
6 172 17 0
0 186 7 1
7 162 18 0
6 162 18 0
4 163 17 0
1 166 18 0
2 159 19 0
2 160 18 0
2 161 17 0
2 162 17 0
6 165 19 0
5 164 18 0
5 161 20 0
3 186 13 0
2 186 10 0
4 186 7 1
4 185 9 1
4 185 8 2
4 185 7 1
4 184 9 1
9 194 10 1
8 166 16 0
2 162 16 0
0 194 11 1
1 193 11 1
0 192 11 1
2 190 13 0
0 189 10 1
1 190 12 0
9 192 14 0
8 192 14 0
7 193 14 0
6 166 13 1
3 165 15 1
9 168 16 0
10 169 17 0
7 172 9 1
1 161 12 2
7 172 11 1
7 173 9 1
1 161 20 0
2 158 18 0
2 157 18 0
3 157 19 0
1 159 13 2
1 160 11 1
4 173 14 0
3 153 12 1
3 153 11 1
2 153 11 1
0 195 12 1
2 152 11 2
0 156 20 0
0 153 17 0
1 154 20 0
0 156 14 1
1 156 14 1
5 155 14 1
0 156 12 2
9 157 12 2
8 156 11 1
8 156 12 2
8 156 13 1
8 166 10 1
8 150 11 1
8 150 12 1
8 150 13 1
8 151 11 1
8 151 12 1
8 151 13 1
8 152 14 1
8 152 11 1
8 152 12 2
8 152 13 1
10 168 12 1
8 167 13 0
10 150 20 0
12 150 19 0
3 191 16 0
2 190 16 0
6 191 14 0
7 188 16 0
9 193 15 0
10 193 15 0
11 193 15 0
8 173 15 0
8 174 14 0
9 182 15 0
3 176 15 0
4 177 15 0
4 177 14 0
7 178 6 1
12 164 11 1
12 164 10 1
12 163 12 1
12 163 11 1
12 163 10 1
12 162 12 1
12 162 11 1
12 162 10 1
11 164 12 1
11 164 11 1
11 164 10 1
11 160 11 1
9 155 20 0
9 155 21 0
7 155 18 0
7 154 19 0
6 154 20 0
9 154 17 0
9 154 18 0
3 168 13 1
4 169 13 0
4 169 14 0
1 168 12 1
1 168 11 2
9 153 11 1
9 153 12 2
9 153 13 1
9 154 11 1
9 154 12 2
9 154 13 1
10 153 11 1
10 153 12 1
10 153 13 2
10 154 11 1
10 154 13 1
11 153 11 1
11 153 12 1
11 153 13 1
11 154 11 1
11 154 12 1
11 154 13 1
11 155 11 1
4 169 20 0
5 165 17 0
5 165 18 0
5 164 19 0
6 164 19 0
3 166 16 0
2 166 18 0
9 171 12 0
8 180 11 0
7 181 11 0
6 182 12 0
5 182 12 0
1 179 12 0
1 180 12 0
2 181 12 0
9 185 12 0
8 184 12 0
7 184 12 0
9 183 11 1
8 185 13 0
12 186 12 1
11 186 12 1
10 186 12 0
9 186 13 0
5 189 12 0
11 190 13 0
11 183 13 0
13 150 20 0
9 150 18 0
8 152 19 0
11 151 18 0
6 150 18 0
9 150 19 0
9 150 20 0
4 196 17 0
7 192 15 0
8 192 15 0
8 191 16 0
9 191 16 0
10 191 16 0
4 191 15 0
3 191 15 0
7 165 13 1
7 164 13 1
7 164 11 1
6 164 13 2
6 164 12 2
6 164 11 1
5 164 11 1
2 169 12 1
2 169 11 2
7 156 19 0
3 153 17 0
2 153 16 0
0 151 17 0
0 152 17 0
0 153 16 0
3 156 19 0
3 155 18 0
0 192 13 0
1 188 11 0
1 182 9 0
4 185 10 1
7 187 10 2
6 153 16 0
7 154 16 0
13 156 16 0
12 156 16 0
5 154 19 0
6 154 19 0
10 151 20 0
6 150 11 1
6 150 12 1
6 150 13 1
7 150 11 1
5 197 13 1
1 195 12 1
5 193 11 1
11 155 18 0
10 155 18 0
4 179 15 0
11 179 16 0
11 179 15 0
0 197 14 0
0 198 14 0
1 198 14 0
4 195 15 0
3 198 14 0
0 199 15 0
6 198 16 0
0 194 13 0
1 194 13 0
12 156 12 1
8 173 10 1
3 168 15 0
4 161 14 1
4 162 15 0
4 163 15 0
9 155 15 0
11 155 14 1
6 154 15 0
6 183 8 1
5 176 12 0
8 175 13 0
4 179 12 0
7 171 13 0
4 184 15 0
5 184 15 0
6 166 16 0
6 165 16 0
7 164 16 0
3 170 15 0
7 173 10 1
12 154 14 1
0 160 15 0
6 176 14 0
9 170 13 0
7 170 14 0
3 174 13 0
3 173 13 0
6 171 18 0
1 155 16 0
4 166 14 1
3 151 15 0
4 151 15 0
5 161 11 1
3 165 14 1
7 199 11 1
4 183 14 0
0 187 12 0
2 188 10 1
3 187 10 1
6 196 15 0
10 160 14 0
11 159 14 0
12 159 13 1
5 157 13 2
5 157 14 1
3 185 14 0
3 185 15 0
11 176 11 0
10 175 11 0
6 175 13 0
7 164 19 0
8 161 17 0
8 160 18 0
9 159 19 0
6 151 11 1
6 151 12 1
6 151 13 1
6 152 11 1
6 152 13 1
7 151 11 1
7 151 12 1
7 151 13 1
7 152 11 1
7 152 12 2
7 152 13 1
9 154 20 0
10 154 21 0
8 153 17 0
8 153 18 0
7 153 19 0
7 152 19 0
1 199 18 0
3 199 15 0
3 199 16 0
4 198 17 0
4 198 18 0
1 197 16 0
1 196 17 0
4 199 15 0
5 199 15 0
5 199 16 0
6 154 18 0
5 162 18 0
9 158 16 0
10 157 17 0
11 157 18 0
4 157 17 0
7 157 16 0
8 155 16 0
3 199 14 0
4 198 14 0
5 197 14 0
6 197 14 1
2 198 13 1
12 175 12 0
11 175 12 0
9 175 13 0
9 183 18 0
6 182 18 0
7 185 16 0
8 182 16 0
9 181 16 0
9 181 17 0
6 184 15 0
4 184 17 0
9 184 15 0
9 185 15 0
10 185 16 0
11 185 17 0
9 183 14 0
10 182 15 0
11 182 15 0
11 182 16 0
4 182 15 0
3 182 15 0
10 184 14 0
11 184 14 0
12 184 14 0
8 183 13 0
9 182 13 0
10 186 13 0
1 167 13 1
2 167 14 1
2 160 11 1
2 160 12 2
2 168 15 0
0 187 8 1
0 188 6 1
0 188 8 1
0 189 6 1
0 189 7 1
0 189 8 2
1 187 6 1
4 174 17 0
8 169 16 0
9 169 16 0
4 188 13 0
4 187 13 0
1 186 12 0
0 191 8 1
0 190 9 1
0 190 8 1
5 161 16 0
0 159 16 0
0 160 16 0
1 163 12 1
1 163 13 2
10 172 16 0
9 172 16 0
5 177 17 0
6 169 17 0
2 164 18 0
5 165 20 0
4 165 19 0
2 165 11 1
1 167 12 2
7 150 13 1
8 179 11 0
10 177 9 1
9 178 10 1
7 181 10 0
8 173 18 0
8 172 12 0
8 196 14 1
8 197 14 1
8 198 14 1
10 164 10 1
10 164 11 1
10 164 12 1
10 165 10 1
10 165 11 1
10 165 12 1
1 190 8 1
1 190 9 2
5 177 18 0
7 180 17 0
8 177 15 0
6 173 19 0
6 167 14 0
1 170 14 0
2 170 14 0
3 170 14 0
10 167 14 0
9 158 14 0
5 153 11 1
5 153 12 1
5 153 13 1
6 153 11 1
6 153 12 2
6 153 13 1
7 153 11 1
7 153 12 2
7 153 13 1
8 175 17 0
8 175 18 0
7 177 16 0
9 155 13 1
10 155 11 1
10 155 12 2
10 155 13 1
8 158 14 0
3 162 14 1
11 177 10 1
10 175 8 1
10 175 9 1
10 175 10 1
3 152 18 0
6 170 16 0
6 171 15 0
10 175 17 0
3 173 18 0
4 173 17 0
5 173 16 0
0 183 7 1
0 183 6 1
0 183 5 1
0 182 7 1
0 182 6 1
7 175 18 0
1 183 6 2
5 183 10 0
7 183 9 1
6 172 18 0
3 184 15 0
2 185 14 0
2 185 13 0
1 189 16 0
1 188 15 0
11 171 9 1
11 175 11 0
11 173 13 0
9 173 13 0
11 172 16 0
4 174 18 0
9 171 17 0
7 176 18 0
7 175 17 0
10 191 12 1
10 191 11 1
7 160 14 1
7 160 13 1
1 155 18 0
1 155 19 0
8 171 11 1
8 172 9 1
8 172 10 2
8 172 11 1
8 173 9 2
7 171 14 0
2 173 14 0
3 173 14 0
5 173 14 0
11 170 14 0
10 170 14 0
9 171 14 0
1 150 14 0
1 151 14 0
0 154 16 0
3 168 10 1
6 178 12 0
5 160 16 0
6 159 16 0
4 154 14 1
4 154 13 2
0 150 16 0
0 150 17 0
1 150 19 0
1 150 20 0
3 154 13 1
3 154 12 2
6 189 11 1
6 190 9 1
8 187 17 0
7 172 10 2
8 180 9 1
7 173 12 0
4 165 15 0
4 164 15 0
6 166 15 0
7 166 15 0
8 165 15 0
8 164 15 0
3 167 15 1
5 171 17 0
1 151 9 1
3 151 18 0
2 150 18 0
2 150 17 0
2 160 19 0
2 160 20 0
3 160 21 0
1 160 17 0
1 160 18 0
1 159 19 0
6 173 18 0
8 174 19 0
3 157 11 1
2 155 18 0
5 152 15 0
1 152 17 0
3 152 15 0
1 157 11 1
3 154 17 0
3 153 18 0
2 156 19 0
2 153 18 0
1 158 11 1
0 166 12 2
4 168 9 1
1 156 19 0
0 159 18 0
2 153 10 1
3 153 10 1
2 158 11 1
1 153 18 0
1 168 15 0
0 171 12 0
0 168 15 0
0 168 16 0
0 172 15 0
0 167 10 1
3 168 18 0
0 166 18 0
2 170 17 0
1 170 15 0
0 171 15 0
0 171 16 0
1 173 13 0
0 165 11 1
0 166 10 1
3 167 18 0
0 170 15 0
3 171 15 0
1 172 14 0
7 170 15 0
7 172 13 0
11 179 13 0
5 156 14 1
4 157 15 1
6 167 17 0
6 172 19 0
0 152 15 0
0 153 15 0
1 154 10 1
0 155 11 1
0 154 13 2
0 154 12 1
0 154 11 1
5 159 11 1
4 159 11 1
4 155 14 1
4 155 13 2
4 155 12 2
7 173 11 1
7 177 12 0
7 177 11 0
6 178 10 0
9 175 10 1
10 174 10 1
10 182 12 0
10 181 13 0
8 179 13 0
9 182 9 2
8 181 10 1
9 181 8 1
5 177 9 0
5 178 10 0
9 177 9 1
9 177 10 0
8 178 12 0
9 175 16 0
4 175 18 0
4 175 17 0
4 158 13 2
2 154 15 0
0 150 15 0
5 155 16 0
5 162 15 0
6 170 12 1
5 172 12 1
5 171 12 1
5 170 12 1
5 168 12 1
5 187 13 0
2 194 9 1
2 194 10 2
2 194 11 1
2 195 9 1
2 195 11 1
2 196 9 1
2 196 10 2
2 196 11 1
3 194 9 1
3 194 10 1
3 194 11 1
3 195 9 1
3 196 9 1
4 199 10 1
5 199 10 1
4 198 16 0
5 198 18 0
8 161 13 1
9 161 11 1
9 161 12 2
10 161 11 1
10 161 12 2
10 161 13 1
0 150 12 1
0 151 10 1
0 151 12 1
10 151 19 0
4 199 17 0
4 199 18 0
4 199 19 0
3 198 15 0
2 198 16 0
6 175 16 0
7 177 14 0
10 180 17 0
0 164 19 0
1 164 18 0
1 163 17 0
5 188 14 0
5 189 14 0
11 192 15 0
10 191 15 0
9 191 14 0
2 193 15 0
4 192 15 0
8 186 15 0
8 187 15 0
11 185 8 1
7 175 15 0
1 188 13 0
1 187 12 0
5 176 13 0
1 164 16 0
4 159 17 0
3 160 17 0
3 161 16 0
3 162 16 0
11 175 8 2
4 190 17 0
9 175 9 1
11 172 8 1
10 174 9 2
10 174 8 2
10 173 10 1
10 173 8 1
10 172 10 2
10 172 9 1
10 178 11 1
11 178 10 1
7 176 12 0
6 175 11 0
5 175 15 0
7 169 14 0
3 192 13 0
5 193 16 0
7 194 19 0
0 164 14 1
0 164 13 1
8 164 11 1
8 164 12 1
8 164 13 1
8 165 13 1
8 166 13 1
8 168 14 0
9 168 14 0
6 165 12 2
7 165 10 1
7 165 11 1
5 154 17 0
6 155 17 0
1 188 6 1
1 187 8 2
6 199 13 1
6 199 12 2
6 199 11 1
5 199 13 1
5 199 12 1
5 199 11 1
10 151 21 0
8 150 19 0
7 169 17 0
5 164 13 1
9 153 20 0
10 150 18 0
4 165 14 1
4 164 13 2
4 164 12 1
7 151 18 0
6 151 19 0
6 151 20 0
11 152 18 0
12 152 19 0
12 153 19 0
2 168 13 1
3 168 14 0
7 164 12 2
6 165 14 1
10 150 16 0
11 150 17 0
12 150 17 0
3 166 14 1
8 162 19 0
8 162 20 0
6 160 19 0
2 159 21 0
1 158 17 0
4 167 15 0
4 168 15 0
6 170 14 0
11 172 15 0
3 188 7 1
1 186 10 0
8 155 11 1
8 188 10 2
8 189 9 1
8 189 11 1
9 187 14 0
8 172 18 0
8 172 19 0
8 172 20 0
6 170 18 0
7 174 19 0
9 169 19 0
5 172 17 0
4 172 18 0
10 174 18 0
6 168 18 0
6 160 16 0
0 167 16 0
1 166 16 0
5 160 17 0
4 161 17 0
7 180 7 1
1 190 10 1
7 180 9 1
1 191 8 1
1 191 9 2
1 191 10 1
1 192 8 1
6 151 17 0
5 151 18 0
4 150 18 0
10 155 17 0
11 156 18 0
9 151 16 0
6 154 17 0
12 153 16 1
13 153 17 0
14 153 17 0
8 151 16 0
8 150 16 0
7 150 16 0
10 151 16 0
11 150 16 1
6 152 16 0
4 152 15 0
9 150 16 0
6 155 15 0
11 151 15 1
12 184 10 2
12 184 9 1
11 184 11 1
8 182 12 0
12 183 12 1
11 183 12 0
9 183 13 0
11 187 13 0
5 160 20 0
5 188 8 1
5 188 9 2
5 188 10 1
8 172 17 0
0 184 9 0
0 183 9 0
0 183 8 0
0 156 15 1
0 182 12 0
1 182 12 0
2 191 14 0
10 179 17 0
10 178 16 0
9 178 16 0
0 155 15 0
10 190 9 1
7 180 11 0
6 180 11 0
9 180 9 1
9 180 8 2
9 180 7 1
12 189 10 1
9 179 9 1
9 179 8 2
9 179 7 1
6 183 12 0
9 178 9 1
9 178 8 2
7 182 15 0
3 194 17 0
3 194 16 0
10 161 14 0
3 195 16 0
3 187 12 0
5 171 18 0
7 181 14 0
5 172 18 0
11 174 13 0
10 167 17 0
11 166 18 0
4 179 17 0
8 154 18 0
8 150 18 0
8 151 17 0
12 154 19 0
11 154 19 0
11 153 18 0
5 153 20 0
7 152 17 0
11 150 20 0
3 166 12 2
10 188 16 0
9 188 15 0
8 188 15 0
6 185 17 0
6 186 16 0
7 188 14 0
5 172 10 2
3 177 15 0
4 176 15 0
9 169 15 0
1 189 10 1
0 188 13 0
0 190 12 0
0 193 8 1
0 193 9 2
1 153 10 1
0 154 10 1
0 153 10 1
4 165 16 0
7 168 19 0
1 167 19 0
7 150 19 0
7 150 18 0
8 151 18 0
8 152 17 0
6 155 18 0
6 156 17 0
7 157 17 0
10 160 19 0
10 160 18 0
9 160 17 0
4 159 18 0
5 159 17 0
9 156 19 0
9 156 18 0
8 157 18 0
7 161 20 0
7 160 19 0
7 160 18 0
7 159 17 0
5 157 20 0
6 157 19 0
7 164 15 0
8 163 15 0
2 166 15 1
1 166 15 1
0 166 15 0
4 168 19 0
1 185 9 1
2 185 7 1
2 185 8 1
10 182 16 0
6 183 15 0
9 180 14 0
4 174 10 1
5 172 8 1
5 173 8 1
5 174 8 1
6 172 8 1
6 173 8 1
6 174 8 1
6 174 9 1
7 174 11 0
10 192 10 1
10 193 10 1
8 191 13 0
6 190 13 0
6 189 12 0
8 189 10 2
7 188 9 1
7 188 10 2
7 188 11 1
7 189 9 1
7 189 10 2
7 189 11 1
8 188 9 1
0 167 12 2
2 163 12 1
2 163 13 2
2 163 14 1
2 164 12 1
2 164 13 2
2 164 14 1
10 156 16 0
11 156 16 0
10 181 14 0
11 181 14 0
12 181 14 0
4 176 14 0
5 152 16 0
9 154 16 0
10 153 16 0
13 178 14 0
13 175 16 0
11 176 13 0
12 177 17 0
11 177 14 0
10 178 6 1
10 177 6 1
10 176 6 1
9 177 6 1
9 176 6 1
8 177 6 1
8 176 6 1
11 176 10 1
2 197 9 1
1 197 9 1
6 195 13 1
3 194 12 1
4 195 13 1
4 194 9 1
4 193 11 2
4 193 10 2
6 194 18 0
6 194 17 0
5 195 16 0
5 196 15 0
3 195 19 0
6 169 13 0
3 168 12 1
3 168 11 2
0 191 10 1
0 187 14 0
0 188 17 0
6 181 15 0
7 181 16 0
7 181 17 0
1 186 9 1
1 187 9 1
1 188 9 1
2 186 7 1
2 186 8 2
2 186 9 1
2 187 7 1
2 187 8 2
2 187 9 1
2 188 7 1
2 188 8 1
9 184 11 1
6 179 12 0
0 170 16 0
0 158 18 0
9 173 18 0
1 161 13 2
0 152 18 0
1 170 16 0
1 171 13 0
0 172 14 0
1 173 11 0
1 170 10 1
1 170 11 1
1 171 10 1
1 171 11 1
1 171 12 1
4 171 17 0
1 169 15 0
2 172 15 0
2 173 15 0
1 167 14 1
2 170 13 0
1 170 13 0
0 171 14 0
1 172 11 0
1 166 10 1
1 172 15 0
0 170 13 0
11 187 16 0
5 188 15 0
3 187 16 0
7 187 14 0
8 185 15 0
5 190 14 0
10 190 14 0
11 190 14 0
12 190 15 0
6 188 14 0
6 187 14 0
8 188 14 0
4 167 18 0
3 166 19 0
3 166 20 0
6 166 17 0
6 166 18 0
7 165 19 0
3 168 17 0
2 168 18 0
1 168 19 0
4 167 14 0
2 170 10 1
2 170 11 2
2 171 10 1
11 184 10 2
11 184 9 1
11 184 8 1
11 183 10 2
11 183 9 1
11 183 8 1
0 156 16 0
7 179 8 1
7 179 7 1
7 178 9 1
3 162 21 0
1 161 18 0
1 161 19 0
0 160 20 0
2 164 20 0
3 155 11 1
4 181 15 0
3 181 16 0
2 152 18 0
11 188 13 0
4 189 12 0
6 186 15 0
5 187 16 0
4 187 16 0
4 187 17 0
10 188 17 0
7 185 14 0
7 185 15 0
7 184 15 0
6 189 16 0
9 196 11 1
9 195 13 1
5 152 11 1
5 151 13 1
5 151 12 1
5 151 11 1
8 176 15 0
8 175 16 0
9 175 17 0
11 157 14 1
11 156 13 2
11 156 12 1
10 157 14 1
10 156 14 1
4 183 8 1
5 170 13 0
2 169 13 0
1 169 12 1
3 164 12 1
3 164 13 2
3 164 14 1
9 151 13 2
9 151 12 1
9 150 14 1
9 150 13 2
9 150 12 1
10 151 13 2
9 159 14 0
6 154 14 1
3 163 13 2
3 163 12 2
2 165 13 2
0 151 13 0
9 181 13 0
7 169 16 0
7 167 14 0
4 163 14 1
9 179 14 0
8 180 14 0
12 154 15 1
9 175 15 0
10 175 15 0
11 174 16 0
3 185 8 2
3 185 9 1
12 174 16 0
6 175 15 0
5 174 15 0
4 174 15 0
3 174 16 0
9 180 16 0
9 171 15 0
3 178 15 0
10 176 14 0
2 187 11 0
1 187 11 0
0 182 11 0
0 183 11 0
0 184 11 0
5 185 13 0
10 188 13 0
9 183 16 0
5 178 14 0
4 195 16 0
5 194 16 0
5 188 17 0
7 191 12 1
7 190 11 1
2 195 12 0
8 194 11 1
8 194 12 1
8 194 13 1
9 194 11 1
5 192 12 1
6 192 10 1
6 192 11 2
6 192 12 1
7 192 10 1
7 192 11 2
5 191 16 0
5 192 15 0
9 196 17 0
8 195 17 0
2 194 18 0
7 191 18 0
7 192 17 0
7 192 16 0
6 193 16 0
6 193 15 0
6 196 18 0
6 192 13 0
2 191 12 0
2 192 12 0
8 184 13 0
6 183 14 0
12 186 14 0
9 185 14 0
8 181 15 0
9 174 9 1
7 152 20 0
8 156 19 0
8 156 20 0
9 152 18 0
10 194 13 1
10 194 12 1
10 194 11 1
10 193 13 1
10 193 11 1
10 192 12 1
10 192 11 1
9 193 11 1
9 192 12 1
9 192 11 2
9 193 12 2
3 193 12 1
8 188 11 1
8 189 12 0
8 196 13 1
8 196 12 1
7 198 14 1
7 197 14 1
7 196 14 1
7 196 13 1
7 196 12 2
6 196 13 1
3 193 13 0
3 196 14 0
1 197 14 0
7 194 14 0
5 196 14 0
1 194 14 0
2 195 14 0
2 196 14 0
9 197 12 1
9 197 11 1
9 196 13 1
5 196 18 0
0 199 17 0
2 197 15 0
2 196 16 0
2 195 17 0
5 198 15 0
6 197 16 0
7 197 16 0
2 198 14 0
1 198 15 0
0 198 15 0
0 197 16 0
3 197 14 0
4 196 15 0
4 194 15 0
5 199 14 0
7 172 16 0
9 186 18 0
5 189 15 0
9 152 19 0
5 175 13 0
7 168 13 0
8 154 17 0
3 156 12 2
3 156 13 2
3 156 14 1
3 157 12 1
3 157 14 2
3 158 12 1
4 156 12 1
4 156 13 2
4 156 14 1
12 178 11 1
4 177 12 0
8 183 11 0
11 180 11 1
12 179 9 1
5 171 19 0
7 174 16 0
7 174 17 0
8 172 16 0
8 171 16 0
4 185 16 0
2 184 13 0
2 184 14 0
1 184 15 0
1 183 16 0
3 188 16 0
3 184 12 0
3 184 13 0
4 183 15 0
4 182 16 0
4 188 12 0
5 188 12 0
0 189 12 0
3 185 12 0
4 184 12 0
1 188 12 0
2 189 11 0
3 190 11 1
3 191 11 1
0 186 11 0
0 185 11 0
0 165 12 2
3 152 12 2
3 152 11 1
2 154 11 1
2 153 13 1
1 151 15 0
2 150 15 0
3 150 15 0
1 153 13 1
1 153 12 1
1 153 11 1
1 152 13 1
1 152 12 1
1 152 11 1
6 179 17 0
6 179 18 0
7 182 16 0
3 158 20 0
7 162 12 2
8 158 17 0
8 159 16 0
10 151 15 1
10 155 16 0
11 156 15 0
13 153 14 2
12 152 13 1
12 152 14 1
3 176 11 0
5 174 12 0
10 175 12 0
7 170 12 1
10 173 13 0
12 176 14 0
2 157 14 2
4 170 11 2
4 170 12 1
4 171 12 1
3 161 13 2
3 162 11 1
4 150 11 1
1 195 10 2
1 195 11 1
1 196 9 1
2 183 8 0
0 199 16 0
10 196 13 1
10 197 11 1
10 197 12 1
10 197 13 1
1 194 12 0
10 163 13 1
10 164 13 1
10 156 12 2
10 156 13 2
10 157 11 1
10 157 12 1
10 157 13 1
10 158 11 1
10 158 12 1
10 158 13 1
8 160 14 0
8 159 14 0
8 159 13 1
2 164 11 1
3 164 11 1
11 163 11 2
10 162 10 1
10 163 10 1
11 162 10 1
11 162 11 1
11 162 12 1
11 163 10 1
8 163 19 0
8 163 20 0
5 162 20 0
7 166 20 0
7 162 17 0
7 161 14 1
7 161 13 1
7 161 12 2
6 151 15 0
12 151 12 1
8 151 14 1
9 155 12 1
9 155 11 1
8 155 13 1
12 184 12 1
9 181 11 1
6 185 12 0
11 186 10 2
11 185 9 1
11 185 10 2
8 179 12 0
6 180 12 0
0 159 15 1
1 160 15 1
5 186 12 0
1 155 15 0
1 156 15 1
1 157 15 1
1 158 15 1
2 162 18 0
3 162 17 0
3 163 17 0
6 167 19 0
0 165 19 0
1 165 18 0
2 165 17 0
5 162 19 0
5 163 19 0
4 163 18 0
4 164 17 0
4 164 16 0
4 167 20 0
3 167 19 0
3 166 18 0
3 165 16 0
2 163 20 0
8 169 17 0
8 170 17 0
7 170 16 0
7 174 18 0
7 173 18 0
7 173 17 0
5 170 19 0
5 170 18 0
9 184 9 2
9 184 10 1
9 185 8 1
9 185 9 2
9 185 10 2
6 183 10 1
4 181 10 0
4 180 10 0
4 180 9 0
3 179 8 0
5 186 7 1
6 174 10 1
9 178 13 0
10 178 12 0
11 178 12 0
12 177 12 0
5 177 12 0
2 189 12 0
5 180 15 0
4 183 9 1
4 183 7 1
7 167 11 2
7 167 12 1
5 163 13 2
5 163 12 1
7 171 11 1
7 171 10 2
7 171 9 1
6 173 11 1
6 173 10 1
5 194 9 1
5 193 9 1
5 192 11 1
5 192 10 1
5 192 9 1
8 194 10 1
8 193 12 1
13 179 9 2
13 178 11 1
13 178 10 1
13 178 9 2
12 178 10 1
12 178 9 2
11 178 11 1
8 180 10 1
14 184 11 1
14 184 10 1
14 179 12 0
13 179 12 0
12 180 12 0
15 183 12 1
14 183 12 1
13 183 12 1
12 186 13 0
12 185 13 0
14 180 14 0
13 181 14 0
12 181 13 0
13 184 15 0
13 184 14 0
12 180 16 0
12 180 15 0
11 181 13 0
11 182 17 0
11 182 14 0
10 186 8 1
14 183 11 2
14 183 10 1
14 183 9 1
14 182 11 2
14 182 10 1
14 182 9 1
14 181 11 1
14 181 10 2
14 181 9 1
13 181 11 1
13 181 10 1
13 181 9 1
14 187 12 1
10 152 19 0
11 155 12 1
11 155 13 2
8 157 14 0
9 176 10 0
8 176 11 0
5 184 8 2
1 182 8 0
1 165 13 2
2 165 14 1
2 166 14 2
9 153 15 0
0 184 12 0
10 168 11 1
10 168 10 1
10 167 12 1
10 167 11 1
10 167 10 1
10 166 12 1
10 166 11 1
10 166 10 1
9 166 12 1
9 166 11 1
9 166 10 1
10 170 12 0
10 169 13 0
3 192 17 0
6 157 11 1
6 156 13 1
4 150 16 0
6 156 12 2
6 156 11 1
5 158 11 1
13 150 15 2
1 194 16 0
1 193 16 0
6 198 15 0
9 198 12 1
8 199 14 1
9 199 13 2
10 176 11 0
11 177 13 0
6 187 10 1
7 185 8 1
7 185 9 2
7 185 10 1
7 186 8 1
7 186 9 2
7 186 10 1
7 187 8 1
7 187 9 2
8 174 9 2
6 173 12 0
4 173 11 1
4 173 10 1
4 173 9 2
4 172 11 1
4 172 10 1
7 182 11 0
8 178 7 1
8 178 8 1
8 178 9 1
8 179 7 2
8 179 9 1
9 178 7 2
4 170 18 0
9 167 19 0
7 172 19 0
5 168 20 0
8 170 20 0
8 170 19 0
10 188 12 1
10 189 13 0
9 189 13 0
4 199 13 1
9 150 17 0
9 152 16 0
5 152 17 0
6 153 17 0
7 153 16 0
12 152 18 0
11 153 17 0
10 153 17 0
9 153 16 0
7 157 18 0
14 157 14 1
14 158 12 1
14 158 13 1
14 158 14 1
14 159 12 1
14 159 13 1
14 159 14 1
10 158 14 1
11 158 14 1
6 157 15 0
10 154 12 2
2 156 18 0
1 156 18 0
1 160 20 0
0 157 18 0
0 157 17 0
2 157 21 0
2 157 20 0
1 157 19 0
10 178 13 0
9 184 14 0
10 184 15 0
11 184 15 0
11 183 16 0
6 184 14 0
3 183 15 0
9 189 15 0
2 167 12 2
8 167 12 1
8 166 12 1
2 171 11 1
4 166 10 1
4 166 11 1
4 166 12 2
5 166 10 1
5 166 11 2
5 166 12 2
6 166 10 1
6 166 11 2
6 166 12 2
8 168 9 1
8 168 10 2
8 168 11 2
9 168 9 1
6 167 18 0
10 172 18 0
3 170 19 0
11 161 13 1
11 162 13 1
6 157 12 2
10 156 11 1
9 158 13 1
9 158 12 2
9 158 11 1
9 157 13 1
4 191 14 0
3 190 14 0
3 190 15 0
7 192 14 0
8 191 14 0
9 190 14 0
3 194 14 0
6 183 9 1
8 181 11 0
12 156 15 1
12 156 14 1
12 156 13 1
12 155 15 1
12 155 14 1
12 155 13 1
13 156 14 2
7 152 14 0
7 153 15 0
7 154 15 0
9 159 15 0
11 154 15 0
10 154 15 0
4 176 11 0
9 172 11 1
9 173 12 0
8 174 13 0
8 177 16 0
0 150 14 0
1 157 16 0
3 169 12 1
3 180 14 0
6 173 17 0
7 174 15 0
3 172 12 1
9 167 13 0
8 167 14 0
2 162 12 2
5 180 14 0
4 164 14 1
5 166 15 0
0 167 15 0
1 167 15 1
2 167 15 1
7 175 16 0
9 176 19 0
8 182 15 0
7 182 14 0
2 181 16 0
3 181 15 0
4 181 14 0
6 183 16 0
2 194 15 0
9 163 17 0
9 163 18 0
10 164 19 0
6 159 17 0
6 158 18 0
9 161 17 0
10 160 17 0
11 160 18 0
7 160 16 0
8 158 16 0
8 157 17 0
9 162 16 0
10 162 16 0
11 162 16 0
7 160 12 1
8 178 15 0
5 164 12 2
2 160 13 1
6 183 7 1
5 185 7 1
5 184 9 1
5 184 7 1
5 183 9 1
5 183 8 2
5 183 7 1
9 150 11 1
9 151 11 1
13 151 13 1
13 150 13 1
7 150 14 0
6 153 15 0
7 152 15 0
13 150 17 0
8 150 17 0
11 152 17 0
13 151 19 0
12 151 19 0
11 150 18 0
6 150 20 0
12 150 18 0
5 160 12 2
9 173 14 0
10 172 14 0
10 171 14 0
5 173 9 2
4 179 16 0
5 162 11 1
6 180 8 1
6 180 7 1
5 168 11 2
3 169 13 0
6 176 10 0
10 176 9 1
3 187 15 0
1 168 10 1
1 167 10 1
3 163 11 1
3 162 13 1
8 181 8 2
8 181 7 1
6 176 12 0
6 175 12 0
6 174 12 0
11 179 11 1
4 178 12 0
5 157 12 2
5 157 11 1
13 150 16 1
5 156 13 2
2 155 12 2
2 154 14 1
2 154 13 1
2 154 12 1
3 155 13 2
8 158 11 1
8 157 13 1
9 189 14 0
3 193 16 0
4 194 16 0
7 198 17 0
8 189 14 0
1 197 17 0
14 152 17 0
13 151 17 0
5 153 17 0
2 197 16 0
11 154 17 0
10 152 17 0
0 150 13 0
0 189 11 0
7 172 8 1
8 172 8 1
10 186 14 0
11 186 14 0
9 191 13 0
7 187 13 0
7 186 13 0
7 185 13 0
7 184 13 0
8 189 13 0
6 174 16 0
5 181 15 0
8 158 19 0
8 158 20 0
9 161 14 0
6 171 14 0
7 162 15 0
0 162 16 0
6 165 15 0
9 165 12 1
9 165 10 1
9 164 12 1
9 164 11 1
9 164 10 1
8 164 10 1
9 165 11 2
6 164 14 1
9 167 14 0
9 163 13 1
8 163 13 1
8 165 14 0
11 166 14 0
10 166 14 0
2 163 16 0
7 178 8 1
10 177 15 0
7 169 9 1
6 195 15 0
9 198 13 1
9 174 17 0
5 177 16 0
4 177 17 0
8 177 14 0
4 198 15 0
4 197 16 0
4 197 17 0
3 196 10 1
3 196 11 1
3 196 12 1
3 197 10 1
3 197 11 1
3 197 12 1
4 196 10 1
4 196 11 2
4 196 12 1
4 197 10 1
4 197 12 1
4 198 10 1
4 198 11 2
4 198 12 1
5 196 10 1
5 196 11 2
5 196 12 2
5 197 10 1
5 197 11 2
5 197 12 2
12 180 10 2
12 180 9 1
12 179 11 1
12 179 10 2
1 164 15 0
6 159 14 1
0 186 15 0
5 175 12 0
4 175 12 0
8 175 12 0
8 173 11 1
9 171 9 1
6 186 8 1
6 186 10 1
2 166 13 2
7 167 13 1
7 166 13 1
7 165 12 2
8 174 16 0
6 158 13 1
3 185 10 0
4 187 7 1
0 184 7 1
1 184 8 0
2 185 10 0
3 184 10 0
6 185 7 1
6 184 9 1
5 187 11 0
2 182 9 0
3 181 10 0
8 177 10 0
7 178 10 0
7 178 11 0
3 157 16 0
4 156 16 0
7 173 15 0
6 171 16 0
6 170 17 0
5 181 13 0
8 178 16 0
7 179 15 0
6 180 14 0
6 180 13 0
9 166 15 0
3 169 15 0
2 169 15 0
1 169 14 0
0 169 14 0
9 172 14 0
9 178 12 0
0 190 10 1
3 184 9 1
3 184 8 1
3 184 7 1
2 184 8 1
2 184 7 1
1 190 7 1
3 182 9 0
3 183 10 0
7 179 14 0
7 179 16 0
6 179 14 0
9 175 11 0
8 176 12 0
8 177 12 0
8 171 14 0
8 172 14 0
4 169 15 0
2 184 6 1
4 150 10 1
9 170 9 1
0 190 7 1
0 189 9 1
10 153 14 1
10 152 14 1
10 152 13 1
10 152 12 1
9 154 14 1
10 188 11 1
10 188 10 2
10 188 9 1
10 187 11 1
10 187 10 2
10 187 9 1
7 166 14 0
8 166 14 0
9 165 14 0
1 164 14 1
0 163 13 1
6 163 13 2
6 162 13 2
5 192 16 0
7 192 19 0
7 192 18 0
6 192 16 0
0 151 11 2
7 179 12 0
1 150 13 0
10 177 13 0
11 178 13 0
7 172 14 0
5 178 15 0
4 168 11 2
4 168 10 1
4 167 12 1
7 180 8 2
4 167 10 1
8 180 7 1
8 180 8 2
8 181 9 1
8 182 7 1
8 182 8 1
7 182 12 0
10 177 16 0
7 177 13 0
7 178 13 0
8 185 14 0
7 183 13 0
10 179 14 0
11 179 14 0
12 179 14 0
6 177 13 0
6 176 13 0
5 176 14 0
1 162 16 0
5 165 15 0
6 164 15 0
2 183 5 1
2 183 6 1
2 183 7 1
2 184 5 1
7 176 14 0
7 181 12 0
8 181 13 0
4 151 13 1
4 152 11 1
4 152 12 2
4 152 13 1
5 179 14 0
7 178 14 0
0 161 15 0
2 155 19 0
4 160 15 1
5 158 15 1
3 158 15 1
3 158 14 2
7 170 17 0
7 170 18 0
3 197 16 0
3 197 17 0
2 196 18 0
4 199 16 0
4 197 15 0
5 196 16 0
5 196 17 0
5 195 18 0
1 198 17 0
0 198 18 0
6 199 17 0
12 154 13 1
8 179 8 2
7 178 7 1
3 191 8 1
3 191 9 1
3 191 10 2
14 154 13 1
14 154 14 1
14 154 15 1
2 191 10 2
2 159 11 1
2 159 12 1
2 159 13 1
6 179 9 1
6 179 8 1
6 179 7 1
4 179 8 0
5 179 9 0
6 179 11 0
8 178 10 0
9 151 14 1
10 150 12 1
10 150 13 2
10 150 14 1
10 151 12 1
10 151 14 1
11 150 12 1
11 150 13 2
11 150 14 1
11 151 12 1
11 151 13 1
6 161 19 0
7 158 19 0
9 154 15 0
9 190 12 1
9 189 12 1
10 190 11 2
7 187 11 1
4 183 11 0
4 182 11 0
8 187 12 0
8 187 13 0
7 188 13 0
4 172 9 1
9 162 14 0
6 158 19 0
11 156 19 0
10 185 12 0
11 184 12 0
0 156 11 1
0 155 13 2
4 154 12 1
3 156 15 1
9 157 17 0
4 158 18 0
0 158 15 1
1 154 15 0
3 162 12 2
0 151 15 0
2 155 15 0
3 155 15 0
3 159 12 1
1 164 11 1
0 164 11 1
4 155 18 0
0 162 11 1
2 151 15 0
3 151 16 0
4 151 16 0
5 151 16 0
2 161 11 1
2 161 12 2
2 161 13 1
1 155 14 1
1 154 14 1
0 154 14 1
2 152 13 1
2 153 14 1
3 158 13 1
6 181 10 0
4 180 8 0
5 180 10 0
7 180 10 0
6 188 11 1
14 175 8 1
13 175 10 1
13 175 9 2
13 175 8 1
12 175 10 1
12 175 9 2
12 175 8 1
7 176 10 0
17 179 11 1
17 179 10 1
17 179 9 1
17 178 11 1
17 178 10 1
17 178 9 1
17 177 11 1
17 177 10 1
17 177 9 1
16 178 11 1
16 178 9 1
16 177 11 1
16 177 10 1
9 152 11 1
10 152 11 1
8 180 12 0
9 179 12 0
2 182 12 0
6 171 10 2
6 171 11 1
6 172 9 2
6 172 11 1
6 173 9 2
0 150 10 2
13 152 16 1
13 151 16 1
13 151 15 1
10 169 14 0
9 170 14 0
12 182 12 0
13 186 12 1
12 185 12 1
11 189 13 0
13 183 14 0
2 188 14 0
4 174 8 1
4 174 9 1
7 169 10 2
3 153 14 1
3 180 15 0
4 189 13 0
3 183 12 0
3 182 12 0
10 170 11 1
8 171 12 0
4 170 10 1
4 151 12 1
5 182 13 0
6 182 15 0
6 182 16 0
6 182 17 0
3 181 11 0
9 182 10 1
8 182 10 1
8 182 11 0
10 154 14 1
11 152 12 1
4 173 12 0
10 187 12 0
11 185 14 0
11 186 13 0
9 184 16 0
3 162 19 0
3 162 20 0
5 171 14 0
7 161 15 0
7 160 15 0
2 152 17 0
2 151 17 0
3 153 16 0
12 153 14 1
8 163 16 0
8 162 17 0
10 167 16 0
4 161 11 1
4 161 12 2
4 161 13 1
4 162 11 1
4 162 12 2
4 162 13 1
1 158 19 0
8 169 9 1
9 170 10 2
5 174 10 1
6 172 13 0
1 150 15 0
2 150 14 0
3 150 14 0
1 157 14 2
1 157 13 2
1 157 12 2
0 157 14 1
0 157 13 2
0 157 12 1
6 158 12 2
10 177 12 0
5 186 10 1
10 162 12 1
16 177 9 1
15 178 11 1
15 178 10 1
15 178 9 1
15 177 11 1
15 177 10 1
15 177 9 1
16 178 10 2
16 184 12 1
16 184 11 1
16 184 10 1
16 183 12 1
16 183 11 1
16 183 10 1
16 182 12 1
16 182 11 1
16 182 10 1
14 176 12 0
13 177 12 0
12 178 12 0
15 180 12 0
14 180 12 0
12 174 13 0
13 180 11 1
13 180 10 2
13 180 9 1
13 179 11 1
13 179 10 1
8 183 9 2
0 194 12 0
5 195 13 1
7 196 11 1
3 192 9 2
3 192 10 2
3 192 11 1
4 192 9 1
4 192 10 2
4 192 11 1
4 193 9 1
3 197 9 1
6 197 10 1
6 198 10 1
6 195 17 0
6 195 18 0
6 195 19 0
4 194 17 0
3 159 17 0
7 168 12 1
8 167 10 1
8 167 11 2
8 169 12 1
10 186 15 0
9 187 15 0
8 187 14 0
6 184 17 0
6 184 16 0
6 185 15 0
10 190 17 0
9 189 16 0
4 188 17 0
4 188 16 0
5 188 16 0
6 188 15 0
9 185 18 0
9 186 17 0
8 186 16 0
10 162 13 1
10 163 11 1
9 180 15 0
7 172 12 0
0 159 13 1
0 159 12 2
3 166 11 1
3 165 13 2
3 165 12 2
3 165 11 1
8 170 12 0
1 170 12 1
7 168 15 0
8 167 15 0
3 190 10 1
3 190 9 2
6 187 8 1
7 184 11 0
0 187 13 0
1 187 15 0
1 187 16 0
1 187 17 0
11 171 14 0
3 174 14 0
2 174 14 0
0 189 15 0
0 190 16 0
1 186 13 0
7 179 13 0
6 161 16 0
1 163 16 0
0 163 15 0
2 160 15 1
11 160 15 0
10 160 15 0
10 169 9 1
7 163 19 0
7 159 16 0
8 159 17 0
8 158 18 0
9 157 19 0
4 160 18 0
3 161 19 0
9 162 18 0
10 162 18 0
6 158 17 0
6 157 18 0
6 156 18 0
9 159 16 0
9 159 17 0
10 159 17 0
11 158 18 0
7 158 16 0
8 157 16 0
8 156 16 0
8 155 17 0
10 161 16 0
11 161 16 0
12 161 16 0
6 159 15 0
6 158 15 0
5 157 15 1
8 159 15 0
9 158 15 0
10 157 15 0
11 157 15 0
9 162 15 0
10 163 15 0
7 158 15 0
7 157 15 0
7 156 14 0
7 155 14 0
9 160 14 0
1 199 12 1
1 199 11 1
1 199 10 1
1 198 12 1
1 198 11 2
1 198 10 1
2 199 11 2
2 198 15 0
2 199 15 0
0 198 16 0
10 162 11 1
9 163 11 1
8 163 14 0
8 168 13 0
8 195 13 1
8 195 12 2
8 195 11 1
9 196 12 2
1 159 12 1
6 163 17 0
2 169 16 0
1 169 16 0
1 160 13 2
10 191 10 1
9 193 10 1
9 191 12 1
8 191 12 1
3 192 12 1
6 190 16 0
5 190 17 0
5 189 18 0
7 193 17 0
7 190 16 0
8 189 16 0
8 189 17 0
8 188 18 0
4 191 16 0
3 191 18 0
8 191 15 0
8 192 16 0
9 192 17 0
10 193 17 0
6 189 15 0
6 188 16 0
6 187 16 0
5 187 17 0
3 179 15 0
10 177 14 0
11 178 14 0
12 178 14 0
6 175 14 0
6 174 14 0
10 159 13 1
7 160 11 1
2 158 14 2
2 159 14 2
2 160 14 1
1 152 18 0
4 157 14 2
4 157 13 2
4 157 12 1
1 154 19 0
1 154 18 0
5 177 15 0
5 183 14 0
7 180 13 0
5 185 16 0
6 181 13 0
6 181 14 0
6 180 15 0
7 180 16 0
2 183 15 0
10 180 16 0
7 186 11 1
6 186 11 1
5 185 11 0
4 184 11 0
10 172 15 0
8 158 15 0
9 157 15 0
9 156 15 0
10 156 15 0
11 155 15 0
10 161 15 0
11 162 15 0
9 184 8 1
7 180 12 0
6 181 12 0
9 168 11 2
0 156 18 0
1 157 17 0
5 154 18 0
4 182 8 1
5 176 15 0
4 175 15 0
3 175 16 0
7 194 13 1
4 195 9 1
4 196 9 1
5 195 14 0
0 159 11 1
1 160 12 2
8 156 14 0
11 159 11 1
11 159 12 1
11 159 13 1
6 155 12 2
5 154 11 1
5 154 12 1
5 154 13 2
5 189 16 0
5 190 16 0
5 191 15 0
9 194 17 0
8 194 17 0
8 193 16 0
2 193 18 0
3 193 17 0
8 190 18 0
7 190 17 0
7 191 16 0
4 191 19 0
5 191 18 0
5 191 17 0
9 188 13 0
2 175 13 0
4 158 14 2
5 159 14 1
0 155 16 0
2 156 16 0
3 155 16 0
1 195 13 0
0 193 11 1
0 195 9 1
0 196 9 1
0 197 9 1
12 181 17 0
11 183 15 0
11 184 16 0
12 179 15 0
12 179 16 0
12 182 14 0
14 183 15 0
13 180 13 0
12 184 13 0
11 179 12 0
12 177 13 0
13 182 12 1
14 182 12 1
15 182 12 1
14 178 12 0
14 180 9 1
14 180 10 1
14 180 11 1
15 180 9 1
15 180 10 2
15 180 11 1
15 181 9 1
15 181 10 1
15 181 11 1
15 182 9 1
15 182 10 1
15 182 11 1
11 177 8 2
11 177 9 1
12 177 8 1
12 177 9 2
12 177 10 1
12 178 8 1
12 179 8 1
13 177 8 1
13 177 9 2
13 177 10 1
13 178 8 1
13 179 8 1
11 180 15 0
12 180 17 0
10 180 14 0
9 179 16 0
12 178 15 0
12 178 16 0
14 182 15 0
10 179 12 0
12 180 13 0
13 179 13 0
14 179 14 0
15 179 14 0
13 184 13 0
12 176 13 0
14 181 12 1
15 181 12 1
12 179 12 0
13 178 12 0
14 177 12 0
15 183 10 1
15 183 11 2
15 184 10 1
15 184 11 1
15 184 12 1
14 179 9 1
14 179 10 1
14 179 11 1
15 179 9 1
15 179 10 1
15 179 11 1
16 179 9 1
16 179 10 1
2 173 13 0
3 172 14 0
5 164 14 1
5 165 14 1
5 166 14 1
5 167 14 0
2 162 11 1
2 162 13 1
7 173 13 0
7 174 13 0
11 180 13 0
9 179 13 0
2 177 13 0
1 150 17 0
1 153 15 0
2 153 15 0
0 187 7 1
6 188 8 1
5 189 10 2
5 189 9 2
5 189 8 1
0 165 13 1
1 190 11 1
1 191 11 1
9 161 19 0
5 163 17 0
3 164 19 0
9 165 18 0
10 165 19 0
7 162 16 0
9 162 17 0
10 162 17 0
11 162 18 0
4 162 17 0
7 161 16 0
8 160 16 0
9 160 11 1
9 160 12 1
9 160 13 1
10 160 11 1
10 160 12 2
10 160 13 1
7 161 11 1
7 162 11 1
7 195 15 0
7 195 16 0
8 195 16 0
2 196 15 0
9 153 14 1
9 152 14 1
9 152 13 1
9 152 12 1
6 156 15 0
11 156 14 1
8 157 15 0
14 157 15 1
8 192 9 1
9 190 9 1
9 190 10 1
9 190 11 1
9 191 9 1
9 191 10 1
9 191 11 2
4 190 12 0
9 185 11 1
8 186 12 0
8 174 18 0
8 174 17 0
6 177 14 0
9 172 15 0
5 168 10 1
2 171 14 0
7 150 17 0
13 154 12 1
10 187 14 0
2 190 14 0
6 189 14 0
8 190 13 0
9 190 13 0
10 190 13 0
11 190 12 1
1 186 16 0
0 189 13 0
10 155 15 0
5 154 16 0
6 154 16 0
6 155 16 0
10 185 15 0
11 167 16 0
12 167 16 0
9 164 15 0
5 182 16 0
9 177 14 0
9 177 15 0
0 186 9 1
2 169 18 0
3 166 10 1
2 168 12 1
2 168 11 2
2 168 10 1
2 167 11 2
2 167 10 1
2 166 12 2
2 166 11 1
6 161 13 2
0 162 14 1
0 163 14 1
1 163 14 1
2 164 15 0
8 164 14 0
7 164 14 1
5 164 15 0
0 168 14 0
11 185 16 0
5 185 15 0
4 185 15 0
8 189 15 0
8 184 14 0
11 187 14 0
12 187 14 0
9 185 13 0
10 184 13 0
4 194 18 0
3 194 19 0
5 197 17 0
0 195 10 2
0 195 11 1
0 196 10 2
0 196 12 1
2 190 11 1
2 191 11 1
4 190 11 1
0 166 13 1
1 165 14 1
5 163 14 1
7 162 14 1
7 162 13 1
1 167 16 0
0 158 16 0
1 160 16 0
7 163 17 0
6 163 16 0
5 162 16 0
0 163 16 0
3 157 17 0
3 158 17 0
5 186 14 0
4 186 13 0
5 165 13 1
5 165 12 2
5 165 11 1
8 185 12 0
8 186 13 0
8 183 16 0
9 183 17 0
9 182 17 0
1 185 12 0
2 191 13 0
1 190 13 0
5 170 10 2
7 156 15 0
7 155 15 0
0 169 16 0
1 168 16 0
2 167 16 0
5 162 17 0
5 163 16 0
5 164 16 0
9 174 14 0
8 173 13 0
3 171 12 1
4 172 12 1
5 172 13 0
6 173 13 0
12 173 12 0
9 174 13 0
5 173 11 1
7 169 13 0
7 170 13 0
8 171 17 0
5 173 15 0
10 165 16 0
11 165 16 0
12 166 16 0
9 163 15 0
10 162 15 0
5 159 15 1
5 160 15 1
2 161 15 0
0 162 15 0
3 158 18 0
3 159 19 0
7 158 11 1
7 157 13 1
7 157 12 2
7 157 11 1
9 180 10 1
3 180 10 0
5 161 15 0
1 161 15 0
7 178 15 0
8 178 17 0
9 165 16 0
8 160 17 0
9 157 11 1
9 156 13 1
9 156 12 2
9 156 11 1
8 158 13 1
8 158 12 2
8 153 11 1
8 153 12 2
8 153 13 1
8 154 11 1
8 154 12 2
8 154 13 1
3 179 11 0
6 183 11 0
7 183 11 0
7 183 10 1
8 183 10 1
1 182 10 0
1 181 10 0
0 181 10 0
3 187 11 0
4 187 10 1
12 187 12 1
11 187 12 1
10 187 13 0
9 187 13 0
10 191 13 0
8 188 13 0
2 187 13 0
11 184 13 0
10 185 13 0
9 186 14 0
6 186 14 0
12 189 14 0
4 199 12 1
4 199 11 1
4 198 13 1
3 198 13 1
2 197 12 1
2 197 11 2
2 197 10 1
1 197 12 1
1 197 11 1
1 197 10 1
0 197 11 1
0 197 10 1
3 199 13 1
2 199 13 1
1 171 14 0
6 169 14 0
6 168 14 0
6 167 13 1
11 152 15 1
12 151 14 1
10 178 9 1
10 179 7 1
3 163 14 1
2 171 12 1
2 172 10 1
2 172 11 1
2 172 12 1
3 172 10 1
3 172 11 1
1 150 9 1
6 168 16 0
0 151 9 1
0 160 11 1
0 160 12 2
0 160 13 1
0 161 11 1
0 161 12 1
0 161 13 1
0 198 10 1
5 198 12 1
5 198 11 1
5 198 10 1
5 175 17 0
9 171 16 0
10 170 17 0
4 170 16 0
4 174 16 0
12 173 15 0
10 169 15 0
11 168 15 0
7 168 14 0
12 171 13 0
9 169 13 0
2 171 18 0
3 171 17 0
4 170 17 0
5 170 15 0
8 168 18 0
12 150 12 1
3 173 16 0
10 174 15 0
10 177 17 0
4 176 16 0
7 178 18 0
7 177 17 0
0 158 11 1
0 157 11 1
3 170 16 0
4 170 15 0
5 171 15 0
11 170 17 0
10 170 16 0
2 169 10 1
9 170 16 0
4 163 13 2
4 163 12 1
5 167 17 0
6 168 17 0
6 169 16 0
6 170 15 0
10 173 18 0
9 173 17 0
3 172 18 0
4 172 17 0
4 172 16 0
5 172 16 0
8 169 18 0
8 178 6 1
7 180 6 1
7 179 6 1
1 162 17 0
0 162 17 0
1 188 14 0
0 187 6 1
0 188 7 2
1 192 10 1
1 192 9 2
0 152 9 1
0 153 9 1
7 151 17 0
8 152 16 0
13 151 18 0
12 151 18 0
11 151 17 0
10 151 17 0
1 160 19 0
4 160 17 0
5 161 19 0
4 164 19 0
5 160 19 0
4 163 19 0
5 158 18 0
3 156 18 0
9 192 9 1
9 192 10 1
5 191 9 1
5 191 10 2
5 191 11 1
6 192 14 0
1 166 12 2
1 166 11 1
1 165 12 1
1 165 11 1
3 188 9 2
2 183 9 0
2 184 10 0
12 181 10 2
12 181 11 1
12 182 9 1
12 182 10 2
12 182 11 1
10 178 7 1
10 178 8 1
8 165 18 0
7 165 17 0
5 169 11 2
5 169 10 2
8 165 12 1
8 165 11 1
8 165 10 1
7 168 16 0
5 156 16 0
3 154 15 0
5 155 17 0
7 155 19 0
1 169 11 2
1 169 10 1
0 199 12 1
1 199 15 0
5 174 14 0
10 159 12 1
5 193 12 1
6 193 10 1
7 166 18 0
8 166 20 0
5 165 19 0
8 164 19 0
9 164 19 0
10 168 19 0
7 165 16 0
6 163 18 0
10 185 8 1
10 184 8 1
7 189 8 1
7 188 8 1
9 186 12 0
12 187 11 2
12 187 10 1
12 187 9 1
12 186 11 1
12 186 10 1
12 186 9 1
12 185 11 1
12 185 10 1
12 177 11 0
14 174 10 1
14 174 9 1
14 174 8 1
13 174 10 1
13 174 9 1
9 196 15 0
10 196 15 0
4 193 14 0
3 193 14 0
3 192 14 0
2 191 15 0
11 178 8 2
11 178 9 1
11 179 7 1
11 180 7 1
5 180 9 0
9 181 7 1
9 182 7 1
9 198 14 1
9 199 12 1
9 199 14 1
10 198 12 1
10 198 13 2
10 198 14 1
10 199 12 1
10 199 13 1
10 199 14 1
9 174 10 1
5 193 14 0
5 192 13 0
5 191 13 0
5 190 13 0
8 196 15 0
6 190 15 0
6 191 15 0
5 194 14 0
10 196 11 1
10 195 13 1
10 195 12 1
10 195 11 1
9 197 13 1
5 169 12 1
4 183 10 0
3 183 11 0
3 184 11 0
4 190 10 2
4 190 9 2
4 190 8 1
0 183 10 0
7 184 10 1
6 184 10 1
6 191 9 1
6 190 11 1
11 150 15 1
5 170 17 0
7 177 15 0
7 175 14 0
11 178 17 0
10 150 15 1
9 177 16 0
2 157 16 0
1 155 11 1
1 154 13 2
1 154 12 1
1 154 11 1
0 156 13 2
11 172 10 1
11 173 8 2
8 179 16 0
2 184 11 0
2 183 11 0
2 182 11 0
2 181 11 0
2 180 11 0
3 185 11 0
4 185 11 0
5 184 11 0
5 172 15 0
4 172 15 0
4 171 16 0
3 171 16 0
7 171 15 0
8 173 14 0
11 182 12 0
12 180 14 0
9 174 15 0
12 177 16 0
11 177 15 0
1 169 18 0
1 168 17 0
1 185 8 1
1 185 7 1
0 191 7 1
1 188 10 1
4 189 10 1
4 189 9 2
9 167 16 0
3 164 16 0
8 167 16 0
4 173 15 0
1 163 11 1
1 162 13 2
1 181 15 0
4 184 13 0
5 184 13 0
6 184 13 0
7 183 14 0
1 184 12 0
9 167 11 2
9 167 12 1
1 185 10 0
1 186 11 0
2 192 10 2
2 192 9 2
2 192 8 1
0 186 8 1
2 155 16 0
5 159 19 0
8 159 18 0
4 153 17 0
4 157 11 1
3 155 19 0
4 152 17 0
5 154 15 0
11 156 11 1
3 152 17 0
5 153 15 0
2 156 11 1
2 157 11 1
3 156 11 1
7 179 9 1
6 179 10 0
6 180 10 0
6 181 11 0
5 181 11 0
1 180 10 0
2 180 10 0
5 172 14 0
6 173 14 0
5 170 11 1
6 170 9 1
6 170 10 2
12 177 15 0
11 176 14 0
6 159 11 1
6 160 11 1
0 155 12 2
1 153 16 0
8 176 16 0
8 176 17 0
8 176 18 0
9 193 13 1
10 193 12 1
8 162 18 0
9 173 10 1
9 173 9 2
3 195 11 1
3 195 12 1
4 181 12 0
8 179 10 0
0 198 12 1
0 198 11 2
8 197 13 1
5 198 13 1
10 164 15 0
4 194 10 1
4 194 11 2
4 194 12 1
5 194 10 1
5 194 11 2
5 194 12 1
6 194 10 1
6 194 11 2
6 194 12 2
6 195 10 1
6 195 11 1
6 195 12 1
6 196 10 1
6 196 11 1
6 196 12 1
5 155 11 1
4 184 8 2
4 184 7 1
2 184 9 1
6 162 14 1
7 169 11 1
6 171 13 0
6 171 12 1
8 171 9 1
8 171 10 2
8 171 19 0
0 164 17 0
1 165 17 0
2 165 16 0
7 163 11 1
7 163 12 2
7 163 13 1
0 158 12 2
0 158 13 2
0 158 14 1
0 159 14 1
0 160 14 1
1 158 12 1
1 158 13 2
1 158 14 2
8 150 14 1
8 153 14 0
8 154 14 0
7 166 12 1
9 170 15 0
1 171 16 0
2 171 16 0
6 167 15 0
1 167 17 0
3 168 16 0
4 168 16 0
7 166 19 0
0 150 9 1
14 157 12 1
14 157 13 1
6 173 15 0
11 173 16 0
10 173 15 0
9 173 15 0
9 168 10 1
1 151 16 0
1 152 16 0
4 152 18 0
8 187 11 1
6 191 13 0
4 191 12 0
4 189 17 0
3 189 17 0
7 189 14 0
9 190 16 0
0 166 16 0
1 189 12 0
7 166 10 1
9 168 17 0
11 153 16 1
12 152 16 1
5 155 15 0
4 155 15 0
11 159 15 0
8 154 15 0
8 153 15 0
8 152 15 0
8 151 15 0
8 150 15 0
4 192 13 0
4 193 13 0
4 194 14 0
5 152 12 1
5 152 13 1
12 163 16 0
2 165 12 2
4 181 17 0
9 178 17 0
14 175 9 1
14 175 10 1
9 176 8 2
8 175 7 1
8 176 7 2
8 176 8 1
8 177 7 2
8 177 8 1
9 175 7 1
9 176 7 2
9 176 9 1
9 177 7 2
10 175 7 1
10 176 7 1
10 176 8 1
10 177 7 1
2 198 11 2
2 198 10 1
8 186 17 0
7 190 15 0
6 193 14 0
7 198 16 0
7 197 15 0
7 196 15 0
8 165 17 0
11 168 18 0
9 169 17 0
4 187 14 0
3 180 13 0
2 179 14 0
4 154 11 1
3 189 15 0
2 189 14 0
0 186 13 0
2 158 16 0
3 156 17 0
4 158 19 0
0 154 17 0
4 161 16 0
4 173 8 1
4 172 8 1
8 173 12 0
11 173 11 1
11 172 11 1
11 171 11 1
11 171 10 2
5 163 11 1
4 164 11 1
8 157 11 1
8 157 12 1
9 153 17 0
8 154 16 0
4 155 17 0
5 156 17 0
6 156 16 0
12 155 18 0
11 156 17 0
10 156 17 0
9 156 16 0
5 161 18 0
6 153 19 0
7 154 18 0
7 154 17 0
7 155 17 0
7 156 16 0
11 159 19 0
9 160 15 0
8 160 15 0
8 161 15 0
4 157 16 0
6 160 15 0
4 185 17 0
9 186 15 0
10 186 16 0
4 184 14 0
5 174 16 0
6 174 15 0
9 172 18 0
9 172 17 0
8 173 16 0
8 174 15 0
7 177 18 0
7 176 17 0
6 174 18 0
6 174 17 0
7 171 16 0
3 163 15 0
1 150 18 0
3 160 18 0
4 160 19 0
2 160 17 0
2 161 16 0
5 163 18 0
0 162 18 0
4 159 20 0
6 191 10 2
6 191 11 1
6 190 12 0
6 192 9 1
12 150 13 1
12 150 14 2
12 150 15 2
9 151 15 0
0 188 12 0
5 173 17 0
5 174 18 0
9 163 16 0
10 164 16 0
11 164 16 0
12 164 16 0
6 161 15 0
8 162 15 0
9 161 15 0
5 177 14 0
11 177 16 0
4 159 13 2
4 159 12 1
3 151 13 1
4 151 11 1
5 155 12 2
5 155 13 2
6 154 11 1
6 154 12 2
6 154 13 1
6 155 11 1
6 155 13 1
7 154 11 1
7 154 12 2
7 154 13 1
7 155 11 1
7 155 12 2
7 155 13 1
7 159 11 1
8 188 12 0
2 190 15 0
1 187 13 0
7 165 14 1
2 170 15 0
11 167 15 0
10 167 15 0
9 168 15 0
12 171 16 0
4 174 13 0
4 172 14 0
6 165 13 1
0 184 13 0
0 185 13 0
6 162 12 2
0 191 13 0
8 185 8 1
8 185 9 1
8 185 10 1
8 186 8 1
8 186 9 2
8 186 10 2
6 179 15 0
5 178 16 0
5 178 17 0
7 180 14 0
7 181 15 0
7 182 17 0
0 151 14 0
7 162 19 0
7 161 17 0
5 158 20 0
6 159 19 0
4 195 12 1
4 195 11 1
4 195 10 1
1 159 11 1
5 165 16 0
9 176 16 0
8 178 14 0
8 179 15 0
4 168 18 0
5 168 17 0
7 169 20 0
6 175 17 0
6 150 14 0
5 176 16 0
5 176 17 0
4 176 17 0
9 176 15 0
11 161 12 1
11 161 11 1
11 160 13 1
11 160 12 1
4 156 19 0
5 156 19 0
7 155 16 0
10 153 20 0
9 153 19 0
8 176 9 1
11 175 10 1
11 175 9 1
9 156 17 0
8 194 16 0
7 194 15 0
6 194 15 0
4 188 11 1
3 189 11 1
9 188 12 1
11 188 10 1
11 188 11 1
6 185 11 0
9 186 10 2
9 186 9 1
9 186 11 1
10 185 9 1
7 193 13 1
6 193 13 1
5 193 13 1
4 193 12 1
4 194 13 0
5 194 13 1
4 191 11 1
4 191 10 2
4 191 9 1
9 164 13 1
11 167 14 0
7 165 15 0
4 158 12 1
9 167 17 0
3 186 10 1
4 186 8 2
9 184 13 0
3 173 17 0
4 165 18 0
4 166 17 0
5 167 16 0
9 171 18 0
2 170 18 0
3 169 18 0
3 169 17 0
4 169 16 0
1 181 11 0
1 182 11 0
1 183 11 0
1 184 11 0
1 185 11 0
5 189 11 1
4 189 11 1
3 188 11 0
5 183 11 0
11 188 12 1
5 188 13 0
5 195 10 1
5 195 11 2
5 195 12 1
1 192 16 0
0 196 11 2
10 181 9 2
10 181 10 1
10 182 8 1
10 182 9 2
10 182 10 2
10 183 8 1
10 183 9 2
10 183 10 2
5 179 10 0
5 178 9 0
4 177 9 0
5 182 10 0
3 189 8 1
3 189 9 2
3 189 10 1
3 190 8 1
9 165 15 0
10 166 15 0
8 188 8 1
6 191 16 0
7 159 14 1
7 158 14 1
10 163 14 0
13 187 10 1
13 187 11 1
13 188 10 1
13 188 11 1
13 188 12 1
13 189 10 1
13 150 14 1
13 189 12 1
13 183 9 1
3 177 11 0
13 183 11 1
5 178 12 0
13 184 10 1
4 192 18 0
4 193 17 0
8 183 17 0
3 195 14 0
4 196 14 0
9 197 15 0
8 197 15 0
6 192 15 0
5 195 15 0
4 195 14 0
0 195 16 0
1 195 16 0
2 195 15 0
8 169 14 0
9 168 13 0
10 168 13 0
5 168 14 0
4 168 14 0
3 167 14 1
2 167 13 1
3 161 17 0
4 153 13 1
4 153 12 2
4 153 11 1
5 169 14 0
5 184 10 1
3 182 10 0
3 181 9 0
2 180 8 0
6 182 8 2
5 181 7 1
9 170 11 1
2 186 13 0
3 186 14 0
4 186 14 0
5 170 9 1
9 187 11 1
9 187 10 1
9 187 9 1
8 187 10 2
8 187 9 2
4 187 11 0
9 182 11 1
6 184 12 0
5 184 12 0
5 179 13 0
5 180 13 0
5 181 12 0
4 182 12 0
6 188 13 0
5 168 16 0
3 194 15 0
9 193 16 0
9 168 12 1
8 168 12 1
8 169 13 0
0 150 11 1
5 198 19 0
1 162 11 1
1 162 12 2
6 182 11 0
4 166 16 0
4 165 17 0
4 164 18 0
3 170 17 0
3 171 18 0
6 167 16 0
9 151 17 0
8 153 16 0
4 154 17 0
1 186 14 0
1 185 15 0
2 185 16 0
11 174 15 0
12 174 15 0
4 184 10 0
4 150 14 0
4 150 13 0
5 159 12 2
5 158 14 1
5 158 13 2
5 158 12 1
4 160 14 1
4 160 13 2
0 155 14 1
5 150 16 0
4 160 12 2
4 159 14 2
8 168 16 0
3 175 15 0
0 155 18 0
0 154 18 0
2 188 9 1
0 188 10 0
10 174 14 0
10 173 14 0
11 172 14 0
4 175 14 0
6 163 11 1
6 163 12 2
1 164 12 1
1 164 13 2
0 189 14 0
3 163 19 0
4 163 20 0
4 163 21 0
2 163 17 0
2 163 18 0
1 162 19 0
1 162 20 0
3 163 16 0
4 162 18 0
7 163 15 0
10 170 15 0
11 163 15 0
8 166 15 0
6 177 11 0
8 187 16 0
3 195 18 0
3 196 17 0
4 196 16 0
11 157 12 1
11 157 13 2
8 155 12 2
8 160 12 2
8 160 11 1
7 159 13 1
7 159 12 1
7 158 13 1
7 158 12 2
12 164 12 1
5 162 14 1
5 162 13 2
5 162 12 2
5 161 14 1
5 161 13 1
5 161 12 2
5 160 14 1
5 160 13 2
7 163 16 0
8 168 17 0
11 163 18 0
10 163 17 0
9 164 17 0
8 164 16 0
6 161 18 0
6 162 17 0
10 167 19 0
9 166 18 0
9 162 19 0
8 163 18 0
7 167 20 0
12 151 15 1
12 151 16 1
13 151 14 1
6 198 14 1
5 193 15 0
5 194 15 0
0 196 16 0
1 197 15 0
8 196 16 0
7 196 16 0
6 197 15 0
5 197 15 0
10 159 11 1
9 159 11 1
8 159 12 2
8 159 11 1
9 159 12 2
8 161 12 1
8 161 11 1
8 168 19 0
8 168 20 0
5 167 20 0
7 171 20 0
8 167 17 0
8 167 18 0
8 166 19 0
9 166 19 0
3 169 19 0
10 170 19 0
6 165 18 0
6 164 18 0
7 150 12 2
7 167 19 0
5 163 20 0
8 165 20 0
8 176 13 0
9 171 10 2
9 171 11 1
10 171 9 1
10 171 10 1
2 170 12 1
4 152 14 0
3 152 14 0
11 186 9 1
11 185 11 1
3 162 15 0
3 161 15 0
3 160 14 1
1 168 14 0
14 179 15 0
10 173 16 0
10 173 17 0
11 170 16 0
9 172 12 0
12 172 14 0
13 171 14 0
14 174 13 0
11 171 12 0
12 170 12 0
10 169 12 1
14 172 10 0
13 175 7 1
14 173 7 1
14 173 8 1
14 173 9 1
14 174 7 1
14 175 7 1
7 175 6 1
7 175 7 1
12 171 14 0
13 173 13 0
11 170 12 0
12 169 12 0
5 176 10 0
3 172 8 1
3 172 9 1
3 173 8 1
3 173 9 1
3 173 10 1
3 174 8 1
3 174 9 1
3 174 10 1
6 174 7 1
6 175 7 1
6 175 8 1
6 176 7 1
6 176 8 1
7 174 7 1
3 170 13 0
11 157 11 1
11 158 12 2
6 157 14 1
9 155 14 1
8 155 14 0
8 156 15 0
11 154 14 1
11 153 14 1
11 152 14 2
11 152 13 1
9 169 10 2
9 169 9 1
8 170 11 1
8 170 10 2
8 170 9 1
8 169 11 1
8 169 10 2
2 164 19 0
6 161 14 1
6 161 12 2
6 160 14 1
6 160 13 2
6 160 12 2
10 189 9 1
7 172 15 0
6 178 17 0
9 179 18 0
8 179 17 0
1 152 14 0
13 184 9 1
2 151 13 1
13 184 11 2
2 150 13 0
0 153 14 1
1 183 15 0
2 189 15 0
7 184 14 0
8 184 15 0
4 180 14 0
4 179 14 0
4 178 15 0
5 182 14 0
4 183 13 0
9 176 11 0
4 186 16 0
4 186 15 0
4 170 13 0
4 185 14 0
2 182 16 0
2 182 15 0
3 183 14 0
3 183 13 0
5 184 16 0
5 172 11 1
9 170 17 0
3 165 17 0
11 165 18 0
10 165 17 0
9 165 17 0
11 190 10 1
11 189 12 1
11 189 11 2
11 189 10 1
10 190 12 1
10 190 10 1
3 156 20 0
3 155 17 0
8 170 14 0
9 169 14 0
10 168 14 0
4 171 14 0
3 171 14 0
3 153 13 1
2 156 15 1
4 150 12 1
0 152 13 0
4 151 10 1
7 167 18 0
10 183 12 0
9 182 12 0
9 181 12 0
8 181 12 0
3 179 13 0
4 179 13 0
10 176 13 0
9 177 13 0
8 178 13 0
4 175 13 0
11 186 11 1
12 185 9 1
13 180 8 1
14 179 8 1
14 180 8 1
8 174 7 1
9 174 7 1
10 174 7 1
10 176 10 0
11 176 8 2
11 176 9 1
7 191 11 1
7 192 12 1
6 194 13 1
1 192 12 0
2 193 12 0
9 194 12 1
9 194 13 1
7 199 16 0
12 181 9 1
11 182 11 1
11 181 11 1
10 182 11 1
10 181 11 1
9 177 11 0
12 180 11 1
11 180 12 0
10 180 12 0
2 180 13 0
3 198 16 0
10 159 16 0
11 159 16 0
12 159 16 0
6 157 16 0
8 168 15 0
7 169 15 0
0 193 10 1
1 193 8 1
1 193 9 2
1 193 10 1
0 186 10 0
10 189 10 1
10 189 11 2
10 189 12 1
11 180 9 2
11 180 10 2
11 181 8 1
11 181 9 2
11 181 10 2
11 182 8 1
11 182 9 1
11 182 10 2
6 178 11 0
5 177 10 0
5 176 9 0
2 191 9 1
2 191 8 1
2 190 10 1
2 190 8 1
2 189 9 2
2 189 8 1
1 189 9 1
2 190 9 2
1 184 9 0
0 185 10 0
0 158 20 0
0 158 19 0
5 169 9 1
7 169 18 0
8 170 18 0
4 169 19 0
5 169 18 0
5 169 17 0
5 170 16 0
12 169 16 0
1 161 16 0
11 169 16 0
10 169 16 0
6 162 15 0
8 163 17 0
5 169 15 0
8 164 17 0
7 176 15 0
8 165 16 0
6 176 17 0
8 170 16 0
7 178 16 0
3 167 17 0
6 190 10 2
4 180 15 0
3 180 16 0
8 180 15 0
9 181 15 0
7 175 12 0
5 175 9 0
7 189 16 0
7 189 17 0
8 189 18 0
8 189 19 0
5 187 18 0
2 159 16 0
3 164 18 0
2 154 19 0
2 154 18 0
1 154 17 0
0 159 17 0
6 159 18 0
5 159 18 0
2 160 16 0
0 163 18 0
0 156 19 0
1 157 18 0
1 158 18 0
1 159 17 0
1 159 16 0
4 162 19 0
3 161 18 0
10 182 13 0
0 151 18 0
0 151 19 0
0 160 17 0
0 190 15 0
0 181 12 0
3 189 14 0
2 190 12 0
5 179 12 0
5 183 12 0
2 194 12 0
6 159 13 2
5 166 16 0
5 167 15 0
7 172 17 0
2 157 17 0
7 175 8 2
10 183 14 0
7 174 10 1
12 187 15 0
5 168 9 1
6 169 10 2
10 174 11 0
10 174 12 0
11 175 16 0
3 191 14 0
11 176 15 0
10 176 15 0
9 176 14 0
5 181 16 0
6 180 16 0
13 189 11 1
4 153 14 1
5 153 14 1
13 183 10 1
10 176 16 0
13 172 14 0
14 172 14 0
10 172 12 0
11 170 13 0
14 175 13 0
11 172 12 0
13 171 12 0
13 170 12 0
14 173 10 0
12 170 9 1
12 170 10 1
12 170 11 1
6 175 9 1
7 176 6 1
7 176 7 1
7 176 8 1
7 177 6 1
7 177 7 1
7 177 8 1
10 172 7 1
5 160 11 1
3 161 14 1
1 161 14 1
4 155 16 0
4 154 16 0
2 151 14 0
3 151 14 0
3 162 18 0
3 175 13 0
4 155 11 1
4 154 18 0
0 159 20 0
2 161 18 0
2 162 19 0
2 159 17 0
3 159 18 0
3 158 19 0
7 173 16 0
7 166 17 0
9 195 11 1
9 195 12 1
4 192 19 0
6 196 17 0
7 193 15 0
8 193 15 0
9 192 16 0
10 192 16 0
3 193 15 0
11 185 15 0
9 184 17 0
8 185 16 0
7 189 18 0
7 188 17 0
6 185 18 0
6 185 16 0
8 186 18 0
7 156 18 0
9 160 18 0
1 156 17 0
4 156 15 1
7 192 9 1
7 191 10 2
7 191 9 1
7 190 10 2
7 190 9 1
8 191 10 2
5 190 11 1
5 190 12 0
7 192 13 0
1 153 17 0
0 161 18 0
9 159 13 1
8 160 13 1
8 161 14 0
11 162 14 0
7 195 10 1
7 194 12 2
7 194 11 1
7 194 10 1
7 193 12 1
7 193 11 2
7 193 10 1
6 193 12 1
6 193 11 2
16 179 11 1
16 180 9 1
16 180 10 1
16 180 11 1
16 181 9 1
16 181 10 1
16 181 11 1
12 176 8 1
12 176 9 2
12 176 10 1
13 176 8 1
13 176 9 2
13 176 10 1
14 176 8 1
14 176 9 1
14 176 10 1
14 177 8 1
14 177 9 2
14 177 10 1
14 178 8 1
14 178 9 2
14 178 10 1
10 178 10 1
9 177 8 1
10 181 7 1
12 179 17 0
10 178 14 0
13 177 16 0
13 180 14 0
14 181 15 0
12 178 13 0
13 178 13 0
14 178 14 0
15 178 14 0
13 183 13 0
11 177 12 0
12 175 13 0
10 183 13 0
9 183 12 0
8 183 12 0
7 183 12 0
6 178 13 0
6 179 13 0
5 180 12 0
7 186 14 0
6 186 13 0
6 185 13 0
13 153 16 1
7 151 15 0
1 179 14 0
7 174 12 0
7 175 13 0
7 176 13 0
3 161 12 2
3 181 12 0
2 164 16 0
8 161 18 0
4 176 12 0
3 175 11 0
6 184 7 1
6 184 8 2
8 192 10 1
8 192 11 2
8 192 12 1
8 193 10 1
8 193 11 2
2 152 12 2
6 174 13 0
5 174 13 0
5 171 11 2
5 172 9 2
8 175 9 1
7 174 14 0
8 173 17 0
1 181 13 0
6 187 15 0
2 183 13 0
2 182 14 0
6 162 16 0
1 167 11 2
1 166 13 1
10 181 12 0
11 181 12 0
12 181 12 0
9 180 12 0
9 178 11 0
10 183 11 1
11 183 11 1
12 183 9 1
12 183 10 2
12 183 11 1
9 179 10 1
10 179 8 2
10 179 9 2
10 179 10 1
11 179 8 1
0 196 14 0
8 196 11 1
2 196 12 1
1 196 12 1
5 196 13 1
3 193 11 1
7 198 12 2
7 198 13 1
8 198 11 1
8 198 12 1
8 198 13 1
8 199 11 1
7 180 15 0
9 180 18 0
8 180 17 0
7 182 10 1
11 179 10 2
11 179 9 2
1 196 13 0
1 197 13 0
1 198 13 0
5 198 14 0
4 199 14 0
0 199 14 0
3 197 15 0
2 199 14 0
0 197 17 0
1 198 16 0
3 199 18 0
7 156 13 1
7 156 12 2
7 156 11 1
6 158 11 1
6 157 13 1
1 153 14 1
0 153 12 1
0 153 13 1
0 152 16 0
1 152 19 0
1 152 20 0
0 154 19 0
1 151 17 0
1 151 18 0
4 161 19 0
4 181 11 0
4 180 11 0
3 199 17 0
7 175 11 0
3 178 10 0
4 174 11 0
10 176 12 0
3 179 14 0
5 177 11 0
5 178 11 0
5 179 11 0
5 180 11 0
8 186 11 1
8 185 11 1
4 182 13 0
4 182 14 0
10 179 11 1
13 185 9 1
13 185 10 1
13 185 11 2
12 180 8 1
12 181 8 1
12 182 8 1
14 150 17 0
10 184 17 0
12 185 14 0
12 186 15 0
12 183 13 0
13 182 14 0
13 185 12 1
14 185 12 1
13 181 12 1
13 186 10 1
13 186 11 2
13 182 9 1
13 182 10 2
11 190 11 1
11 191 10 1
11 191 11 1
11 191 12 1
8 190 12 1
6 188 12 0
8 162 12 1
8 163 11 1
8 163 12 1
9 162 11 1
9 162 12 2
9 162 13 1
9 150 15 1
7 151 14 0
6 152 14 0
10 152 15 1
12 151 13 1
10 163 12 1
3 188 12 0
2 188 12 0
1 183 13 0
1 184 13 0
7 189 15 0
1 196 15 0
8 194 15 0
9 194 15 0
10 195 15 0
4 192 14 0
9 183 10 1
9 183 9 2
9 183 8 1
3 155 14 1
3 155 12 1
3 154 14 1
0 163 11 1
3 159 11 1
4 161 18 0
0 162 19 0
1 162 18 0
0 167 17 0
1 161 17 0
0 163 19 0
14 150 15 1
0 161 16 0
6 163 15 0
14 151 14 1
3 164 17 0
1 193 13 0
0 192 14 0
0 193 12 0
5 173 10 1
9 175 14 0
10 191 17 0
0 169 15 0
4 169 17 0
1 170 18 0
1 169 17 0
2 167 19 0
0 166 14 1
2 167 18 0
0 166 11 1
0 170 14 0
1 169 13 0
1 171 15 0
0 170 12 1
0 170 11 1
0 170 10 1
0 169 10 1
0 168 10 1
1 168 13 1
0 172 11 0
0 169 13 1
0 169 11 2
0 168 13 1
0 168 12 1
0 168 11 2
0 167 13 1
0 167 11 1
2 173 11 0
0 169 12 1
4 168 13 1
1 172 13 0
2 171 13 0
2 172 13 0
3 171 13 0
2 168 14 0
4 168 17 0
3 171 9 1
3 170 9 1
9 167 9 1
8 167 9 1
7 167 9 1
3 172 13 0
4 172 13 0
2 169 14 0
3 169 14 0
4 171 8 1
10 168 9 1
4 169 9 1
4 175 10 0
11 168 12 0
11 169 12 0
4 173 13 0
12 170 14 0
7 171 12 0
11 173 15 0
8 170 13 0
5 151 14 0
9 178 15 0
8 169 15 0
6 169 18 0
6 169 19 0
1 191 12 0
4 183 12 0
10 181 8 1
9 182 8 1
9 181 10 1
9 181 9 2
4 197 13 1
2 195 10 2
1 194 9 1
1 194 10 2
1 194 11 1
1 195 9 1
7 168 17 0
2 196 13 0
2 197 13 0
1 196 10 1
1 196 11 1
7 190 13 0
7 191 13 0
3 190 12 0
4 191 13 0
11 192 12 0
10 192 13 1
9 192 13 1
8 192 13 1
6 187 13 0
6 189 13 0
6 190 14 0
8 194 14 0
2 192 14 0
10 189 14 0
8 190 14 0
7 191 14 0
3 188 15 0
4 189 14 0
4 190 14 0
5 191 14 0
6 170 13 0
6 169 12 1
6 168 12 1
6 167 12 1
6 167 11 2
6 167 10 1
4 182 9 1
5 181 9 1
6 186 9 2
5 185 8 2
5 185 9 1
2 181 13 0
9 181 14 0
8 181 14 0
7 181 13 0
6 182 13 0
4 167 19 0
0 188 11 0
2 192 11 1
1 190 14 0
1 189 14 0
11 172 13 0
12 172 12 0
5 171 13 0
4 171 13 0
3 170 12 1
8 171 13 0
9 170 12 0
9 188 14 0
5 196 19 0
10 170 10 2
10 170 9 1
10 169 11 1
10 169 10 1
9 174 16 0
8 175 15 0
8 176 10 0
8 177 9 1
3 150 10 1
3 150 11 2
3 150 12 1
3 151 10 1
3 151 11 1
3 151 12 1
3 152 10 1
0 152 14 0
1 151 13 1
2 153 17 0
1 155 17 0
1 156 16 0
5 156 18 0
4 156 18 0
0 158 17 0
0 153 19 0
5 190 9 1
5 168 13 0
5 167 13 1
5 166 13 1
5 166 18 0
5 166 19 0
5 166 20 0
3 166 17 0
3 165 18 0
3 165 19 0
2 165 20 0
1 162 14 1
0 164 12 2
0 163 12 2
0 162 13 1
0 162 12 2
6 162 11 1
6 161 11 1
2 152 15 0
9 176 17 0
6 178 15 0
5 167 10 1
4 169 12 1
4 169 11 2
4 169 10 1
4 168 12 1
4 180 12 0
11 176 12 0
12 176 12 0
11 179 17 0
12 159 14 1
12 159 12 1
12 158 14 1
12 154 18 0
11 154 18 0
10 154 17 0
9 155 17 0
9 155 16 0
7 151 19 0
7 152 18 0
7 153 17 0
11 157 19 0
10 157 18 0
10 156 18 0
3 166 13 1
3 167 11 2
3 167 12 2
3 167 13 1
4 165 11 1
8 173 19 0
7 182 7 1
7 181 9 1
7 181 8 2
7 181 7 1
6 182 9 1
6 182 7 1
6 181 9 1
6 181 8 1
6 181 7 1
5 182 9 1
5 182 8 1
5 182 7 1
5 181 8 1
7 189 13 0
9 174 8 2
13 154 13 1
13 154 14 1
13 154 15 1
4 174 12 0
7 168 11 2
7 168 10 1
7 168 9 1
6 169 11 2
6 169 9 1
6 168 11 1
6 168 10 1
6 168 9 1
10 180 8 1
10 180 9 2
10 180 10 1
11 180 8 1
4 167 13 1
4 166 13 1
4 165 13 2
4 165 12 1
6 170 11 1
7 154 14 0
7 153 14 0
13 158 13 2
1 167 18 0
12 157 12 1
12 157 13 1
12 157 14 1
12 158 12 1
12 158 13 1
5 181 14 0
5 175 16 0
6 176 15 0
6 177 15 0
6 178 14 0
10 181 16 0
3 179 10 0
9 179 11 0
6 169 15 0
8 170 15 0
8 171 15 0
8 172 15 0
7 173 14 0
3 172 16 0
4 173 16 0
4 180 16 0
5 169 16 0
3 166 15 1
5 168 15 0
11 171 15 0
10 171 15 0
2 173 16 0
3 172 15 0
2 168 16 0
3 169 16 0
5 183 13 0
6 183 13 0
7 182 13 0
8 182 14 0
11 165 15 0
10 158 18 0
9 158 18 0
9 158 17 0
4 157 19 0
6 157 17 0
9 154 19 0
9 172 13 0
10 172 13 0
3 160 11 1
3 160 12 2
4 160 11 1
3 153 15 0
4 153 15 0
12 150 16 1
11 151 16 1
11 152 16 1
10 152 16 0
6 150 16 0
0 197 12 1
0 198 13 0
1 199 13 1
12 154 16 0
11 154 16 0
10 154 16 0
8 199 15 0
7 198 15 0
7 167 16 0
7 183 15 0
10 187 17 0
9 175 8 2
8 175 8 1
13 153 12 1
13 152 12 1
12 153 12 1
12 152 12 1
6 153 14 1
10 180 7 1
11 178 7 1
6 164 16 0
6 159 12 2
6 158 14 1
6 171 9 1
2 170 16 0
7 171 17 0
7 171 18 0
8 179 6 1
3 184 16 0
7 179 17 0
8 179 18 0
3 187 13 0
4 188 14 0
4 188 15 0
0 183 14 0
0 182 15 0
3 185 13 0
4 185 13 0
4 167 17 0
4 167 16 0
6 168 20 0
6 168 19 0
5 168 18 0
6 185 9 2
6 185 8 1
5 185 10 1
3 182 8 0
4 182 10 0
6 182 10 0
8 182 9 1
7 151 16 0
7 152 16 0
13 155 17 0
4 156 17 0
0 152 10 1
0 152 11 1
0 152 12 1
10 171 11 1
10 172 11 1
10 173 11 1
4 171 9 1
4 171 10 2
4 171 11 2
1 186 7 1
0 188 9 1
0 187 9 1
1 186 8 1
8 180 6 1
9 178 6 1
9 179 6 1
4 166 15 0
2 165 15 1
4 180 13 0
4 181 13 0
12 155 12 1
12 154 12 1
10 155 14 1
6 156 14 1
6 155 14 1
5 154 14 1
9 152 15 0
0 199 11 2
0 199 10 1
3 199 12 2
5 152 14 0
6 152 15 0
11 153 15 1
10 153 15 1
3 198 10 1
14 153 15 1
14 153 14 1
14 153 13 1
14 152 15 1
14 152 14 1
14 152 13 1
13 153 15 1
13 153 13 1
13 152 15 1
13 152 14 1
13 152 13 1
3 188 14 0
5 191 8 1
12 153 13 2
12 152 15 2
2 155 14 1
2 155 13 2
3 158 16 0
5 158 17 0
0 154 15 0
4 152 16 0
4 187 15 0
5 186 11 0
6 190 8 1
4 157 18 0
4 158 17 0
10 152 20 0
10 152 21 0
8 152 18 0
8 151 19 0
7 151 20 0
9 153 18 0
9 151 18 0
7 190 18 0
5 186 18 0
6 186 17 0
7 187 15 0
8 188 17 0
7 189 12 0
3 193 10 2
3 193 9 1
2 193 11 1
2 193 10 2
2 193 9 2
7 188 12 0
6 187 11 1
10 186 11 1
10 186 10 2
10 186 9 1
10 185 11 1
7 160 17 0
8 160 19 0
8 160 20 0
1 180 14 0
7 179 11 0
2 178 10 0
10 180 11 1
9 180 11 0
3 171 11 2
3 171 10 1
3 170 11 2
3 170 10 1
3 169 11 2
3 169 10 1
7 169 12 1
6 166 14 0
0 190 11 0
2 185 12 0
2 186 12 0
3 189 12 0
2 162 15 0
0 165 14 1
6 184 11 0
1 187 7 1
1 191 13 0
10 176 17 0
6 175 10 1
6 176 11 0
11 188 14 0
5 188 11 1
2 178 13 0
3 178 13 0
11 175 13 0
10 175 13 0
9 176 13 0
8 177 13 0
4 174 14 0
5 175 14 0
2 163 11 1
3 161 11 1
4 179 11 0
9 174 11 0
0 165 18 0
5 161 17 0
5 160 18 0
6 160 18 0
0 161 17 0
4 166 18 0
9 169 11 1
5 173 13 0
5 173 12 0
3 174 11 0
9 174 12 0
5 176 11 0
9 167 10 1
9 169 12 1
6 168 13 0
3 167 10 1
0 191 14 0
0 191 15 0
0 191 12 0
2 186 11 0
3 186 11 0
4 186 11 0
6 185 10 1
2 188 11 0
2 185 11 0
12 184 11 1
9 184 12 0
7 185 11 1
8 182 17 0
9 182 18 0
6 181 17 0
3 157 13 2
2 156 12 2
2 156 13 2
2 156 14 1
2 157 12 1
2 157 13 2
3 154 16 0
2 154 16 0
5 157 17 0
3 156 16 0
2 151 11 2
1 150 10 1
5 167 12 1
5 167 11 2
3 152 13 1
6 172 14 0
4 170 14 0
4 185 12 0
5 185 12 0
6 186 12 0
7 186 12 0
1 183 12 0
2 185 9 1
3 185 7 1
1 159 14 1
1 160 14 1
2 158 12 1
2 158 13 1
1 154 16 0
3 177 13 0
4 178 13 0
5 157 16 0
3 182 13 0
7 186 15 0
6 185 14 0
0 184 15 0
1 184 14 0
6 181 16 0
5 182 15 0
3 159 13 2
3 159 14 2
3 159 15 1
3 160 13 2
3 160 15 1
4 158 15 1
4 159 15 1
5 157 18 0
1 158 16 0
2 156 17 0
2 155 17 0
2 154 17 0
4 159 16 0
6 160 17 0
0 157 16 0
0 164 16 0
0 165 16 0
9 157 14 1
12 159 11 1
12 158 11 1
12 157 11 1
11 158 13 1
11 158 11 1
8 162 16 0
8 161 16 0
2 187 14 0
3 187 14 0
12 153 15 1
1 192 13 0
5 190 8 1
1 189 13 0
2 188 13 0
3 188 13 0
5 187 15 0
3 192 15 0
2 188 16 0
6 177 12 0
4 190 16 0
6 191 12 1
5 191 12 1
1 187 14 0
0 189 16 0
1 189 15 0
10 179 15 0
1 189 11 0
4 192 12 1
6 161 17 0
4 190 13 0
3 159 16 0
1 194 15 0
5 158 16 0
0 190 14 0
2 191 16 0
6 173 16 0
3 194 8 1
0 187 10 0
3 191 12 0
0 194 14 0
1 192 15 0
2 194 8 1
1 194 8 1
4 193 8 1
4 192 8 1
4 191 8 1
3 193 8 1
3 192 8 1
2 193 8 1
3 191 13 0
2 194 13 0
1 190 15 0
1 191 14 0
0 192 12 0
0 195 15 0
0 193 13 0
0 194 8 1
1 191 15 0
0 193 16 0
0 193 15 0
0 191 11 1
2 192 13 0
1 193 12 0
2 166 17 0
2 166 19 0
2 164 17 0
0 192 15 0
2 193 13 0
0 197 13 0
0 194 10 2
0 194 9 1
0 199 9 1
0 198 9 1
1 192 11 1
9 156 14 1
6 152 12 2
0 195 13 0
0 196 13 0
3 163 18 0
2 194 14 0
0 165 17 0
1 192 14 0
10 174 13 0
6 194 14 0
4 177 13 0
6 182 14 0
8 193 14 0
3 183 7 1
6 195 14 0
6 175 18 0
2 193 14 0
6 176 16 0
11 161 14 0
9 177 18 0
7 157 14 0
5 170 14 0
2 165 18 0
2 165 19 0
0 164 18 0
0 168 17 0
7 170 19 0
14 150 14 1
5 156 12 1
7 191 15 0
7 191 17 0
7 167 10 1
6 172 15 0
11 171 16 0
1 199 17 0
1 199 16 0
8 181 17 0
5 179 15 0
11 181 16 0
7 176 16 0
3 183 9 1
3 183 8 1
4 158 16 0
1 165 16 0
11 182 13 0
10 183 15 0
0 186 12 0
9 188 16 0
8 184 7 1
8 183 7 1
6 177 18 0
12 190 12 1
12 190 11 1
12 190 10 1
12 189 12 1
12 189 11 1
8 191 19 0
12 188 11 2
12 188 10 1
10 184 12 0
5 156 11 1
13 187 12 1
14 150 16 1
11 188 15 0
9 186 16 0
7 185 7 1
7 184 7 1
12 188 12 1