DAV_OBMAP v3 cell_size=10
2 -45 8 0
1 -46 10 0
0 -47 7 1
0 -46 7 1
1 -46 7 1
1 -45 5 2
18 -35 4 0
19 -35 5 0
19 -36 4 0
19 -36 5 0
20 -36 4 0
20 -37 4 0
2 -45 7 1
20 -36 5 0
22 -36 4 0
22 -36 5 0
20 -35 6 0
20 -35 3 0
20 -35 2 0
17 -36 4 0
18 -37 5 0
19 -38 4 1
19 -38 5 1
19 -36 6 0
19 -36 3 0
19 -36 2 0
3 -40 8 0
2 -39 8 0
2 -39 9 0
1 -40 10 0
1 -40 7 0
1 -36 10 0
17 -35 4 0
17 -36 5 0
17 -38 4 1
18 -38 5 0
21 -39 4 2
19 -11 9 1
20 -40 3 1
19 -10 8 1
20 -40 4 1
20 -40 5 1
20 -39 3 1
20 -39 4 2
20 -39 5 1
20 -38 3 1
20 -38 5 1
21 -40 3 1
21 -40 4 1
21 -40 5 1
21 -39 3 1
21 -39 5 1
21 -38 3 1
21 -38 4 1
21 -38 5 1
22 -40 3 1
22 -40 4 1
22 -40 5 1
22 -39 3 1
22 -39 4 1
22 -39 5 1
22 -38 3 1
22 -38 4 1
22 -38 5 1
21 -39 6 2
20 -40 6 1
20 -40 7 1
20 -39 6 2
20 -39 7 1
20 -38 6 1
20 -38 7 1
21 -40 6 1
21 -40 7 1
18 -35 5 0
19 -37 4 0
20 -37 5 0
22 -37 4 0
1 -38 10 0
5 -50 8 0
5 -50 7 0
18 -9 8 1
18 -9 9 1
19 -9 8 2
19 -9 9 1
18 -7 5 1
18 -7 6 2
18 -7 7 1
19 -7 5 1
19 -7 6 2
19 -7 7 1
20 -9 5 1
20 -9 6 1
20 -9 7 1
20 -8 5 1
20 -8 6 2
20 -8 7 1
20 -7 5 1
20 -7 6 2
20 -7 7 1
17 -8 8 2
16 -7 5 1
16 -7 6 1
16 -7 7 1
17 -7 5 1
17 -7 6 1
17 -7 7 1
15 -8 7 1
15 -8 8 1
1 -38 5 1
1 -44 9 0
0 -34 10 0
0 -37 4 1
0 -37 5 1
0 -37 6 2
0 -36 5 1
0 -36 6 2
0 -35 4 1
0 -36 3 0
1 -37 4 0
1 -37 5 1
1 -37 3 0
2 -38 3 0
2 -36 6 0
2 -36 3 0
2 -36 2 0
8 -48 2 1
8 -48 3 1
8 -48 4 1
8 -47 2 1
8 -47 3 1
8 -47 4 1
1 -36 8 0
1 -36 9 0
0 -35 8 0
0 -35 9 0
0 -38 8 1
1 -35 8 0
1 -35 9 0
0 -34 8 1
1 -34 8 0
0 -34 9 0
4 -50 7 0
4 -50 8 0
8 -50 3 0
8 -50 4 0
3 -47 3 1
3 -47 4 1
3 -47 5 1
4 -47 5 1
12 -17 6 2
11 -17 7 2
11 -16 7 1
12 -17 5 1
12 -17 7 2
12 -16 5 1
12 -16 6 2
12 -16 7 1
13 -17 5 1
13 -17 6 1
13 -17 7 2
13 -16 5 1
13 -16 6 2
13 -16 7 1
7 -20 2 1
7 -19 2 1
7 -18 2 1
9 -23 3 1
9 -23 4 1
9 -23 5 1
10 -23 3 1
10 -23 4 1
10 -23 5 1
11 -23 3 1
11 -23 4 2
11 -23 5 2
11 -22 3 2
11 -22 4 2
11 -21 3 1
17 -24 4 0
18 -24 4 0
17 -24 5 0
19 -23 2 1
10 -23 7 2
19 -23 3 1
19 -23 4 1
19 -22 2 1
19 -22 3 1
19 -22 4 1
19 -21 2 1
19 -21 3 1
19 -21 4 1
14 -25 4 0
14 -25 5 0
16 -26 4 1
16 -25 5 0
16 -26 5 1
17 -25 4 0
17 -25 5 0
16 -24 6 0
16 -24 3 0
16 -24 2 0
16 -24 4 0
6 -47 5 1
7 -50 5 1
7 -50 6 1
12 -20 4 0
13 -20 4 0
10 -17 7 1
7 -21 2 1
8 -21 2 1
9 -21 2 1
10 -24 3 1
10 -24 4 1
10 -24 5 1
11 -24 3 1
11 -24 4 1
11 -24 5 1
12 -24 3 1
12 -24 4 1
12 -24 5 1
12 -23 3 1
12 -23 4 1
12 -23 5 1
12 -22 3 1
12 -22 4 1
12 -21 4 1
11 -20 3 0
11 -20 2 0
16 -20 3 1
16 -20 4 1
10 -24 6 1
11 -24 6 1
0 -11 3 0
1 -11 3 1
0 -11 4 0
0 -11 2 0
1 -11 2 0
0 -10 3 0
0 -10 4 0
0 -10 2 0
9 -19 4 1
10 -19 4 1
10 -19 5 1
10 -19 6 2
11 -19 4 1
0 -13 4 1
0 -13 2 1
11 -18 5 1
11 -18 6 2
11 -17 5 1
11 -17 6 2
10 -19 2 1
10 -19 3 1
11 -19 2 1
11 -19 3 1
12 -19 2 1
13 -21 4 0
14 -21 4 1
12 -18 2 1
13 -21 5 0
14 -21 5 0
15 -21 3 2
14 -22 2 1
14 -22 3 1
14 -22 4 1
14 -21 2 1
14 -21 3 1
14 -20 2 1
0 -10 0 1
0 -10 1 1
3 -19 2 1
4 -19 2 1
5 -19 2 1
5 -18 2 1
5 -17 2 1
8 -20 4 2
7 -21 3 1
7 -21 4 1
7 -21 5 1
8 -21 3 1
8 -21 4 1
8 -21 5 1
8 -20 3 2
8 -19 3 1
8 -19 4 1
9 -21 3 1
9 -21 4 2
9 -21 5 2
9 -20 3 1
9 -20 4 1
9 -19 3 2
7 -21 6 2
7 -21 7 1
8 -21 6 2
8 -21 7 2
9 -21 6 2
9 -21 7 2
10 -20 6 2
10 -21 5 1
10 -21 6 2
10 -21 7 2
10 -20 5 1
10 -20 7 1
10 -19 7 1
11 -21 5 1
11 -21 6 2
11 -21 7 2
11 -20 5 1
11 -20 6 2
11 -20 7 2
11 -19 7 1
8 -17 7 1
9 -17 7 1
8 -18 3 1
8 -18 2 1
2 -50 4 1
2 -50 5 2
12 -19 6 2
11 -18 7 1
12 -20 5 1
12 -20 6 1
12 -20 7 1
12 -19 5 1
12 -19 7 2
12 -18 5 1
12 -18 6 2
12 -18 7 2
13 -20 5 1
19 -39 6 1
13 -20 6 1
13 -20 7 1
13 -19 5 1
18 -37 6 0
18 -37 3 0
18 -37 2 0
13 -18 6 2
13 -18 7 2
11 -16 5 1
11 -16 6 2
6 -15 6 1
6 -15 7 1
4 -20 3 1
4 -20 4 1
4 -20 5 1
5 -20 7 1
5 -19 7 1
6 -20 7 1
6 -19 7 1
4 -20 2 1
5 -20 2 1
6 -20 2 1
6 -19 2 1
6 -18 2 1
6 -21 3 1
6 -21 4 1
6 -21 5 1
6 -21 6 1
8 -22 3 1
8 -22 4 1
8 -22 5 1
9 -22 3 1
9 -22 4 1
9 -22 5 1
10 -22 3 1
10 -22 4 2
10 -22 5 2
10 -21 3 1
10 -21 4 1
10 -20 3 1
10 -20 4 1
8 -22 6 2
8 -22 7 2
9 -22 6 2
9 -22 7 2
10 -22 6 2
10 -22 7 2
11 -22 5 1
18 -36 6 0
17 -36 6 0
16 -36 5 0
16 -36 6 0
16 -36 4 0
16 -38 5 0
15 -38 5 0
15 -38 6 0
16 -38 4 1
15 -38 4 1
16 -39 5 0
16 -39 6 0
16 -39 4 1
17 -39 5 0
17 -40 5 0
17 -39 6 0
17 -39 4 1
18 -39 6 0
17 -38 6 0
17 -38 7 0
17 -38 3 1
0 -49 11 0
0 -38 10 0
5 -50 9 0
4 -49 8 0
4 -49 9 0
4 -49 7 0
3 -50 9 0
18 -25 4 0
19 -25 4 0
18 -25 5 0
19 -25 5 0
18 -24 5 0
18 -23 5 1
18 -22 5 1
18 -21 5 1
15 -26 4 1
15 -26 5 1
17 -26 4 1
17 -27 4 1
15 -12 5 1
17 -26 5 1
17 -27 5 1
17 -28 4 2
16 -12 6 2
16 -29 3 1
14 -13 8 1
16 -29 4 1
16 -29 5 1
16 -28 3 1
16 -28 4 1
16 -28 5 1
16 -27 3 1
16 -27 4 2
16 -27 5 1
17 -29 3 1
17 -29 4 2
17 -29 5 1
17 -28 3 1
17 -28 5 1
17 -27 3 2
18 -29 3 2
18 -29 4 2
18 -29 5 1
18 -28 3 1
18 -28 4 1
18 -28 5 1
18 -27 3 1
18 -27 4 1
18 -27 5 1
18 -26 4 1
18 -26 5 0
17 -25 6 0
17 -25 3 0
17 -25 2 0
5 -49 0 1
5 -49 1 2
24 -30 4 0
22 -31 4 0
22 -32 4 0
22 -31 5 0
22 -32 5 0
23 -31 5 0
22 -30 6 0
22 -30 3 0
22 -30 2 0
7 -50 3 0
7 -50 4 1
6 -48 3 1
6 -48 4 1
4 -50 -1 1
4 -49 -1 1
5 -50 -1 1
5 -49 -1 1
6 -50 -1 1
6 -50 0 2
0 -29 2 1
0 -29 3 1
0 -29 4 1
6 -49 1 2
24 -31 4 0
18 -32 3 2
0 -35 -1 1
0 -39 9 0
0 -35 1 1
0 -34 -1 1
0 -34 1 1
0 -33 -1 1
0 -33 0 1
0 -33 1 1
1 -35 -1 1
1 -35 0 1
1 -35 1 1
1 -34 -1 1
1 -34 0 1
1 -34 1 1
1 -33 -1 1
1 -33 0 1
1 -33 1 1
0 -34 2 0
1 -33 9 0
7 -49 3 1
7 -49 4 1
7 -48 3 2
5 -47 3 1
6 -50 2 1
6 -49 2 1
6 -48 2 1
6 -50 5 1
6 -49 5 1
6 -48 5 1
4 -48 0 1
4 -48 1 1
5 -48 0 1
5 -48 1 1
6 -48 0 1
6 -48 1 1
1 -37 8 0
2 -33 8 0
0 -36 8 1
1 -32 9 0
0 -36 9 0
0 -32 8 1
0 -31 8 0
0 -32 9 0
0 -33 9 0
0 -33 10 0
1 -32 5 1
1 -32 6 1
0 -38 7 1
0 -37 7 1
0 -36 7 1
1 -32 4 0
1 -32 3 0
8 -49 3 1
7 -48 4 1
6 -47 3 1
6 -47 4 1
4 -47 2 1
4 -47 3 1
4 -47 4 1
5 -47 2 1
5 -47 4 1
6 -47 2 1
7 -50 0 1
7 -50 1 1
7 -50 2 1
7 -49 0 1
7 -49 1 1
7 -49 2 1
7 -48 0 1
7 -48 1 1
7 -48 2 1
2 -33 9 0
2 -33 7 1
1 -31 8 0
1 -31 7 1
0 -31 9 0
0 -31 7 1
3 -34 4 0
3 -35 5 0
3 -34 5 0
2 -36 4 0
2 -36 5 0
1 -36 4 0
1 -36 5 1
3 -36 6 0
3 -36 3 0
3 -36 2 0
1 -38 6 1
1 -38 7 1
1 -37 6 1
1 -37 7 1
2 -43 6 1
1 -44 7 0
2 -32 8 0
2 -32 9 0
2 -32 7 1
2 -31 8 0
2 -31 9 0
2 -31 7 1
0 -30 8 0
0 -30 9 0
0 -30 7 1
0 -32 10 0
16 -7 9 1
0 -31 6 2
1 -31 5 1
1 -31 6 2
19 -12 5 1
19 -11 5 1
20 -10 6 1
0 -50 11 0
19 -7 8 1
19 -7 9 1
19 -6 8 1
3 -31 8 0
3 -31 7 1
2 -30 8 0
2 -30 7 1
1 -30 8 0
1 -29 8 0
1 -30 7 1
1 -29 7 1
1 -31 9 0
1 -31 10 0
0 -30 6 1
1 -30 5 1
1 -30 6 1
2 -32 5 1
2 -32 6 1
2 -31 5 1
2 -31 6 1
2 -30 5 1
2 -30 6 2
21 -5 7 2
18 -5 5 1
18 -5 6 1
18 -5 7 1
18 -6 8 2
17 -6 8 1
17 -6 9 1
17 -5 7 1
17 -5 8 1
17 -5 9 1
18 -6 9 1
18 -5 8 1
18 -5 9 1
19 -5 8 2
19 -5 9 1
20 -10 5 1
21 -9 7 1
21 -9 8 1
21 -9 9 1
9 -50 6 0
8 -49 6 0
7 -48 6 0
23 -1 9 1
24 -1 9 1
25 -3 7 1
25 -3 8 1
25 -3 9 1
25 -2 9 1
25 -1 9 1
3 -29 8 0
3 -30 8 0
3 -29 7 1
26 -1 6 1
26 -1 7 1
26 -1 8 1
3 -43 8 0
3 -43 9 0
2 -42 8 0
2 -42 9 0
1 -43 10 0
1 -42 6 1
2 -42 6 1
1 -43 7 0
23 -28 4 0
23 -28 5 0
21 -28 3 1
22 -30 4 0
21 -28 6 0
21 -28 2 0
2 -41 8 0
2 -41 9 0
2 -35 9 0
9 -49 8 0
7 -49 8 0
6 -49 8 0
23 -29 4 0
0 -40 9 0
23 -27 4 0
0 -39 8 0
22 -30 5 0
21 -29 6 0
21 -29 2 0
0 -41 8 0
3 -42 8 0
2 -40 8 0
1 -42 10 0
1 -42 7 0
8 -50 8 0
23 -31 4 0
23 -30 5 0
9 -49 9 0
7 -49 9 0
6 -49 9 0
3 -41 8 0
2 -40 9 0
1 -41 10 0
1 -41 7 0
1 -41 6 0
26 -1 9 1
8 -26 6 1
9 -25 5 1
9 -25 6 1
9 -25 7 1
9 -24 5 1
9 -24 6 2
9 -24 7 2
5 -25 9 1
5 -24 8 1
5 -24 9 1
5 -23 8 1
5 -23 9 1
6 -23 8 1
6 -23 9 1
7 -23 8 1
7 -23 9 1
7 -22 5 1
7 -22 6 2
7 -22 7 1
7 -27 7 1
7 -27 8 0
7 -27 6 1
7 -27 5 1
7 -26 5 1
11 -38 6 0
10 -37 6 0
11 -38 7 0
10 -37 7 0
10 -39 6 0
10 -39 7 0
10 -40 6 0
10 -40 7 0
12 -41 6 0
12 -39 8 0
12 -39 5 0
12 -39 4 0
2 -50 6 1
9 -26 6 1
9 -26 7 1
9 -26 8 1
9 -25 8 1
9 -24 8 1
9 -26 9 1
9 -25 9 1
9 -24 9 1
8 -26 5 1
9 -26 5 1
3 -22 5 1
3 -22 6 1
3 -22 7 1
8 -27 7 1
8 -27 6 1
21 -37 4 0
21 -37 5 0
20 -36 6 0
20 -36 3 0
20 -36 2 0
3 -49 8 0
3 -49 9 0
3 -49 7 0
2 -49 7 0
10 -38 6 0
10 -38 7 0
9 -37 6 0
9 -37 7 0
9 -39 6 0
8 -39 6 0
9 -39 7 0
9 -40 6 0
9 -40 7 0
10 -41 6 0
10 -39 8 0
10 -39 5 0
10 -39 4 1
1 -44 4 1
0 -32 3 1
0 -32 5 1
0 -31 3 1
0 -31 4 1
0 -31 5 1
0 -30 3 1
0 -30 4 1
0 -30 5 1
0 -32 2 1
0 -31 2 1
0 -30 2 1
1 -47 4 1
1 -47 5 2
1 -47 6 1
2 -47 4 1
2 -47 5 1
2 -47 6 1
3 -47 6 1
2 -48 7 0
1 -44 8 0
0 -48 4 1
0 -48 5 1
0 -48 6 1
1 -48 4 1
1 -48 5 1
1 -48 6 1
0 -49 7 0
14 -13 9 1
15 -13 8 1
15 -13 9 1
16 -13 8 2
16 -13 9 1
17 -14 5 1
17 -14 6 1
17 -14 7 1
17 -13 5 1
17 -13 6 2
17 -13 7 1
17 -12 5 1
17 -12 6 2
17 -12 7 2
14 -12 8 1
13 -11 5 1
13 -11 6 1
13 -11 7 1
14 -11 5 1
14 -11 6 1
14 -11 7 1
15 -11 5 1
15 -11 6 2
15 -11 7 1
13 -13 8 0
13 -15 9 1
13 -14 9 1
16 -16 6 1
5 -50 3 1
0 -48 2 1
2 -50 1 1
15 -12 8 1
15 -12 9 1
16 -12 8 1
16 -12 9 1
17 -14 8 1
17 -14 9 1
17 -13 8 1
17 -13 9 1
17 -12 8 2
17 -12 9 1
16 -11 5 1
16 -11 6 1
16 -11 7 1
17 -11 5 1
17 -11 6 2
17 -11 7 1
18 -13 5 1
18 -13 6 1
18 -13 7 1
18 -12 5 1
18 -12 6 1
18 -12 7 2
18 -11 5 1
18 -11 6 2
18 -11 7 1
15 -11 8 2
14 -10 5 1
14 -10 6 1
14 -10 7 1
15 -10 5 1
15 -10 6 1
15 -10 7 1
16 -10 5 1
16 -10 6 2
16 -10 7 1
17 -15 6 1
17 -15 7 1
17 -15 8 1
3 -30 7 1
4 -30 7 1
4 -30 8 0
4 -29 7 1
2 -29 7 1
2 -28 7 1
2 -29 8 0
2 -28 8 0
4 -31 7 0
2 -30 9 0
1 -29 5 1
1 -29 6 1
2 -29 5 1
2 -29 6 1
3 -31 5 1
3 -31 6 1
3 -30 5 1
3 -30 6 1
3 -29 5 1
3 -29 6 2
5 -49 3 2
5 -50 2 1
5 -49 2 1
3 -50 0 1
4 -50 0 1
5 -50 0 2
16 -11 8 2
17 -11 8 2
18 -13 8 1
18 -12 8 1
18 -11 8 2
16 -11 9 1
17 -11 9 1
0 -32 6 2
0 -32 7 1
18 -11 9 1
16 -10 8 2
16 -10 9 1
17 -10 7 1
17 -10 8 1
17 -10 9 1
5 -29 7 1
4 -29 8 0
5 -29 8 0
4 -28 7 1
4 -28 8 0
3 -28 7 1
3 -27 7 1
3 -28 8 0
3 -27 8 0
3 -29 9 0
2 -28 5 1
2 -28 6 1
3 -28 5 1
3 -28 6 1
4 -30 5 1
4 -30 6 1
4 -29 5 1
4 -29 6 1
4 -28 5 1
4 -28 6 2
15 -9 5 1
15 -9 6 1
15 -9 7 1
14 -12 9 1
14 -11 8 1
14 -11 9 1
14 -10 8 1
14 -10 9 1
6 -49 3 1
6 -49 4 1
5 -48 2 1
5 -48 3 2
5 -48 4 2
5 -48 5 2
0 -50 1 1
0 -49 1 1
1 -50 1 1
1 -49 1 1
5 -28 7 1
6 -28 7 0
5 -28 8 0
5 -27 7 1
5 -27 8 0
4 -27 7 1
4 -26 7 1
4 -27 8 0
4 -26 8 0
2 -27 7 1
2 -27 8 0
5 -30 7 0
5 -30 8 0
4 -28 9 0
2 -48 3 1
2 -48 4 1
3 -50 2 1
3 -50 3 1
3 -49 2 1
3 -49 3 2
3 -48 2 1
3 -48 3 1
3 -48 4 1
8 -49 8 0
8 -49 9 0
8 -49 7 0
6 -50 8 0
5 -49 8 0
5 -49 9 0
6 -50 7 0
5 -49 7 0
4 -50 3 2
2 -48 5 2
2 -48 6 1
3 -48 5 1
3 -48 6 1
4 -48 4 2
4 -48 5 1
4 -48 6 1
4 -50 2 2
4 -49 2 1
4 -49 3 2
4 -48 2 2
4 -48 3 1
0 -50 2 1
0 -50 3 1
0 -49 2 1
0 -49 3 1
15 -37 7 0
14 -37 6 0
14 -36 6 0
14 -37 7 0
12 -37 6 0
12 -37 5 0
12 -38 6 0
12 -38 7 0
12 -38 5 0
13 -39 6 0
12 -40 6 0
12 -40 5 0
14 -40 6 0
14 -40 7 0
14 -40 5 0
14 -38 7 0
14 -38 8 0
14 -39 7 0
15 -39 7 0
11 -37 6 0
12 -37 7 0
12 -39 6 0
11 -39 6 0
12 -39 7 0
11 -39 7 0
11 -40 6 0
12 -40 7 0
13 -41 6 0
13 -39 7 0
13 -39 8 0
13 -39 5 0
13 -39 4 0
3 -48 8 0
3 -48 7 0
1 -50 7 0
3 -50 10 0
1 -43 8 0
4 -50 9 0
4 -48 8 0
2 -48 8 0
2 -48 9 0
2 -50 10 0
2 -50 7 0
1 -45 4 1
0 -48 3 1
1 -43 5 2
3 -35 8 0
0 -41 7 1
4 -34 3 0
2 -34 4 0
1 -35 10 0
2 -34 9 0
2 -34 8 0
5 -47 5 1
1 -13 -1 1
3 -37 8 0
3 -38 8 0
1 -39 6 0
1 -39 10 0
3 -39 8 0
1 -40 6 0
0 -12 0 1
2 -42 4 1
1 -42 5 1
1 -42 4 1
0 -42 4 1
2 -36 7 0
2 -35 6 0
2 -35 7 0
22 -2 6 1
2 -43 4 1
1 -43 6 1
2 -34 6 1
2 -34 7 1
2 -33 6 1
1 -43 4 1
1 -44 10 0
3 -44 9 0
3 -44 8 0
2 -38 6 0
2 -38 7 0
2 -37 6 0
2 -37 7 0
2 -43 9 0
2 -43 8 0
2 -44 6 1
2 -44 5 1
2 -44 4 1
22 -40 7 1
1 -44 6 1
22 -2 9 1
1 -45 10 0
0 -46 9 0
0 -45 8 0
0 -44 8 0
0 -44 9 0
2 -44 9 0
2 -44 8 0
3 -45 9 0
2 -45 6 1
2 -45 5 1
3 -48 9 0
2 -47 8 0
2 -47 9 0
2 -49 10 0
2 -46 7 1
2 -47 7 1
1 -45 7 1
1 -45 6 1
10 -16 2 1
10 -17 2 1
0 -45 4 1
0 -45 5 1
0 -45 6 1
1 -47 7 1
2 -46 6 1
2 -46 5 1
2 -46 4 1
1 -46 6 2
0 -33 4 0
1 -46 4 1
2 -33 3 0
18 -34 4 0
18 -36 4 0
2 -48 10 0
2 -46 9 0
2 -46 8 0
3 -47 9 0
3 -47 8 0
3 -50 7 0
3 -50 8 0
0 -28 6 1
6 -49 7 0
7 -49 7 0
9 -49 7 0
15 -9 9 1
9 -49 5 0
9 -49 6 0
7 -49 6 0
8 -50 6 0
7 -50 7 0
6 -50 6 1
0 -40 6 1
0 -40 7 1
0 -39 6 1
0 -39 7 1
6 -47 6 1
6 -48 6 1
6 -49 6 1
1 -39 7 0
5 -47 6 1
5 -48 6 1
4 -47 6 1
7 -49 5 0
9 -50 5 0
7 -48 5 0
8 -49 5 0
9 -50 3 0
8 -50 5 0
9 -50 4 0
7 -49 -1 1
7 -50 -1 1
4 -14 5 0
4 -13 4 0
1 -17 6 1
1 -16 6 1
1 -15 6 1
2 -17 6 1
2 -16 6 1
2 -15 6 1
3 -17 6 1
3 -16 6 1
3 -15 6 1
4 -16 4 1
5 -47 1 1
4 -47 1 1
3 -47 2 1
3 -47 1 1
3 -48 1 1
3 -36 8 0
8 -49 2 1
7 -47 4 1
7 -47 3 1
0 -43 8 0
0 -43 9 0
7 -47 2 1
8 -49 4 1
6 -49 0 1
6 -49 -1 1
5 -36 5 0
5 -35 5 0
5 -36 4 0
4 -37 5 0
4 -37 4 0
3 -37 5 0
3 -37 4 0
5 -37 7 0
5 -37 3 0
6 -50 1 2
4 -49 1 1
4 -49 0 1
3 -49 1 1
3 -49 0 1
1 -39 9 0
2 -49 1 1
6 -50 4 1
4 -15 4 0
5 -15 4 0
4 -15 5 0
19 -32 4 1
19 -32 5 1
20 -32 3 1
20 -32 4 1
2 -18 3 1
21 -32 4 0
21 -32 5 0
22 -33 4 0
3 -18 4 1
22 -33 5 0
23 -32 4 0
23 -32 5 0
22 -31 6 0
22 -31 3 0
22 -31 2 0
4 -17 5 1
4 -16 3 1
4 -16 5 1
2 -18 6 1
3 -18 6 1
4 -18 6 1
4 -17 6 1
4 -16 6 1
3 -36 4 0
3 -36 5 0
2 -37 4 0
3 -39 4 0
3 -38 5 0
4 -37 6 0
4 -37 3 0
4 -37 2 0
6 -50 3 1
5 -50 1 1
4 -50 1 2
3 -50 1 1
2 -48 2 1
2 -49 2 1
2 -50 3 1
2 -50 2 2
1 -48 3 1
1 -48 2 1
1 -49 3 2
1 -49 2 1
1 -50 3 2
1 -50 2 2
5 -15 5 0
5 -14 4 0
5 -14 5 0
5 -14 3 0
5 -16 4 0
17 -33 2 1
17 -33 3 1
17 -33 4 1
17 -32 2 1
17 -32 3 1
17 -32 4 1
17 -31 2 1
17 -31 3 1
17 -31 4 1
18 -33 2 1
18 -33 3 1
18 -33 4 1
5 -35 4 0
3 -35 4 0
2 -37 5 0
3 -38 4 0
19 -33 4 1
19 -32 2 1
19 -31 2 1
21 -33 4 0
20 -33 4 0
21 -33 5 0
20 -33 5 0
21 -34 4 0
2 -49 3 2
21 -34 5 0
23 -33 4 0
23 -33 5 0
21 -32 6 0
21 -32 3 0
21 -32 2 0
5 -49 6 1
5 -49 5 1
5 -49 4 2
22 -3 6 1
22 -3 7 2
22 -3 8 1
23 -3 6 1
23 -3 7 2
4 -49 4 2
2 -35 4 0
2 -35 5 0
2 -38 4 0
2 -38 5 0
3 -49 6 1
3 -49 5 2
3 -49 4 2
2 -49 6 1
2 -49 5 2
2 -49 4 1
4 -50 6 1
4 -50 5 2
4 -50 4 2
0 -43 6 1
3 -50 5 2
3 -50 4 1
0 -27 7 1
8 -19 6 2
0 -27 5 1
0 -28 7 1
8 -50 7 0
7 -36 6 0
0 -29 6 1
0 -29 5 1
0 -36 10 0
2 -36 9 0
2 -36 8 0
2 -35 8 0
1 -36 6 1
0 -37 10 0
2 -37 9 0
2 -37 8 0
1 -36 7 1
2 -38 9 0
2 -38 8 0
1 -38 9 0
20 -32 2 1
20 -31 2 1
19 -33 5 0
20 -34 4 0
20 -35 4 0
1 -38 8 0
20 -34 5 0
21 -35 4 0
21 -35 5 0
22 -34 4 0
23 -35 4 0
22 -34 5 0
21 -33 6 0
21 -33 3 0
21 -33 2 0
1 -37 9 0
0 -38 9 0
19 -6 9 1
5 -20 6 1
1 -40 8 0
1 -40 9 0
7 -18 3 1
1 -41 8 0
1 -41 9 0
0 -41 6 1
0 -41 5 1
1 -42 8 0
1 -42 9 0
0 -42 7 1
0 -42 6 1
0 -42 5 1
0 -41 9 0
1 -43 9 0
0 -43 7 1
0 -44 7 1
7 -17 4 1
8 -17 4 1
9 -17 5 2
8 -18 4 1
8 -18 5 1
8 -18 6 2
8 -17 5 1
8 -17 6 2
8 -16 6 1
9 -18 4 1
9 -18 5 1
9 -18 6 1
9 -17 4 1
9 -17 6 1
9 -16 4 2
9 -16 5 2
9 -16 6 1
10 -18 4 1
0 -45 7 1
10 -18 5 2
10 -18 6 2
10 -17 4 2
10 -17 5 2
10 -17 6 1
10 -16 4 1
10 -16 5 1
10 -16 6 1
7 -17 5 1
10 -17 3 2
9 -18 2 1
21 -26 4 0
9 -17 2 1
20 -26 5 0
20 -25 4 0
20 -25 5 0
19 -28 5 1
20 -30 2 1
20 -30 3 1
20 -30 4 2
20 -29 2 1
20 -29 3 1
20 -29 4 2
20 -28 2 1
20 -28 3 1
20 -28 4 1
20 -28 5 1
19 -26 6 0
19 -26 3 0
19 -26 2 0
11 -16 4 1
9 -15 6 2
5 -37 6 0
5 -37 4 0
5 -38 5 0
5 -38 6 0
5 -38 4 0
6 -39 5 0
9 -15 5 1
9 -15 7 1
9 -14 5 1
9 -14 6 1
9 -14 7 1
10 -16 7 1
10 -15 5 1
10 -15 6 1
10 -15 7 1
10 -14 5 1
10 -14 6 1
10 -14 7 1
7 -17 3 1
8 -17 3 1
11 -22 6 2
11 -22 7 1
12 -22 5 1
5 -20 4 1
5 -20 5 1
6 -20 3 1
6 -20 4 1
6 -20 5 1
20 -27 4 0
21 -27 4 0
20 -27 5 0
21 -27 5 0
9 -19 2 1
10 -20 2 1
16 -30 3 1
16 -30 4 1
16 -30 5 1
17 -30 5 1
18 -30 5 1
19 -29 5 1
19 -30 5 1
20 -30 5 1
20 -29 5 1
21 -28 4 1
21 -28 5 1
19 -27 6 0
8 -20 6 2
19 -27 2 0
8 -19 5 1
8 -19 7 1
8 -18 7 1
9 -20 5 1
9 -20 6 2
9 -20 7 2
9 -19 5 1
9 -19 6 2
9 -19 7 2
9 -18 7 1
5 -18 7 1
5 -17 7 1
5 -16 7 1
6 -18 7 1
6 -17 7 1
6 -16 6 1
6 -16 7 1
7 -17 6 1
7 -17 7 1
7 -16 6 2
7 -16 7 1
3 -14 4 0
4 -14 4 0
3 -14 5 0
3 -14 3 0
4 -14 3 0
2 -13 5 1
3 -13 5 1
0 -12 5 0
1 -17 5 1
2 -17 5 1
2 -16 5 2
2 -15 5 1
3 -17 3 2
3 -17 4 2
3 -17 5 2
3 -16 3 1
3 -16 4 1
3 -16 5 1
3 -15 3 1
3 -15 4 1
3 -15 5 1
3 -17 2 1
3 -16 2 1
3 -15 2 1
2 -14 5 1
2 -14 6 0
1 -15 -1 1
1 -15 0 1
2 -15 -1 1
2 -15 0 1
2 -15 1 1
3 -15 -1 1
3 -15 0 1
3 -15 1 1
3 -14 -1 1
3 -14 0 1
5 -29 5 1
5 -29 6 1
5 -28 5 1
5 -28 6 1
5 -27 5 1
5 -27 6 1
22 -7 8 1
22 -7 9 1
22 -6 8 1
22 -6 9 1
22 -5 7 2
22 -5 8 2
22 -5 9 1
20 -4 7 2
3 -50 6 1
20 -4 8 1
20 -4 9 1
21 -4 7 2
21 -4 8 1
21 -4 9 1
22 -4 7 2
22 -4 8 2
22 -4 9 1
20 -4 6 1
21 -4 6 1
22 -6 6 1
22 -5 6 1
22 -4 6 1
19 -4 7 1
19 -4 8 1
19 -4 9 1
19 -4 6 1
19 -3 6 1
15 -20 2 1
19 -3 7 1
19 -3 8 1
20 -3 6 1
20 -3 7 1
20 -3 8 1
21 -3 6 1
21 -3 7 2
21 -3 8 1
0 -29 8 0
0 -29 7 1
3 -32 8 0
3 -32 7 0
21 -9 5 1
21 -9 6 1
22 -8 7 1
22 -8 8 1
22 -8 9 1
15 -20 3 2
0 -44 6 1
0 -44 5 1
0 -44 4 1
1 -45 8 0
1 -45 9 0
0 -45 9 0
0 -14 -1 1
0 -14 0 1
1 -14 -1 1
1 -14 0 1
6 -36 4 0
6 -37 2 1
24 -2 9 1
23 -2 9 1
1 -44 5 2
2 -45 4 1
22 -40 6 1
21 -38 7 1
21 -38 6 1
24 -1 8 2
24 -1 7 2
24 -1 6 1
23 -1 8 1
23 -1 7 2
6 -27 7 1
6 -27 8 0
6 -26 7 1
6 -26 8 1
4 -25 7 1
4 -24 6 2
3 -25 5 1
3 -25 6 1
3 -25 7 1
3 -24 5 1
3 -24 6 2
3 -24 7 1
3 -23 5 1
3 -23 6 1
3 -23 7 1
4 -25 5 1
4 -25 6 2
4 -24 5 1
4 -24 7 1
4 -23 5 1
4 -23 6 2
4 -23 7 1
5 -25 5 1
5 -25 6 1
5 -25 7 1
5 -24 5 1
5 -24 6 2
5 -24 7 1
5 -23 5 1
5 -23 6 2
5 -23 7 1
3 -26 7 1
3 -26 8 0
6 -29 7 0
6 -29 8 0
4 -27 9 0
3 -26 5 1
3 -26 6 2
4 -26 5 1
4 -26 6 1
5 -26 5 1
5 -26 6 2
5 -26 7 1
22 -4 5 1
23 -1 6 1
24 -3 9 1
20 -5 9 1
21 -5 8 2
21 -5 9 1
22 -7 7 1
18 -4 7 1
18 -4 8 1
23 -3 8 2
20 -2 6 1
20 -2 7 1
20 -2 8 1
21 -2 6 1
21 -2 7 2
21 -2 8 1
2 -43 5 1
22 -2 7 2
22 -2 8 1
22 -8 6 1
22 -7 6 1
20 -4 5 1
21 -4 5 1
22 -6 5 1
22 -5 5 1
23 -5 9 1
23 -4 9 1
23 -2 6 1
23 -2 7 2
23 -6 9 1
1 -49 9 0
1 -48 8 0
1 -47 8 0
0 -48 9 0
23 -2 8 1
24 -4 6 1
24 -4 7 1
24 -4 8 1
24 -3 6 1
24 -3 7 1
24 -3 8 1
24 -2 6 1
24 -2 7 1
24 -2 8 2
20 -1 6 1
20 -1 7 1
20 -1 8 1
21 -1 6 1
21 -1 7 1
21 -1 8 1
22 -1 6 1
22 -1 7 2
22 -1 8 1
4 -49 5 1
4 -49 6 1
5 -50 4 1
5 -50 5 2
5 -50 6 1
0 -12 3 0
1 -12 3 1
1 -12 4 1
0 -12 2 0
1 -12 2 0
1 -11 4 1
23 -4 8 2
23 -4 7 1
23 -4 6 1
23 -5 8 1
23 -5 7 1
23 -5 6 1
23 -6 8 1
23 -6 7 1
23 -6 6 1
17 -5 6 1
18 -4 9 1
22 -3 9 1
23 -3 9 1
24 -5 7 1
24 -5 8 1
24 -5 9 1
24 -4 9 1
0 -15 2 2
0 -15 3 2
0 -15 4 2
0 -14 2 1
0 -14 3 2
0 -14 4 2
22 -27 4 0
1 -13 4 1
22 -27 5 0
16 -28 2 1
16 -27 2 1
16 -26 2 1
17 -27 2 1
17 -26 2 1
18 -27 2 1
19 -31 3 2
20 -5 8 2
19 -31 4 2
19 -31 5 1
20 -31 3 1
20 -31 4 1
20 -31 5 1
21 -31 3 1
21 -31 4 1
21 -31 5 1
21 -30 3 1
21 -30 4 1
21 -30 5 1
21 -29 3 1
21 -29 4 1
21 -29 5 1
20 -27 6 0
20 -27 3 0
20 -27 2 0
22 -6 7 2
21 -5 6 2
21 -5 5 1
20 -5 7 2
20 -5 6 1
20 -5 5 1
19 -5 7 1
19 -5 6 1
19 -5 5 1
21 -6 9 1
21 -6 8 2
21 -7 9 1
21 -7 8 2
21 -8 9 1
21 -8 8 1
20 -6 9 1
20 -6 8 1
20 -7 9 1
1 -39 8 0
18 -7 9 1
2 -13 3 1
2 -13 4 1
2 -11 3 1
2 -11 4 2
1 -12 5 1
1 -11 5 1
1 -10 3 1
1 -10 4 1
1 -10 5 1
7 -26 7 1
7 -26 8 1
7 -26 6 2
7 -25 7 2
7 -25 8 2
6 -26 9 1
6 -25 7 1
6 -25 8 1
6 -25 9 1
6 -24 7 2
6 -24 8 2
6 -24 9 1
7 -26 9 1
7 -25 9 2
7 -24 7 2
7 -24 8 1
7 -24 9 1
8 -26 7 1
8 -26 8 1
8 -26 9 1
0 -16 2 1
0 -16 3 1
8 -25 9 1
8 -24 7 2
8 -24 8 1
8 -24 9 1
7 -24 6 2
1 -15 3 2
6 -25 6 2
6 -24 5 1
6 -24 6 2
6 -23 5 1
6 -23 6 2
6 -23 7 1
7 -25 5 1
7 -25 6 2
7 -24 5 1
7 -23 5 1
7 -23 6 2
7 -23 7 2
8 -25 5 1
8 -25 6 2
8 -24 5 1
8 -24 6 2
8 -23 5 1
8 -23 6 2
0 -14 1 1
1 -16 1 1
1 -15 1 1
4 -22 6 1
4 -22 7 1
5 -22 5 1
5 -22 6 1
8 -18 8 1
9 -18 8 1
6 -21 8 1
6 -21 9 1
6 -20 8 1
6 -20 9 1
6 -19 8 1
6 -19 9 1
7 -21 9 1
7 -20 9 1
7 -19 9 1
8 -21 9 1
8 -20 9 1
8 -19 9 1
10 -20 9 1
1 -27 5 1
1 -27 6 1
1 -27 7 1
1 -26 5 1
1 -26 6 1
1 -26 7 1
1 -25 5 1
1 -25 6 1
1 -25 7 1
2 -27 5 1
2 -27 6 1
2 -26 5 1
2 -26 7 1
7 -28 7 0
6 -28 8 0
6 -28 6 0
5 -26 8 0
12 -18 8 1
8 -22 9 1
9 -22 9 1
9 -21 9 1
9 -20 9 1
10 -22 9 1
20 -10 9 1
20 -9 8 1
20 -9 9 1
3 -13 3 1
3 -13 4 1
20 -7 8 2
1 -13 5 1
0 -17 2 1
0 -17 3 1
0 -17 4 1
1 -17 2 1
1 -17 3 1
1 -17 4 1
2 -17 2 1
2 -17 3 1
2 -17 4 1
2 -16 2 1
2 -16 3 2
2 -16 4 2
2 -15 2 1
2 -15 3 1
11 -18 8 1
13 -20 8 1
2 -14 0 2
13 -19 8 1
13 -18 8 1
11 -17 8 2
9 -17 8 1
10 -17 8 1
11 -19 9 0
2 -12 1 1
15 -23 4 1
16 -23 2 1
16 -23 3 1
16 -23 4 1
17 -23 2 1
17 -7 9 1
4 -36 3 0
4 -34 4 0
17 -22 2 1
17 -22 3 2
17 -22 4 2
17 -21 2 1
17 -21 3 1
17 -21 4 1
14 -19 2 1
14 -19 3 1
14 -19 4 1
15 -19 2 1
15 -19 3 1
15 -19 4 1
16 -19 2 1
16 -19 3 1
16 -19 4 1
13 -24 4 0
12 -17 8 1
13 -17 8 1
14 -19 6 1
14 -23 5 0
14 -19 7 1
14 -19 8 1
14 -18 6 1
14 -18 7 1
14 -18 8 1
14 -17 6 1
14 -17 7 2
14 -17 8 1
14 -19 5 1
14 -18 5 1
14 -17 5 1
12 -15 5 1
12 -15 6 2
12 -15 7 1
13 -15 5 1
13 -15 6 2
13 -15 7 1
14 -16 5 1
14 -16 6 2
14 -16 7 2
14 -15 5 1
14 -15 6 2
14 -15 7 1
10 -16 8 1
11 -16 8 1
12 -16 8 1
11 -15 5 1
11 -15 6 1
11 -15 7 1
11 -18 9 1
1 -49 6 1
0 -50 7 0
17 -7 8 1
16 -7 8 1
18 -6 7 2
18 -6 6 1
18 -6 5 1
17 -6 7 1
17 -6 6 1
17 -6 5 1
18 -7 8 1
21 -6 7 1
21 -6 6 1
21 -6 5 1
21 -7 7 2
21 -7 6 1
21 -7 5 1
21 -8 7 1
21 -8 6 1
21 -8 5 1
20 -6 7 1
20 -6 6 2
20 -6 5 1
19 -6 7 1
19 -6 6 2
19 -6 5 1
20 -8 9 1
20 -8 8 2
13 -16 8 1
14 -16 8 1
15 -17 5 1
15 -17 6 1
15 -17 7 1
15 -16 5 1
15 -16 6 1
15 -16 7 1
15 -15 5 1
15 -15 6 1
15 -15 7 2
11 -14 5 1
14 -38 5 0
11 -14 6 1
11 -14 7 1
12 -14 5 1
12 -14 6 1
12 -14 7 1
13 -14 5 1
13 -14 6 2
13 -14 7 1
10 -18 9 1
10 -17 9 1
10 -16 9 1
11 -17 9 1
11 -16 9 1
12 -18 9 1
12 -17 9 1
12 -16 9 1
15 -37 4 1
16 -39 2 1
16 -39 3 1
16 -38 2 1
16 -37 2 1
16 -37 3 1
17 -39 2 1
17 -39 3 1
17 -38 2 1
17 -37 2 1
17 -37 3 1
20 -10 8 1
20 -10 7 1
19 -8 9 1
19 -8 8 1
18 -8 9 1
18 -8 8 1
17 -8 9 1
16 -8 9 1
16 -8 8 1
15 -8 9 1
19 -12 6 1
19 -13 8 1
19 -13 7 1
19 -13 6 1
18 -14 7 1
14 -15 8 2
14 -14 5 1
14 -14 6 2
14 -14 7 1
15 -14 5 1
15 -14 6 2
15 -14 7 1
12 -15 8 0
11 -15 8 0
18 -14 6 1
18 -14 5 1
17 -9 9 1
16 -9 9 1
16 -9 8 2
7 -50 8 0
15 -9 8 1
16 -37 7 0
15 -36 6 0
15 -36 7 0
15 -36 5 0
13 -37 6 0
13 -37 7 0
13 -37 5 0
13 -38 6 0
13 -38 7 0
13 -38 5 0
14 -39 6 0
13 -40 6 0
13 -40 7 0
13 -40 5 0
15 -40 6 0
15 -40 7 0
15 -40 5 0
16 -40 7 0
15 -38 7 0
15 -38 8 0
14 -39 2 1
14 -39 3 1
14 -39 4 1
14 -38 2 1
14 -38 3 1
14 -38 4 1
14 -37 2 1
14 -37 3 1
14 -37 4 1
16 -8 7 1
16 -8 6 1
16 -8 5 1
17 -9 8 1
19 -8 7 1
19 -8 6 2
19 -8 5 1
19 -9 7 1
6 -16 4 1
6 -16 5 1
6 -14 4 1
6 -14 5 1
3 -19 3 1
3 -19 4 1
3 -19 5 1
4 -19 3 1
4 -19 4 1
4 -19 5 1
5 -19 3 2
5 -19 4 2
5 -19 5 1
5 -18 3 1
5 -18 4 2
5 -18 5 2
5 -17 3 1
5 -17 4 1
5 -17 5 1
3 -19 6 1
4 -19 6 1
5 -19 6 1
5 -18 6 1
5 -17 6 1
6 -17 4 1
6 -17 5 1
19 -9 6 2
0 -42 8 0
19 -9 5 1
19 -10 6 1
19 -10 5 1
18 -8 7 1
18 -8 6 2
18 -8 5 1
17 -8 7 1
17 -8 6 2
17 -8 5 1
19 -11 6 1
19 -10 9 1
19 -10 7 1
19 -11 8 1
19 -12 9 1
19 -12 8 1
3 -18 2 1
4 -17 2 1
15 -10 9 1
15 -10 8 1
15 -11 9 1
18 -9 7 1
18 -9 6 2
18 -9 5 1
18 -10 6 1
18 -10 5 1
17 -9 7 1
17 -9 6 2
17 -9 5 1
17 -10 5 1
16 -9 7 1
16 -9 6 1
16 -9 5 1
17 -10 6 2
18 -10 9 1
18 -10 8 2
18 -10 7 2
18 -12 9 1
18 -13 9 1
12 -14 8 0
13 -12 7 1
13 -12 6 1
13 -12 5 1
16 -12 7 1
16 -12 5 1
7 -16 4 1
7 -16 5 1
7 -15 4 2
6 -15 5 1
6 -16 3 1
6 -15 3 1
6 -15 4 1
6 -14 3 1
7 -16 3 1
7 -15 3 1
7 -15 5 1
0 -42 9 0
7 -14 4 1
0 -40 8 0
8 -16 3 1
8 -16 4 2
8 -16 5 1
8 -15 3 1
8 -15 4 1
8 -15 5 1
8 -14 3 1
8 -14 4 1
8 -14 5 1
6 -19 3 1
6 -19 4 2
6 -19 5 2
6 -18 3 1
6 -18 4 1
6 -18 5 1
6 -17 3 1
6 -19 6 2
6 -18 6 1
6 -17 6 2
7 -18 4 1
5 -16 6 1
5 -16 2 0
15 -12 7 1
15 -12 6 1
14 -12 7 1
14 -12 6 2
14 -12 5 1
16 -14 9 1
16 -14 8 1
16 -15 9 1
16 -15 8 1
0 -16 4 1
1 -16 2 1
1 -16 3 2
1 -16 4 2
1 -15 2 1
7 -20 5 2
1 -32 7 1
1 -32 8 0
1 -33 8 0
0 -33 8 1
1 -34 9 0
9 -37 3 1
9 -37 4 1
6 -37 3 1
6 -37 4 1
6 -36 5 0
0 -13 5 1
2 -14 4 1
2 -14 3 1
1 -14 1 1
16 -21 5 1
16 -20 5 1
19 -32 3 1
18 -31 5 1
18 -31 4 1
18 -31 3 1
18 -32 5 1
18 -32 4 1
22 -28 5 0
19 -33 2 1
19 -33 3 1
17 -37 4 1
16 -37 4 1
17 -37 5 0
16 -37 5 0
17 -38 5 0
18 -38 4 0
18 -39 4 0
18 -39 5 0
19 -40 3 1
19 -40 4 1
19 -40 5 1
8 -37 5 0
7 -38 6 0
7 -38 7 0
7 -38 5 0
8 -40 6 0
8 -40 7 0
8 -40 5 0
9 -40 5 0
10 -40 5 0
9 -38 7 0
9 -38 8 0
9 -38 3 2
8 -39 2 1
8 -39 3 1
8 -39 4 1
8 -38 2 1
8 -38 3 2
8 -38 4 1
8 -37 2 1
8 -37 3 1
1 -50 8 0
9 -39 2 1
1 -50 9 0
9 -39 4 1
0 -38 4 1
0 -38 5 1
0 -38 6 1
1 -35 3 0
1 -35 2 0
10 -39 2 1
10 -39 3 1
10 -38 2 1
10 -38 3 1
10 -38 4 1
10 -37 2 1
10 -37 3 1
10 -37 4 1
9 -38 5 0
9 -38 6 0
2 -23 6 1
2 -23 5 1
2 -24 7 1
2 -24 6 1
2 -25 7 1
2 -25 6 1
2 -25 5 1
4 -25 8 0
6 -22 7 1
6 -22 6 2
6 -22 5 1
2 -18 4 1
2 -18 5 1
3 -18 3 1
16 -22 5 1
18 -23 2 1
3 -18 5 1
18 -23 3 1
18 -23 4 1
18 -22 2 1
18 -22 3 2
18 -22 4 1
18 -21 2 1
18 -21 3 1
18 -21 4 1
15 -21 5 1
15 -20 5 1
2 -33 4 0
2 -33 5 1
17 -22 5 1
17 -21 5 1
17 -20 3 1
17 -20 4 1
17 -20 5 1
12 -23 7 1
10 -23 2 1
10 -22 2 1
10 -21 2 1
11 -23 2 1
11 -22 2 1
11 -21 2 1
12 -23 2 1
12 -22 2 1
14 -24 4 0
14 -24 5 0
15 -24 4 0
15 -24 5 0
14 -22 6 0
4 -18 3 2
4 -18 4 2
4 -18 5 2
4 -17 3 1
4 -17 4 1
5 -16 5 1
5 -16 3 0
11 -21 4 1
9 -23 6 2
9 -23 7 2
10 -23 6 2
11 -23 6 1
11 -23 7 1
11 -20 4 0
9 -18 3 1
9 -17 3 1
9 -16 2 1
9 -16 3 1
10 -18 2 1
3 -10 5 1
0 -12 4 0
1 -14 4 1
0 -16 5 1
0 -14 5 1
22 -28 4 0
22 -26 4 0
22 -29 4 0
22 -29 5 0
20 -28 6 0
2 -23 7 1
2 -26 6 2
5 -26 9 0
6 -27 5 1
10 -38 5 0
9 -37 5 0
8 -36 5 0
8 -36 6 0
7 -37 5 0
6 -37 5 0
7 -37 6 0
6 -38 5 0
6 -38 6 0
7 -39 5 0
6 -40 5 0
7 -39 6 0
8 -39 5 0
8 -38 7 0
7 -39 2 1
7 -39 3 1
7 -39 4 1
7 -38 2 1
7 -38 3 2
7 -38 4 1
7 -37 2 1
7 -37 3 1
7 -37 4 1
8 -38 5 0
6 -27 6 1
6 -26 5 1
6 -26 6 2
2 -15 4 1
2 -14 -1 1
2 -14 1 1
2 -13 -1 1
2 -13 0 1
2 -13 1 1
10 -18 3 1
2 -12 0 1
17 -23 3 1
16 -23 5 1
15 -23 5 1
17 -23 5 1
13 -25 4 0
17 -23 4 1
15 -25 4 0
15 -25 5 0
16 -25 4 0
16 -24 5 0
15 -23 6 0
13 -23 5 0
13 -24 5 0
14 -23 4 0
13 -22 6 0
13 -22 3 0
13 -22 2 0
0 -33 7 1
1 -35 5 1
1 -35 6 1
1 -35 7 1
1 -34 5 1
1 -34 6 1
10 -16 3 1
11 -18 2 1
11 -18 3 2
11 -18 4 2
11 -17 2 1
11 -17 3 1
11 -17 4 1
11 -16 2 1
11 -16 3 1
0 -49 5 2
0 -49 6 1
1 -50 4 1
1 -50 5 2
1 -50 6 1
1 -49 4 1
7 -19 3 2
7 -19 4 2
7 -19 5 1
0 -40 5 1
7 -18 5 1
0 -39 5 1
6 -20 6 1
7 -20 6 1
7 -19 6 2
7 -18 6 1
0 -27 6 1
7 -20 7 1
7 -19 7 1
8 -23 8 1
6 -21 7 1
6 -26 10 1
6 -25 10 1
6 -24 10 1
7 -26 10 1
7 -25 10 1
7 -24 10 1
8 -26 10 1
8 -25 10 1
8 -24 10 1
7 -18 7 1
8 -20 5 1
8 -20 7 2
0 -13 3 1
11 -19 6 2
15 -38 2 1
15 -38 3 2
15 -37 2 1
15 -37 3 1
3 -14 1 1
3 -13 -1 1
3 -13 0 1
3 -13 1 1
2 -14 2 1
15 -23 3 1
15 -23 2 1
15 -22 5 1
14 -22 5 0
12 -21 2 1
12 -21 3 1
13 -22 5 0
13 -23 4 0
13 -22 4 0
12 -23 6 1
16 -20 2 1
16 -21 4 2
16 -21 3 1
16 -21 2 1
16 -22 4 2
16 -22 3 2
16 -22 2 1
15 -20 4 1
9 -23 8 1
10 -25 6 1
10 -25 7 1
10 -25 8 1
10 -24 7 1
10 -24 8 1
10 -23 8 1
10 -25 5 1
7 -22 8 1
8 -22 8 1
9 -22 8 1
6 -22 8 1
5 -21 5 1
5 -21 6 1
5 -21 7 1
8 -27 5 1
0 -43 4 1
0 -43 5 1
15 -21 4 1
15 -21 2 1
15 -22 4 1
15 -22 3 1
15 -22 2 1
14 -20 4 1
14 -20 3 1
0 -35 0 1
0 -34 0 2
0 -35 3 0
0 -33 3 0
0 -32 1 1
0 -32 0 1
0 -32 -1 1
0 -33 6 2
0 -33 5 1
9 -20 2 1
8 -19 2 1
8 -20 2 1
10 -18 7 2
12 -21 7 1
12 -21 6 1
12 -21 5 1
12 -22 7 1
12 -22 6 1
1 -13 3 1
1 -13 2 1
0 -13 -1 1
0 -13 0 2
0 -13 1 1
10 -15 3 1
7 -15 6 1
7 -14 6 1
7 -14 7 1
6 -38 4 1
0 -47 9 0
6 -38 2 1
6 -39 4 1
1 -15 4 2
1 -14 2 1
10 -22 8 1
11 -24 7 1
1 -14 3 1
11 -24 8 1
11 -23 8 1
11 -22 8 1
8 -21 8 1
9 -21 8 2
10 -21 8 1
7 -21 8 1
0 -15 5 1
1 -16 5 1
1 -15 5 1
1 -14 5 1
12 -24 6 1
0 -16 1 1
0 -15 1 1
11 -38 5 0
19 -27 3 0
5 -15 3 0
4 -13 5 0
4 -13 3 0
0 -17 5 1
19 -38 7 1
19 -38 6 1
4 -38 5 0
4 -36 4 0
4 -36 6 0
4 -36 5 0
19 -39 7 1
1 -13 0 2
1 -13 1 1
1 -12 -1 1
1 -12 0 1
1 -12 1 1
8 -20 8 1
9 -20 8 1
10 -20 8 1
7 -20 8 2
6 -17 2 0
11 -19 5 1
21 -39 7 1
23 -7 6 1
23 -7 7 1
23 -7 8 1
21 -3 9 1
22 -39 6 1
22 -39 7 1
22 -38 6 1
22 -38 7 1
19 -39 3 1
19 -39 4 1
19 -39 5 1
19 -38 3 1
19 -40 6 1
19 -40 7 1
11 -21 8 1
11 -20 8 1
7 -19 8 1
8 -19 8 1
9 -19 8 1
4 -38 6 0
4 -38 4 0
4 -39 5 0
4 -39 6 0
4 -39 4 0
6 -40 6 0
6 -40 4 0
6 -38 7 0
10 -37 5 0
9 -36 6 0
9 -36 5 0
8 -38 6 0
8 -37 6 0
8 -37 7 0
8 -37 4 1
9 -39 3 1
9 -38 2 1
9 -38 4 1
5 -39 5 0
5 -39 6 0
5 -39 4 0
7 -40 5 0
7 -40 6 0
7 -40 4 0
6 -39 2 1
6 -39 3 1
1 -48 9 0
0 -47 8 0
12 -22 8 1
12 -21 8 1
12 -20 8 1
11 -19 8 1
10 -19 8 1
10 -21 9 1
6 -38 3 1
0 -49 10 0
25 -2 6 1
6 -36 6 0
25 -2 7 1
25 -2 8 1
25 -1 6 1
25 -1 7 1
25 -1 8 1
4 -35 4 0
4 -35 5 0
0 -29 9 0
1 -30 9 0
2 -34 5 1
2 -34 3 0
1 -35 4 0
1 -34 4 0
0 -34 6 2
0 -35 5 1
0 -35 6 2
0 -35 7 1
0 -34 5 1
0 -34 7 1
12 -19 8 1
10 -18 8 1
3 -35 3 0
3 -34 3 0
1 -33 4 0
1 -33 3 0
0 -34 4 0
0 -34 3 0
20 -38 4 1
19 -37 5 0
18 -37 4 0
18 -36 5 0
3 -46 8 0
3 -46 9 0
1 -47 10 0
1 -46 5 1
13 -15 8 1
15 -17 8 1
15 -16 8 1
15 -15 8 2
14 -13 5 1
0 -32 4 1
14 -13 6 2
14 -13 7 1
15 -13 5 1
15 -13 6 2
15 -13 7 1
16 -15 5 1
16 -15 6 1
16 -15 7 1
16 -14 5 1
16 -14 6 1
16 -14 7 2
16 -13 5 1
16 -13 6 2
16 -13 7 2
13 -14 8 1
12 -13 5 1
12 -13 6 1
12 -13 7 1
13 -13 5 1
13 -13 6 1
13 -13 7 1
15 -18 6 1
15 -18 7 1
15 -18 8 1
13 -16 9 1
9 -37 2 1
23 -30 4 0
23 -29 5 0
2 -50 8 0
2 -50 9 0
2 -49 8 0
2 -49 9 0
0 -49 8 0
0 -48 8 0
0 -49 9 0
0 -50 8 0
0 -50 9 0
0 -50 10 0
0 -50 5 2
1 -49 8 0
3 -45 8 0
2 -45 9 0
0 -12 -1 1
5 -37 5 0
7 -36 4 0
0 -28 5 1
7 -36 5 0
7 -14 5 1
7 -14 3 1
7 -20 4 2
7 -20 3 1
5 -20 3 1
9 -15 4 1
9 -15 3 1
0 -37 8 1
0 -37 9 0
14 -16 9 1
14 -15 9 1
14 -14 8 1
14 -14 9 1
15 -16 9 1
15 -15 9 1
15 -14 8 2
15 -14 9 1
16 -16 7 1
16 -16 8 1
16 -16 9 1
1 -47 9 0
0 -46 8 0
1 -46 8 0
1 -46 9 0
15 -39 4 1
15 -39 3 1
15 -39 2 1
16 -38 3 2
16 -38 7 0
16 -38 6 0
16 -40 6 0
16 -40 5 0
15 -39 6 0
14 -39 5 0
15 -39 5 0
14 -38 6 0
14 -37 5 0
15 -37 6 0
14 -36 5 0
15 -37 5 0
17 -37 6 0
16 -37 6 0
18 -38 6 0
2 -42 5 1
0 -12 1 1
0 -11 -1 1
0 -11 0 1
0 -11 1 1
0 -10 -1 1
1 -49 5 1
0 -47 4 1
0 -47 5 1
0 -47 6 1
0 -46 4 1
0 -46 5 1
0 -46 6 1
0 -49 4 1
0 -50 6 1
0 -50 4 1
0 -36 4 1
1 -34 3 0
1 -33 7 1
1 -33 6 2
1 -33 5 1
1 -34 7 1
19 -26 4 0
20 -26 4 0
19 -26 5 0
19 -24 4 0
19 -24 5 0
15 -28 3 1
15 -28 4 1
15 -28 5 1
15 -27 3 1
15 -27 4 1
15 -27 5 1
15 -26 3 1
16 -26 3 1
17 -26 3 1
17 -30 2 1
2 -12 -1 1
17 -30 3 1
17 -30 4 1
17 -29 2 1
17 -28 2 1
18 -30 2 1
18 -30 3 1
18 -30 4 1
18 -29 2 1
18 -28 2 1
19 -30 2 1
19 -30 3 1
19 -30 4 1
19 -29 2 1
19 -29 3 2
19 -29 4 2
19 -28 2 1
19 -28 3 1
19 -28 4 1
19 -27 4 0
19 -27 5 0
18 -26 6 0
18 -26 3 1
18 -26 2 1
3 -10 4 1
3 -10 3 1
3 -11 5 1
3 -11 4 1
3 -11 3 1
3 -12 5 1
3 -12 4 1
3 -12 3 1
2 -10 5 1
2 -10 4 1
2 -10 3 1
2 -11 5 1
2 -12 5 1
2 -12 4 2
2 -12 3 1
3 -27 5 1
3 -27 6 1
4 -27 5 1
4 -27 6 2
13 -18 5 1
13 -19 7 1
13 -19 6 1
8 -25 7 2
8 -25 8 2
6 -25 5 1
7 -15 7 1
10 -15 4 1
12 -17 4 1
12 -17 3 1
12 -17 2 1
12 -18 4 1
12 -18 3 1
12 -19 4 1
12 -19 3 1
21 -26 5 0
21 -25 4 0
9 -16 7 1
8 -14 7 1
8 -14 6 1
8 -15 7 1
8 -15 6 2
8 -16 7 1
8 -23 7 2
5 -25 8 1
4 -22 5 1
5 -22 7 1
23 -34 4 0
23 -34 5 0
19 -34 4 0
19 -34 5 0
19 -35 4 0
20 -35 5 0
21 -36 4 0
2 -24 5 1
21 -36 5 0
22 -35 4 0
22 -35 5 0
21 -34 6 0
21 -34 3 0
21 -34 2 0
18 -31 2 1
18 -32 2 1
4 -16 2 1
19 -11 7 1
4 -18 2 1
19 -12 7 1
2 -18 2 1
20 -32 5 1
1 -37 10 0