DAV_OBMAP v3 cell_size=10
7 92 16 0
7 92 17 0
7 93 16 0
7 93 17 0
14 56 15 0
15 57 15 0
11 76 14 0
8 78 15 0
17 60 10 1
17 59 10 1
15 68 13 0
15 68 14 0
4 93 16 0
4 93 15 0
14 53 12 1
15 53 13 1
14 58 12 0
18 60 12 1
10 77 11 1
15 78 11 1
14 79 13 2
15 59 10 1
15 59 11 1
8 82 15 0
16 60 12 2
6 89 11 1
2 67 12 0
2 67 14 0
2 67 13 0
29 90 24 0
1 66 14 0
1 68 12 0
1 68 14 0
1 68 13 0
1 67 12 0
1 67 14 0
1 67 13 0
2 95 11 1
3 94 11 1
18 53 14 0
19 52 14 0
5 89 11 1
18 77 11 1
12 79 11 1
3 95 15 0
27 71 16 0
28 70 18 0
28 70 19 0
28 70 16 0
28 70 15 0
28 70 17 0
10 73 15 0
8 71 14 0
3 88 11 1
14 74 15 0
12 78 11 1
4 89 11 1
5 88 17 0
14 74 11 1
10 66 9 1
19 57 10 1
15 54 10 1
4 93 17 0
3 92 16 0
3 93 16 0
3 93 17 0
21 50 11 1
4 89 17 0
28 98 25 0
16 63 13 0
5 85 16 0
17 70 13 0
15 71 14 0
14 61 10 1
13 61 10 1
5 93 17 0
5 93 15 0
30 98 27 0
7 82 15 0
7 83 16 0
30 95 24 0
30 95 22 0
31 93 25 0
31 94 25 0
32 93 24 0
4 87 11 1
13 70 14 0
13 70 13 0
15 70 15 0
1 97 17 0
16 60 10 1
18 50 14 0
0 61 14 0
0 66 9 1
3 61 14 0
0 67 9 1
2 94 11 1
1 66 9 1
3 95 17 0
1 67 9 1
0 62 14 0
0 62 15 0
0 62 13 0
0 61 15 0
2 60 14 0
19 57 12 1
31 93 23 0
29 91 22 0
29 90 23 0
0 68 9 1
32 88 22 0
17 52 11 5
1 68 9 1
26 60 16 0
30 95 23 0
32 93 23 0
31 94 23 0
32 94 23 0
32 94 24 0
30 94 23 0
29 94 23 0
29 93 23 0
28 93 23 0
30 92 23 0
32 79 19 0
31 79 20 0
31 79 19 0
38 75 17 0
39 75 18 0
38 75 18 0
40 74 17 0
40 74 18 0
41 75 17 0
41 75 18 0
40 76 19 0
40 76 16 0
40 76 15 0
14 54 12 0
14 54 13 0
19 52 10 1
29 91 23 0
30 92 22 0
29 93 22 0
28 91 23 0
29 91 24 0
30 91 22 0
29 90 22 0
20 54 10 1
29 66 17 0
6 86 18 0
5 85 11 1
5 86 11 1
29 99 26 0
29 99 25 0
14 62 13 0
12 62 13 0
14 60 14 0
16 61 13 0
14 63 12 0
14 61 14 0
14 67 13 0
41 75 16 0
13 77 16 0
13 79 11 1
12 76 11 1
15 64 10 1
14 64 10 1
13 64 10 1
14 63 11 3
14 63 15 0
14 63 14 0
16 62 14 0
13 62 14 0
17 60 11 1
17 60 12 4
18 59 10 1
17 64 13 0
15 65 13 0
16 65 13 0
16 65 14 0
4 88 11 1
5 88 11 1
6 88 11 1
5 88 12 1
14 65 13 0
14 65 14 0
18 52 13 0
18 52 12 0
20 53 12 1
20 53 11 1
20 53 10 1
20 52 10 1
12 62 12 0
10 81 14 0
10 81 15 0
4 90 15 0
3 91 17 0
17 70 15 0
4 90 16 0
4 92 15 0
4 91 15 0
4 91 17 0
4 92 16 0
4 91 16 0
6 91 15 0
6 91 16 0
7 88 17 0
7 88 16 0
7 87 17 0
18 60 10 1
18 60 11 1
28 68 15 0
28 68 19 0
29 67 16 0
29 67 18 0
29 67 17 0
28 66 16 0
28 66 18 0
28 66 17 0
28 67 17 0
40 73 18 0
39 74 16 0
40 73 16 0
26 67 16 0
12 59 11 1
26 67 17 0
12 59 13 1
26 68 16 0
13 59 11 1
26 68 17 0
26 69 16 0
12 57 12 0
6 71 14 0
6 71 15 0
6 71 13 0
6 69 14 0
7 70 15 0
6 70 15 0
6 69 13 0
8 69 14 0
8 69 15 0
8 69 13 0
9 70 15 0
8 71 16 0
8 71 12 0
22 50 12 1
28 87 20 0
27 87 21 0
27 87 20 0
27 88 20 0
27 89 20 0
25 88 21 0
25 88 20 0
25 87 21 0
25 87 20 0
26 86 21 0
25 85 21 0
26 85 21 0
26 86 20 0
25 85 20 0
27 86 21 0
27 85 21 0
27 86 20 0
27 85 20 0
28 85 21 0
28 85 20 0
27 87 23 0
27 87 19 0
25 86 20 0
24 87 20 0
25 86 21 0
24 86 21 0
24 86 20 0
24 85 20 0
24 85 21 0
25 84 20 0
24 84 20 0
25 84 21 0
24 84 21 0
26 84 20 0
26 83 20 0
26 84 21 0
26 83 21 0
27 84 20 0
27 84 21 0
26 85 22 0
26 85 19 0
26 85 18 0
26 85 20 0
28 58 15 0
28 59 15 0
28 60 15 0
28 61 15 0
26 84 19 0
27 84 19 0
25 84 19 0
25 85 19 0
23 85 20 0
23 85 21 0
24 84 19 0
23 85 19 0
23 84 20 0
23 84 21 0
23 84 19 0
24 83 20 0
23 82 20 0
23 82 21 0
24 83 19 0
23 82 19 0
25 83 20 0
25 82 20 0
25 82 21 0
25 83 19 0
25 82 19 0
26 82 20 0
26 82 21 0
26 82 19 0
25 84 22 0
25 84 18 0
26 82 18 0
24 84 18 0
23 83 19 0
22 84 19 0
22 83 20 0
22 84 18 1
22 82 19 0
22 82 20 0
22 82 18 0
23 81 19 0
22 81 19 0
22 81 20 0
22 81 18 0
24 81 19 0
24 80 19 0
24 80 20 0
24 80 18 0
25 81 19 0
24 82 19 0
25 81 20 0
30 87 22 0
29 89 21 0
30 88 21 0
30 88 22 0
29 89 22 0
31 89 21 0
32 89 21 0
32 89 22 0
15 75 15 0
13 76 14 0
16 79 13 1
16 78 12 1
14 59 13 0
13 77 13 0
13 77 14 0
12 75 13 0
14 75 15 0
3 88 16 0
8 80 11 1
11 63 14 0
13 63 15 0
31 76 19 0
23 61 16 0
24 61 17 0
24 61 15 0
25 60 16 0
28 77 18 0
24 59 16 0
24 60 17 0
25 60 15 0
27 60 17 0
26 60 15 0
27 59 15 0
25 61 18 0
25 61 14 1
7 86 16 0
16 64 12 0
8 75 14 0
14 76 14 0
21 51 11 2
31 94 24 0
30 93 25 0
30 93 24 0
0 96 15 0
0 97 16 0
3 96 11 1
14 54 10 1
15 55 11 2
14 71 14 0
14 71 15 0
14 71 13 0
14 52 12 1
14 52 11 1
14 51 13 1
13 80 13 1
0 85 14 0
11 75 10 1
10 75 10 1
9 75 10 1
10 74 11 1
10 74 16 0
10 74 15 0
11 73 15 0
8 73 15 0
2 72 11 2
2 73 10 1
3 71 10 1
3 72 10 1
3 73 10 1
5 86 12 1
6 86 13 1
6 86 14 1
6 87 12 3
4 72 15 0
3 74 14 0
2 73 15 0
3 74 15 0
0 74 14 0
1 73 15 0
0 74 15 0
27 59 16 0
5 94 16 0
5 94 17 0
5 94 15 0
4 73 14 0
3 75 15 0
3 75 16 0
3 75 14 0
2 75 15 0
2 75 16 0
2 75 14 0
1 74 15 0
0 75 15 0
1 75 16 0
1 74 14 0
0 75 14 0
0 73 16 0
1 72 16 0
2 71 16 0
3 72 16 0
2 73 16 0
2 73 17 0
2 73 11 1
2 74 10 1
3 74 10 1
4 74 15 0
3 74 16 0
4 74 16 0
3 76 15 0
3 76 16 0
2 76 15 0
2 76 16 0
1 75 15 0
1 76 16 0
1 74 16 0
0 74 16 0
1 73 16 0
2 74 16 0
3 73 16 0
2 74 17 0
4 75 15 0
4 75 16 0
3 77 15 0
2 77 15 0
2 77 16 0
0 75 16 0
2 75 17 0
2 74 11 1
2 75 11 1
2 76 11 1
3 74 11 1
3 75 11 1
3 76 11 1
4 76 16 0
4 76 17 0
4 76 15 0
3 77 16 0
3 77 17 0
2 78 16 0
2 78 17 0
2 78 15 0
1 77 16 0
0 77 16 0
0 77 17 0
0 76 16 0
0 76 17 0
0 75 17 0
3 75 17 0
2 76 17 0
2 76 18 0
2 77 11 1
1 70 10 1
1 71 10 1
1 71 11 2
9 81 15 0
9 80 14 0
8 80 14 0
9 80 15 0
8 80 15 0
0 86 13 1
1 85 11 1
1 85 12 1
1 85 13 1
26 63 15 0
17 55 13 0
17 57 11 2
27 61 15 0
0 70 10 1
0 70 11 1
0 84 14 0
2 83 11 1
2 83 12 1
2 83 13 1
2 84 11 1
2 84 12 1
2 84 13 1
2 85 11 1
2 85 12 1
2 85 13 1
9 85 16 0
9 85 15 0
4 96 11 1
4 95 11 1
4 94 11 1
15 60 10 1
14 60 10 1
13 60 10 1
14 59 14 0
15 63 13 0
16 62 13 0
16 54 13 0
16 55 13 0
11 79 12 3
10 78 11 1
1 85 15 0
8 87 15 0
8 88 14 0
8 88 15 0
4 93 13 1
3 93 12 1
3 94 12 1
4 93 12 1
4 94 12 1
5 93 12 1
5 94 12 1
22 52 16 0
17 56 12 2
20 55 10 1
23 53 15 0
15 55 10 1
16 78 11 1
23 53 14 0
23 52 14 0
9 76 11 1
9 75 11 1
9 74 11 2
8 76 11 1
8 75 11 1
8 74 11 1
9 75 12 1
9 75 16 0
9 75 15 0
9 73 15 0
7 75 13 0
7 75 14 0
8 77 13 0
8 76 15 0
8 77 14 0
9 77 13 0
9 77 15 0
9 77 14 0
15 72 13 0
15 72 15 0
15 72 14 0
17 71 13 0
16 71 13 0
17 71 15 0
0 85 13 0
4 77 17 0
4 77 15 0
3 78 16 0
3 78 17 0
3 78 15 0
2 79 16 0
2 79 17 0
2 79 15 0
1 78 16 0
0 78 16 0
0 78 17 0
3 76 17 0
2 77 17 0
2 77 18 0
2 77 14 0
30 91 21 0
33 90 22 0
31 90 22 0
32 90 21 0
32 91 21 0
4 78 16 0
4 78 15 0
3 79 16 0
3 79 17 0
3 79 15 0
2 80 16 0
2 80 17 0
2 80 15 0
0 79 16 0
0 79 17 0
2 78 18 0
2 78 14 0
4 65 13 0
4 65 12 0
3 80 16 0
3 80 17 0
1 79 16 0
0 80 16 0
1 79 17 0
0 80 17 0
1 78 17 0
1 65 14 0
4 79 16 0
3 81 16 0
2 81 16 0
2 81 17 0
1 80 16 0
0 81 16 0
1 80 17 0
2 79 18 0
2 79 14 0
31 83 20 0
32 83 22 0
32 83 21 0
31 83 21 0
30 82 20 0
30 82 22 0
1 97 12 1
4 80 16 0
3 81 17 0
2 82 16 0
2 82 17 0
1 81 16 0
0 81 17 0
2 80 18 0
2 80 14 0
20 50 12 0
20 50 13 0
20 50 11 2
19 51 12 0
19 51 11 1
17 50 12 0
3 82 16 0
3 82 17 0
1 82 16 0
1 83 16 0
1 82 17 0
0 82 16 0
1 81 17 0
0 82 17 0
13 75 11 1
1 81 18 0
3 86 14 0
1 87 14 0
1 88 15 0
1 88 14 0
1 85 14 0
1 86 14 0
2 86 11 1
2 87 11 1
3 64 16 0
3 64 12 0
8 81 16 0
6 82 16 0
6 82 15 0
7 84 16 0
1 63 14 0
3 62 15 0
3 62 13 0
8 81 11 1
2 92 12 1
1 63 15 0
1 63 13 0
1 92 16 0
1 62 14 0
1 62 13 0
4 62 14 0
4 62 13 0
18 54 14 0
0 79 12 2
0 79 11 1
0 64 14 0
1 62 15 0
2 62 14 0
2 87 15 0
2 87 14 0
3 87 14 0
1 89 15 0
2 64 12 0
1 87 12 3
0 88 11 1
8 74 10 1
8 73 10 1
9 74 16 0
11 72 15 0
9 72 15 0
8 72 15 0
7 74 14 0
11 73 11 1
9 73 11 2
10 74 12 1
11 74 11 1
10 75 12 2
10 75 16 0
12 74 15 0
9 74 15 0
11 77 11 1
11 78 12 2
11 78 16 0
13 81 15 0
11 80 12 5
11 80 16 0
12 82 11 1
12 81 11 1
11 81 12 3
13 81 14 0
10 82 12 4
12 82 15 0
1 74 10 1
12 82 14 0
12 79 15 0
12 80 14 0
12 81 14 0
19 58 11 1
19 58 12 1
7 90 12 1
7 90 13 1
7 90 14 1
7 91 12 1
7 91 13 1
7 91 14 1
4 90 14 0
4 90 13 0
4 86 13 0
7 84 13 1
7 84 14 1
7 85 12 2
7 85 13 1
16 58 12 2
6 86 15 0
7 86 17 0
5 88 15 0
5 89 17 0
5 89 16 0
19 58 10 1
1 96 16 0
1 96 17 0
1 96 15 0
3 91 15 0
2 98 17 0
2 98 16 0
3 99 15 0
1 80 11 1
1 80 12 1
1 80 13 1
9 86 11 1
9 85 11 1
9 84 11 1
8 85 12 3
8 85 16 0
8 84 14 0
9 87 15 0
9 87 14 0
10 85 14 0
9 85 14 0
7 86 13 0
4 91 14 1
5 89 13 0
8 90 14 1
8 90 13 1
8 90 12 1
8 89 14 1
8 89 13 2
8 89 12 1
8 88 12 1
7 89 13 1
7 87 14 0
7 87 13 0
4 85 14 0
5 92 14 1
5 92 13 1
4 92 14 1
4 92 13 1
3 92 14 1
6 89 14 0
6 87 13 0
5 87 13 0
6 87 14 0
5 87 14 0
4 88 12 1
7 86 12 3
7 89 12 1
6 88 13 0
6 88 14 0
5 86 14 0
5 89 14 0
5 85 14 1
4 85 12 1
5 86 13 2
3 90 13 0
5 88 13 0
2 89 11 1
3 88 12 4
3 90 14 0
6 91 14 1
6 91 13 1
6 91 12 1
6 90 14 1
0 78 15 0
6 90 13 4
0 79 15 0
6 90 12 1
6 89 12 1
5 91 14 1
5 91 13 1
5 90 13 4
4 88 13 0
5 88 14 0
4 88 14 0
2 76 12 1
4 89 13 0
2 87 13 0
2 86 13 0
1 87 13 0
1 88 13 0
3 89 13 0
3 87 11 1
12 76 14 0
12 76 15 0
12 76 13 0
13 75 15 0
2 89 14 0
3 88 13 0
12 78 13 0
12 78 15 0
3 85 14 0
3 88 14 0
24 55 15 0
17 53 11 1
4 96 12 1
2 96 12 1
3 96 13 1
3 98 17 0
19 54 13 1
17 53 14 0
15 52 14 0
7 81 11 1
7 82 11 1
12 77 11 1
0 94 15 0
0 94 16 0
1 93 15 0
1 93 16 0
19 54 10 1
3 86 15 0
12 66 13 0
0 90 15 0
0 90 13 0
0 92 14 0
1 87 11 1
0 87 11 1
2 85 15 0
2 88 15 0
1 87 15 0
0 89 16 0
1 85 19 0
1 85 18 0
2 84 18 0
0 86 16 0
0 86 17 0
1 87 16 0
1 87 18 0
1 87 17 0
2 86 16 0
2 86 18 0
3 85 16 0
2 85 18 0
3 85 17 0
16 74 13 0
15 74 14 0
13 79 15 0
13 79 14 0
15 78 13 0
15 78 15 0
3 98 18 0
4 99 12 1
18 53 11 2
17 53 10 1
17 54 10 1
14 66 15 0
17 66 15 0
15 68 11 1
14 69 10 1
10 81 16 0
10 81 12 2
9 82 11 1
10 82 11 1
17 52 13 0
17 53 12 1
14 79 11 1
23 56 15 0
22 57 16 0
22 57 15 0
23 57 15 0
23 59 14 0
23 58 16 0
24 59 14 1
1 81 14 0
1 81 15 0
15 77 15 0
13 74 11 1
14 75 12 2
16 52 11 1
16 52 10 1
16 51 12 1
16 51 11 1
17 51 11 2
18 50 13 0
13 61 12 0
21 52 11 1
21 51 13 1
21 51 12 1
9 79 16 0
9 81 16 0
0 97 12 1
30 82 21 0
32 83 20 0
30 84 22 0
30 84 23 0
30 84 20 0
30 84 19 0
0 98 15 0
0 98 16 0
1 98 13 1
0 98 12 1
1 98 12 1
0 98 11 1
0 99 11 1
1 98 11 1
12 71 13 0
9 71 13 0
9 70 14 0
16 63 14 0
16 63 12 0
15 64 13 0
15 64 12 0
6 89 15 0
17 68 15 0
4 96 16 0
3 97 16 0
6 90 17 0
18 54 13 1
17 59 11 2
15 53 11 1
14 53 11 1
14 52 13 1
14 57 13 0
14 57 12 0
18 58 13 1
17 58 13 1
17 57 12 11
16 57 13 1
16 57 12 1
14 77 14 0
13 79 12 1
29 82 19 0
29 80 19 0
28 80 19 0
29 80 20 0
28 80 20 0
29 79 19 0
29 79 20 0
30 79 19 0
30 78 19 0
30 79 20 0
30 80 19 0
30 80 21 0
30 80 18 0
30 80 17 0
32 79 18 0
31 80 18 0
30 81 18 0
29 80 18 0
28 79 19 0
28 79 20 0
29 78 19 0
17 59 12 5
17 59 13 1
18 56 12 6
18 56 11 1
0 93 13 0
31 77 18 0
4 64 13 0
4 64 15 0
4 65 15 0
4 64 14 0
4 65 14 0
2 66 15 0
3 66 15 0
2 66 14 0
3 66 14 0
6 65 13 0
0 85 15 0
6 65 15 0
6 65 14 0
3 65 13 0
3 65 15 0
3 65 14 0
3 68 15 0
5 67 12 0
5 67 13 0
5 67 16 0
6 66 15 0
5 65 13 0
5 65 15 0
5 65 14 0
3 67 13 0
3 67 15 0
1 86 15 0
3 67 14 0
5 68 12 0
5 68 16 0
7 66 13 0
7 66 15 0
7 66 14 0
5 66 13 0
5 66 15 0
5 66 14 0
4 66 13 0
4 66 15 0
5 67 15 0
0 84 15 0
4 66 14 0
5 67 14 0
3 68 14 0
7 69 13 0
6 68 12 0
4 89 14 0
1 89 13 0
4 86 14 0
6 68 13 0
44 82 21 0
44 82 18 0
44 82 17 0
7 67 14 0
1 74 11 1
6 66 13 0
1 75 11 1
5 85 13 2
4 84 12 1
5 84 12 1
44 81 18 0
45 81 18 0
43 82 20 0
43 82 18 0
42 81 19 0
42 81 18 0
41 81 19 0
41 81 20 0
41 81 18 0
42 80 19 0
42 79 19 0
42 79 20 0
42 80 18 0
42 79 18 0
43 79 19 0
43 79 20 0
4 70 13 0
4 70 15 0
4 70 14 0
6 70 13 0
6 69 12 0
6 69 16 0
8 68 13 0
8 68 15 0
6 67 13 0
8 68 14 0
7 68 13 0
7 68 15 0
7 69 15 0
7 68 14 0
7 69 14 0
5 69 13 0
6 69 15 0
5 68 14 0
5 70 13 0
5 70 15 0
5 70 14 0
6 70 14 0
41 79 19 0
40 79 19 0
41 78 18 0
41 78 19 0
42 78 18 0
42 77 18 0
42 78 19 0
44 78 18 0
43 78 19 0
42 79 17 0
42 79 16 0
13 58 10 1
13 57 10 1
13 56 10 1
14 57 11 2
14 57 14 0
6 72 13 0
8 72 12 0
8 72 16 0
8 70 15 0
8 70 14 0
7 71 15 0
7 70 14 0
6 72 15 0
7 72 15 0
43 78 18 0
7 72 14 0
8 72 10 1
9 73 16 0
9 71 15 0
8 71 15 0
7 71 14 0
7 73 15 0
7 73 14 0
8 75 10 1
24 60 15 0
23 60 15 0
24 60 16 0
14 78 13 0
14 78 15 0
14 78 14 0
17 79 14 1
18 55 12 2
15 78 12 1
14 78 11 1
15 76 11 1
16 77 13 1
16 77 14 0
16 77 12 1
30 98 25 0
30 98 23 0
30 98 24 0
26 63 16 0
26 64 15 0
25 64 15 0
24 63 16 0
24 63 17 0
24 63 15 0
30 97 26 0
30 96 25 0
30 97 25 0
28 97 25 0
28 97 26 0
29 97 26 0
28 96 25 0
29 97 25 0
28 99 26 0
28 99 25 0
31 99 26 0
31 99 25 0
32 98 25 0
10 88 14 1
7 88 13 0
8 86 11 1
8 87 11 1
0 72 13 0
0 73 13 0
1 72 13 0
1 73 13 0
0 67 10 1
0 68 10 1
1 68 10 1
1 69 10 1
1 72 10 1
1 73 10 1
2 87 17 0
2 87 18 0
2 87 16 0
0 87 17 0
0 88 17 0
0 88 18 0
0 87 16 0
0 88 16 0
0 84 18 0
0 86 18 0
0 86 19 0
0 86 15 0
1 88 17 0
1 88 16 0
0 89 17 0
0 87 18 0
0 87 19 0
0 66 13 0
8 81 17 0
0 67 13 0
0 64 13 0
1 66 13 0
0 66 14 0
1 66 12 0
0 68 13 0
0 68 14 0
0 68 12 0
0 65 13 0
0 65 14 0
0 65 12 0
30 79 21 0
30 79 18 0
30 79 17 0
32 77 18 0
30 78 18 0
31 78 18 0
29 78 18 0
28 78 18 0
0 93 15 0
0 93 14 0
29 76 19 0
28 76 18 0
0 91 14 0
0 89 13 0
0 89 15 0
0 89 14 0
32 85 20 0
31 85 20 0
32 84 20 0
4 92 12 1
4 91 12 2
3 92 12 1
3 91 12 1
10 74 14 0
10 75 14 0
15 77 14 0
10 75 13 0
8 74 14 0
9 74 14 0
9 74 13 0
12 64 10 2
13 63 11 1
30 77 17 0
30 77 16 0
5 96 17 0
14 80 13 1
18 55 10 1
17 55 12 2
17 55 11 1
16 50 12 0
15 58 10 1
14 59 12 1
14 59 11 6
13 60 11 1
5 91 16 0
6 88 17 0
2 90 15 0
3 90 17 0
2 90 16 0
21 50 10 1
13 75 13 0
1 58 15 0
1 58 14 0
0 58 13 0
0 58 15 0
0 60 12 0
0 60 13 0
0 60 16 0
1 59 13 0
1 59 15 0
16 68 14 0
17 69 13 0
15 70 14 0
15 69 15 0
18 76 11 1
0 59 14 0
0 60 14 0
1 61 12 0
1 61 13 0
1 61 16 0
2 60 13 0
2 60 15 0
1 59 14 0
0 60 15 0
1 82 11 1
1 62 16 0
5 85 15 0
6 86 17 0
1 60 14 0
0 82 11 1
0 82 12 4
2 62 12 0
0 80 12 2
10 85 15 0
10 86 14 0
10 86 15 0
6 91 17 0
0 80 11 1
1 95 15 0
14 77 13 0
18 53 10 1
19 52 13 0
0 61 13 0
3 95 11 1
5 98 16 0
5 98 17 0
3 94 15 0
4 95 17 0
3 96 18 0
2 97 12 1
3 96 12 1
3 97 12 1
4 97 12 1
10 84 14 0
11 84 14 0
10 84 15 0
11 84 15 0
9 84 12 2
10 84 11 1
10 85 11 1
2 97 15 0
10 78 14 0
10 78 15 0
15 54 13 0
0 91 13 0
5 86 16 0
4 97 16 0
8 70 13 0
15 52 10 1
4 69 14 0
11 78 14 0
4 69 15 0
11 83 15 0
6 68 14 0
11 85 15 0
11 85 14 0
9 83 17 0
9 83 12 3
5 87 17 0
5 87 18 0
5 87 12 3
4 86 11 1
22 50 16 0
22 50 13 0
27 69 17 0
30 86 20 0
29 93 25 0
29 94 25 0
29 93 24 0
29 94 24 0
28 95 24 0
11 65 13 0
9 78 15 0
3 77 11 1
12 83 15 0
12 83 14 0
30 96 27 0
31 95 24 0
31 95 26 0
15 72 10 1
16 72 10 1
17 72 14 0
17 72 13 0
16 73 14 0
16 74 14 0
16 73 13 0
15 76 13 0
15 76 14 0
14 75 13 0
13 76 13 0
14 75 14 0
13 75 14 0
13 74 13 0
15 75 11 1
16 75 11 1
17 75 13 0
16 76 14 0
17 77 12 1
3 96 15 0
2 95 16 0
3 94 16 0
2 95 17 0
12 80 15 0
10 80 14 0
10 80 15 0
10 79 14 0
10 79 15 0
10 77 14 0
10 77 15 0
12 79 16 0
12 79 12 3
11 78 11 1
11 79 11 1
11 80 11 1
12 80 11 1
13 80 11 1
15 74 12 1
13 74 14 0
15 74 15 0
18 58 11 1
16 56 12 0
28 55 13 0
25 54 13 0
24 54 13 0
26 53 13 0
26 53 14 0
27 54 13 0
27 54 14 0
26 55 11 1
25 54 10 1
26 54 10 1
27 54 10 1
6 85 11 1
7 85 11 1
8 85 11 1
7 87 16 0
7 87 15 0
31 81 20 0
24 53 13 0
25 53 14 0
25 53 13 0
25 52 13 0
25 52 14 0
27 53 13 0
25 54 11 1
24 53 10 1
24 54 10 1
24 55 10 1
25 53 10 1
26 53 10 1
29 82 21 0
28 82 20 0
29 82 20 0
32 82 21 0
31 82 21 0
31 90 21 0
31 90 24 0
27 53 14 0
23 53 13 0
24 52 13 0
23 51 13 0
25 51 13 0
25 51 14 0
26 51 13 0
26 51 14 0
29 60 12 4
29 60 13 1
29 61 11 1
30 60 11 1
30 60 12 1
30 60 13 1
30 61 11 1
30 63 13 0
30 63 14 0
29 64 15 0
29 64 12 1
30 63 11 1
9 81 11 1
13 78 15 0
15 80 14 1
15 80 13 1
15 80 12 1
14 80 14 1
9 78 14 0
31 66 12 1
32 65 11 1
32 66 12 1
26 64 13 1
28 63 14 0
25 61 11 1
25 61 12 3
25 61 13 3
25 62 11 1
25 62 12 5
25 62 13 1
26 61 11 1
26 61 12 5
26 61 13 1
27 61 11 1
28 62 13 1
28 62 14 0
27 60 11 1
27 60 12 3
27 60 13 1
27 61 12 5
28 64 15 0
27 63 10 1
27 64 10 1
27 65 10 1
28 63 10 1
28 64 10 1
28 65 10 1
29 63 10 1
29 64 10 1
29 65 10 1
24 50 10 2
23 50 9 1
23 51 9 1
24 50 9 1
24 51 9 1
25 50 9 1
25 51 9 1
26 64 14 0
24 63 11 1
24 63 12 1
24 63 13 1
24 64 11 1
24 64 12 1
24 64 13 1
24 65 11 1
24 65 12 1
24 65 13 1
27 62 14 0
30 62 13 1
29 62 14 0
26 65 13 1
24 62 11 1
24 62 12 1
24 62 13 1
28 61 13 0
29 62 11 1
26 62 14 0
25 60 12 2
25 60 13 2
26 60 12 5
26 60 13 5
28 61 14 0
25 63 14 0
26 61 14 0
27 61 13 1
27 61 14 0
26 59 12 5
26 59 13 3
27 59 11 1
27 59 12 2
27 59 13 1000
28 59 11 1
28 59 12 2
28 59 13 1
29 61 13 0
29 61 14 0
27 63 15 0
25 62 14 0
24 61 11 1
24 61 12 1
24 61 13 1
29 59 11 1
16 56 16 0
16 57 16 0
17 57 16 0
5 79 18 0
5 78 17 0
5 78 18 0
6 89 17 0
7 89 16 0
7 89 17 0
6 81 18 0
6 87 18 0
5 80 18 0
4 79 17 0
4 79 18 0
6 77 17 0
6 79 19 0
8 88 16 0
8 88 17 0
5 82 17 0
4 81 17 0
4 81 18 0
4 80 17 0
4 80 18 0
3 80 18 0
4 78 17 0
4 78 18 0
5 80 19 0
5 80 16 0
5 80 15 0
5 82 18 0
13 56 15 0
13 57 15 0
5 90 14 0
7 90 15 0
25 51 12 0
24 51 12 0
22 51 13 0
22 51 12 0
14 70 11 2
25 50 14 0
25 50 12 0
23 51 12 0
22 50 9 1
13 70 10 1
13 71 10 1
13 71 11 1
38 73 12 1
38 74 12 1
38 75 12 1
37 73 15 0
38 73 15 0
37 74 15 0
36 74 15 0
35 73 15 0
34 73 15 0
35 73 16 0
35 72 15 0
35 72 16 0
36 71 15 0
36 71 16 0
36 73 13 2
35 72 12 1
35 73 12 1
35 74 12 1
36 72 12 1
37 72 12 1
36 73 15 0
34 73 16 0
35 71 15 0
35 71 16 0
37 71 15 0
37 71 16 0
37 72 14 1
37 74 14 0
36 74 14 1
34 74 15 0
34 74 14 1
34 72 15 0
34 72 16 0
34 72 14 1
34 71 15 0
34 71 16 0
34 71 14 1
36 70 15 0
36 70 16 0
36 70 14 0
37 71 14 1
36 72 13 2
35 71 12 1
36 71 12 1
37 71 12 1
5 86 15 0
32 88 23 0
16 72 15 0
15 73 14 0
20 54 13 1
20 54 12 1
20 54 11 1
19 55 13 1
19 55 12 3
19 55 11 2
18 53 13 1
18 53 12 1
7 83 11 1
5 87 11 1
6 86 11 1
29 86 22 0
29 87 22 0
3 92 13 2
2 91 12 1
8 82 11 1
10 83 15 0
10 83 16 0
8 82 17 0
8 82 12 1
3 62 14 0
1 64 13 0
1 64 15 0
1 64 14 0
3 66 13 0
11 77 16 0
11 77 12 2
11 76 11 1
5 63 13 0
2 63 13 0
2 63 15 0
1 65 15 0
3 65 12 0
3 65 16 0
5 63 14 0
3 63 13 0
3 63 15 0
3 63 14 0
3 64 15 0
12 75 14 0
12 75 15 0
2 63 14 0
1 65 13 0
0 99 12 2
11 76 16 0
11 76 12 3
11 75 11 1
12 75 11 1
4 63 13 0
4 63 15 0
32 82 20 0
31 90 20 0
4 65 16 0
5 64 15 0
4 63 14 0
2 64 13 0
2 64 15 0
2 64 14 0
2 65 13 0
2 65 15 0
2 65 14 0
2 67 15 0
5 64 13 0
5 64 14 0
3 64 13 0
3 64 14 0
4 66 12 0
4 66 16 0
4 87 13 0
3 89 14 0
2 88 13 0
16 54 12 0
19 56 12 1
20 55 11 1
2 95 15 0
1 94 16 0
1 94 15 0
2 92 16 0
3 92 17 0
3 92 15 0
3 94 17 0
3 94 18 0
16 74 11 1
17 74 13 0
16 76 13 0
16 75 14 0
9 79 15 0
9 79 14 0
28 67 16 0
12 65 13 0
21 50 15 0
22 51 15 0
20 52 13 1
18 78 12 1
19 53 12 5
19 53 11 1
19 56 13 1
11 82 11 1
11 81 16 0
10 82 16 0
9 82 15 0
9 83 15 0
9 83 16 0
9 82 14 0
9 83 14 0
8 82 16 0
7 81 15 0
7 81 16 0
7 81 14 0
8 80 16 0
14 60 11 2
14 63 13 0
4 95 12 1
3 95 12 2
2 95 12 1
2 94 12 1
16 54 11 5
16 54 14 0
20 51 10 1
15 57 12 1000
15 56 13 0
15 57 13 1000
15 58 11 1
14 58 10 1
15 59 12 2
16 58 11 2
16 59 10 1
16 59 11 2
16 59 12 1
15 60 12 1
16 57 11 1
14 60 12 1
17 61 12 1
15 73 12 1
25 60 11 1
25 59 11 1
25 58 11 2
24 60 11 1
3 92 18 0
6 94 16 0
6 94 17 0
6 95 16 0
6 95 17 0
4 94 18 0
4 95 18 0
4 94 14 0
4 95 14 0
6 96 16 0
6 96 17 0
6 97 16 0
6 97 17 0
4 96 18 0
4 97 18 0
4 96 14 0
4 97 14 0
6 98 16 0
22 77 16 0
20 79 16 0
18 79 17 0
18 78 18 0
18 78 16 0
19 77 17 0
18 77 17 0
37 69 11 1
37 70 11 1
31 69 13 2
31 69 14 0
29 68 12 3
29 68 13 1
29 68 14 1
29 69 12 3
29 69 13 2
29 69 14 1
29 70 12 1
29 70 13 1
29 70 14 1
30 68 12 2
31 68 13 1
32 68 14 0
33 67 13 0
29 68 11 1
29 69 11 1
29 70 11 1
30 68 11 1
30 69 11 1
30 70 11 1
32 68 13 1000
31 68 14 0
32 67 13 1
32 67 14 0
32 69 15 0
19 75 18 0
1 89 16 0
21 75 17 0
0 88 12 1
19 77 19 0
1 88 12 2
19 77 15 0
2 90 14 0
19 78 16 0
35 69 12 1
35 68 11 1
35 69 11 1
35 70 11 1
36 68 12 1
36 68 13 1
36 69 13 1
28 68 11 1
28 68 12 2
28 68 13 1
28 69 11 1
28 69 12 2
28 69 13 1
28 70 11 1
28 70 12 1
28 70 13 1
31 67 13 1000
31 67 14 0
34 67 13 0
33 67 14 0
18 79 16 0
35 68 12 2
35 67 11 1
36 67 11 1
36 67 12 1
36 67 13 1
30 68 13 0
30 68 14 0
30 67 13 0
32 66 13 1
32 68 15 0
2 88 17 0
2 89 16 0
2 89 17 0
3 89 17 0
2 88 12 1
3 89 12 1
17 79 17 0
17 79 16 0
15 77 17 0
15 77 16 0
16 76 17 0
16 76 16 0
17 77 19 0
17 77 15 0
34 69 12 1
30 66 13 0
30 67 14 0
32 66 14 0
33 66 13 0
15 79 16 0
15 78 17 0
15 78 16 0
15 76 16 0
33 69 12 2
32 70 11 1
33 69 11 1
33 70 11 1
34 68 11 1
34 69 11 1
34 70 11 1
32 69 12 1
28 69 14 1
28 70 14 1
29 67 13 0
29 67 14 0
30 66 14 0
31 66 13 0
31 65 13 0
31 66 14 0
31 67 15 0
3 89 15 0
24 54 16 0
24 54 14 0
25 54 15 0
25 54 16 0
25 54 14 0
7 80 11 1
7 79 11 1
8 80 12 1
8 80 17 0
8 78 16 0
3 89 11 1
8 79 11 1
29 66 13 0
29 66 14 0
31 65 14 0
32 68 12 2
31 69 11 1
32 68 11 1
32 69 11 1
33 67 11 1
33 68 11 1
33 68 12 1
31 70 11 1
27 68 11 1
27 69 11 1
27 69 12 1
27 69 13 1
27 70 11 1
27 70 12 1
27 70 13 1
28 67 13 0
29 65 13 0
29 65 14 0
16 55 15 0
15 55 15 0
6 83 15 0
5 83 15 0
6 83 16 0
5 83 16 0
7 83 17 0
7 83 12 2
6 82 11 1
6 83 11 1
21 52 13 1
18 50 12 0
18 51 12 0
18 51 13 0
17 51 12 0
17 51 13 0
9 84 14 0
9 84 16 0
5 98 15 0
5 99 16 0
4 99 17 0
4 99 15 0
16 75 13 0
15 75 13 0
15 75 14 0
15 74 11 1
16 72 11 1
16 73 11 1
15 66 15 0
15 66 11 1
14 67 10 1
15 67 10 1
16 67 10 1
17 68 14 0
17 68 13 0
15 69 14 0
15 69 13 0
14 68 14 0
14 68 13 0
7 87 11 1
7 86 11 1
6 87 11 1
2 94 17 0
2 94 15 0
2 93 16 0
2 93 17 0
2 93 15 0
5 91 17 0
5 91 15 0
15 70 16 0
15 70 11 1
14 71 10 1
15 71 10 1
16 71 10 1
16 72 14 0
17 73 14 0
5 93 16 0
5 92 16 0
16 52 13 1
19 54 12 2
19 54 11 2
18 54 12 1
18 54 11 1
1 99 16 0
1 99 17 0
1 99 15 0
3 99 18 0
3 99 13 1
26 60 11 1
26 59 11 1
26 58 11 3
31 84 20 0
30 83 21 0
29 83 21 0
29 83 22 0
30 83 20 0
3 97 17 0
3 97 15 0
10 83 11 1
8 83 15 0
0 71 10 1
0 71 9 1
1 70 9 1
16 68 13 0
1 71 9 1
24 52 16 0
24 53 14 0
24 52 14 0
23 54 16 0
23 54 17 0
23 54 14 0
23 54 13 0
23 54 15 0
13 56 13 0
18 59 13 1
18 59 12 1
18 59 11 1
3 96 17 0
3 96 16 0
3 95 16 0
5 95 17 0
24 52 15 0
21 53 15 0
21 53 14 0
21 52 15 0
20 52 15 0
21 52 14 0
2 93 12 1
1 95 16 0
1 95 17 0
16 50 10 1
16 51 10 1
20 51 12 1
20 51 13 1
17 79 13 1
17 79 12 1
16 79 14 1
18 54 10 1
12 61 12 0
16 56 13 0
14 56 12 0
14 56 13 0
14 53 13 0
20 56 10 1
20 56 11 1
20 56 12 1
16 58 10 1
17 57 10 1
17 58 10 1
17 58 11 1
15 70 13 0
14 69 14 0
14 69 15 0
14 69 13 0
13 68 14 0
8 81 15 0
8 79 14 0
8 79 15 0
9 83 11 1
14 61 12 0
16 59 13 1
15 66 10 1
16 66 10 1
0 88 10 1
0 89 10 1
0 89 11 1
1 89 11 1
14 72 16 0
14 73 16 0
14 72 12 1
14 73 12 1
16 74 15 0
16 75 15 0
13 74 15 0
14 74 16 0
14 75 16 0
14 74 12 2
14 60 16 0
15 60 16 0
45 85 19 0
44 83 19 0
43 84 19 0
44 83 20 0
43 84 20 0
43 83 19 0
43 83 20 0
43 81 19 0
43 81 20 0
45 82 19 0
45 81 19 0
45 82 20 0
45 81 20 0
46 81 19 0
46 81 20 0
45 83 21 0
45 83 18 0
45 83 17 0
46 82 18 0
44 84 18 0
43 82 19 0
43 83 18 0
42 82 19 0
42 82 20 0
42 82 18 0
43 80 19 0
43 80 20 0
43 80 18 0
44 81 19 0
44 80 19 0
44 80 20 0
44 80 18 0
45 80 19 0
45 80 20 0
45 80 18 0
1 76 11 1
2 75 12 1
0 77 15 0
1 76 15 0
0 76 15 0
2 74 13 0
2 73 13 0
3 73 15 0
2 73 14 0
4 72 13 0
3 72 15 0
4 72 14 0
0 73 14 0
1 73 14 0
3 73 14 0
2 72 14 0
3 73 13 0
2 72 13 0
2 72 10 1
2 71 10 1
2 70 10 1
1 71 15 0
0 72 14 0
3 72 14 0
3 72 13 0
3 71 14 0
2 71 9 1
25 52 15 0
1 70 15 0
0 71 14 0
0 71 13 0
1 72 14 0
2 71 14 0
3 71 13 0
2 71 13 0
3 70 14 0
3 70 13 0
2 70 9 1
14 55 12 0
1 69 15 0
1 71 14 0
1 71 13 0
3 69 14 0
2 69 14 0
3 69 13 0
2 69 9 1
2 68 9 1
2 67 9 1
1 68 15 0
1 70 14 0
1 70 13 0
2 70 14 0
2 70 13 0
3 68 13 0
1 69 9 1
0 68 15 0
2 66 12 0
2 66 13 0
0 70 12 0
0 70 14 0
0 70 13 0
2 69 12 0
2 69 13 0
2 68 12 0
2 68 14 0
2 68 13 0
17 52 12 1
4 94 15 0
3 95 18 0
0 67 15 0
0 67 14 0
0 69 12 0
0 69 14 0
0 69 13 0
1 69 12 0
1 69 14 0
1 69 13 0
10 75 11 1
15 79 11 1
29 77 19 0
17 78 11 1
29 77 20 0
29 77 18 0
30 77 19 0
30 77 20 0
30 77 18 0
18 61 11 1
10 83 17 0
10 83 12 1
11 83 11 1
11 84 11 1
12 79 14 0
4 77 16 0
23 50 16 0
23 51 16 0
20 52 14 0
23 53 16 0
23 57 14 0
27 56 15 0
27 57 15 0
24 58 14 0
25 56 16 0
26 54 15 0
27 55 15 0
23 58 14 0
25 55 16 0
24 54 12 0
25 55 12 0
26 53 15 0
29 59 12 2
29 59 13 1
30 59 11 1
30 59 12 1
30 59 13 1
36 72 14 1
16 67 13 0
16 67 14 0
14 66 13 0
27 65 12 1
26 66 11 1
26 66 12 1
14 73 11 1
13 64 13 0
13 64 14 0
13 66 13 0
28 66 12 1
24 59 12 1
24 59 13 1
24 60 12 1
24 60 13 1
25 59 13 2
27 60 14 0
0 76 13 1
0 76 12 1
0 76 11 1
0 73 12 1
0 73 11 1
0 73 10 1
0 72 12 1
26 60 14 0
24 60 14 1
2 94 13 1
1 93 12 1
0 96 16 0
1 96 13 1
0 95 12 1
8 83 11 1
7 84 15 0
8 84 16 0
27 57 13 1
27 58 11 2
28 57 11 1
28 57 12 1
28 57 13 1
28 58 11 1
28 60 14 0
17 66 14 0
17 66 13 0
14 67 14 0
12 61 13 0
17 61 13 1
17 60 13 1
14 75 11 1
17 54 12 2
5 97 16 0
25 60 14 1
29 58 11 1
29 58 12 1
29 58 13 1
30 58 11 1
30 58 12 1
30 58 13 1
17 54 11 2
3 98 13 1
24 61 14 1
24 62 14 1
27 59 14 0
5 99 17 0
5 99 15 0
4 90 12 1
28 59 14 0
26 59 16 0
29 60 14 0
25 58 12 1
25 58 13 1
25 58 14 1
26 58 13 1
26 58 14 1
27 58 13 1000
27 58 14 0
27 60 15 0
27 57 14 0
28 58 13 0
28 58 14 0
34 74 13 1
34 75 14 1
34 75 15 1
29 59 14 0
28 62 12 1
36 74 13 1
33 73 14 1
31 73 12 1
31 74 12 1
31 74 13 1
31 74 14 1
31 75 12 1
31 75 13 1
31 75 14 1
32 74 12 1
29 62 12 1
30 61 12 1
30 61 13 1
30 62 11 1
30 62 12 1
35 69 14 0
35 71 13 2
24 58 12 3
23 57 11 1
23 57 12 3
23 57 13 1
23 58 11 1
23 58 12 1
23 58 13 1
23 59 11 1
23 59 12 1
23 59 13 1
24 57 11 1
25 57 13 0
27 56 13 0
28 57 14 0
27 58 15 0
26 57 10 1
26 58 10 1
26 59 10 1
27 57 10 1
27 58 10 1
27 59 10 1
28 57 10 1
28 58 10 1
28 59 10 1
24 58 13 0
25 56 13 0
25 56 14 0
26 56 13 0
28 56 13 0
28 56 14 0
25 57 10 1
25 58 10 1
25 59 10 1
22 56 11 1
22 56 12 1
22 56 13 1
22 57 11 1
22 57 12 1
22 57 13 1
22 58 11 1
22 58 12 1
22 58 13 1
23 56 11 1
26 55 13 0
27 56 14 0
25 56 10 1
26 56 10 1
27 56 10 1
34 99 25 0
33 99 24 0
33 99 25 0
33 99 23 0
24 56 13 0
24 56 14 0
23 56 12 1
22 55 11 1
22 55 12 1
22 55 13 1
23 55 11 1
25 55 13 0
25 55 14 0
26 54 13 0
26 54 14 0
27 55 13 0
27 55 14 0
26 56 11 1
25 55 10 1
26 55 10 1
27 55 10 1
36 97 24 0
35 98 23 0
34 98 23 0
34 99 23 0
33 98 24 0
33 98 23 0
33 97 24 0
32 97 24 0
32 97 25 0
33 97 23 0
32 97 23 0
33 96 24 0
33 96 25 0
33 96 23 0
34 96 24 0
34 95 24 0
34 96 25 0
34 96 23 0
34 95 23 0
36 96 24 0
35 96 25 0
35 96 23 0
34 97 26 0
34 97 22 0
35 96 24 0
32 96 23 0
31 96 23 0
32 95 23 0
33 95 23 0
33 94 23 0
14 68 11 2
14 69 11 1
34 94 23 0
34 94 24 0
33 96 22 0
33 96 21 0
5 92 18 0
5 93 18 0
5 93 14 0
7 94 16 0
7 94 17 0
7 95 16 0
33 95 22 0
13 68 10 1
32 96 22 0
13 69 10 1
31 95 22 0
31 96 22 0
31 94 22 0
30 94 22 0
31 93 22 0
32 92 22 0
33 93 23 0
33 93 24 0
33 93 22 0
32 94 25 0
32 94 22 0
32 94 21 0
48 85 21 0
48 85 22 0
48 85 20 0
49 86 22 0
49 86 20 0
48 87 23 0
48 87 20 0
48 87 19 0
48 86 20 0
49 87 20 0
47 87 20 0
46 86 21 0
45 86 21 0
46 86 20 0
45 86 20 0
46 85 21 0
47 85 21 0
47 85 20 0
46 85 20 0
47 84 21 0
47 84 20 0
49 85 21 0
49 85 20 0
47 86 23 0
47 86 19 0
5 95 14 0
7 96 16 0
7 97 16 0
29 92 22 0
28 93 22 0
29 93 21 0
28 91 22 0
28 91 21 0
28 90 22 0
30 89 21 0
30 91 20 0
45 85 20 0
44 85 20 0
45 85 21 0
46 84 20 0
45 84 20 0
46 84 21 0
45 84 21 0
46 83 20 0
46 83 21 0
48 84 20 0
48 84 21 0
46 85 22 0
46 85 19 0
46 85 18 0
47 84 19 0
46 84 19 0
47 85 19 0
46 86 19 0
44 85 21 0
45 84 19 0
44 85 19 0
44 84 20 0
44 84 21 0
44 84 19 0
45 83 20 0
44 82 20 0
44 83 21 0
45 83 19 0
44 82 19 0
46 82 20 0
46 82 21 0
46 83 19 0
46 82 19 0
47 82 20 0
47 83 21 0
47 82 19 0
46 84 22 0
46 84 18 0
47 83 19 0
47 83 20 0
5 96 18 0
5 97 18 0
5 96 14 0
5 97 14 0
6 98 17 0
14 64 11 1
14 65 11 1
7 98 16 0
7 99 16 0
14 51 12 1
33 88 21 0
33 88 22 0
15 54 12 0
15 51 11 1
15 52 11 1
15 55 14 0
12 60 12 0
31 85 21 0
18 51 10 1
14 55 10 1
14 56 10 1
15 56 10 1
5 95 16 0
1 95 12 1
3 91 11 1
32 86 22 0
30 85 22 0
11 67 10 3
5 92 11 1
20 52 11 1
20 51 11 2
19 52 11 2
16 73 10 1
17 77 13 1
29 74 18 0
13 69 13 0
10 69 13 0
10 69 14 0
9 67 14 0
12 69 14 0
11 70 13 0
11 70 14 0
31 78 19 0
31 77 19 0
31 77 20 0
12 67 14 0
12 65 11 0
12 65 12 0
12 65 15 0
12 77 14 0
11 77 14 0
12 77 15 0
11 77 13 0
21 52 12 1
17 50 10 1
19 52 12 1
19 53 10 1
8 82 14 0
11 71 13 0
9 69 13 0
29 95 26 0
29 95 24 0
30 95 25 0
30 94 25 0
30 95 26 0
30 94 24 0
31 95 25 0
0 99 16 0
0 99 17 0
30 97 24 0
29 96 24 0
5 90 17 0
5 90 16 0
30 92 24 0
29 92 24 0
29 92 23 0
30 91 23 0
30 91 24 0
31 92 23 0
32 91 23 0
31 92 24 0
32 92 24 0
32 92 23 0
30 93 22 0
30 93 21 0
18 77 12 1
18 77 13 1
18 78 11 1
18 78 13 1
12 59 12 1
13 58 12 1
15 79 13 1
14 58 13 0
13 63 14 0
13 65 12 0
13 65 14 0
13 65 13 0
15 66 12 0
15 66 14 0
15 66 13 0
16 65 12 0
4 90 18 0
13 78 16 0
14 77 15 0
4 98 12 1
3 98 12 1
10 67 9 1
15 62 14 0
2 96 15 0
2 96 17 0
2 96 16 0
4 96 15 0
4 96 17 0
5 96 16 0
16 58 13 1
19 56 11 1
19 56 10 1
13 62 12 0
3 91 16 0
9 78 11 1
9 77 11 1
8 78 11 1
8 77 11 1
9 77 12 1
15 67 14 0
15 65 14 0
16 66 13 0
17 65 14 0
17 65 13 0
16 65 10 1
16 64 10 1
16 63 10 1
15 65 10 1
14 65 10 1
15 64 11 1
15 64 15 0
15 64 14 0
14 65 12 0
15 62 12 0
15 62 13 0
14 62 12 0
28 71 18 0
29 70 17 0
1 77 11 1
1 77 12 1
1 77 13 1
1 78 11 1
1 78 12 1
1 78 13 1
1 79 11 1
1 79 12 1
6 90 16 0
13 78 12 1
5 85 17 0
4 85 15 0
4 86 17 0
14 68 15 0
15 62 10 1
4 87 15 0
4 87 17 0
3 87 16 0
4 88 15 0
4 88 17 0
6 90 15 0
5 89 15 0
5 88 16 0
7 88 15 0
16 54 10 1
16 55 10 1
16 55 11 2
15 77 13 0
17 55 10 1
15 71 13 0
14 70 14 0
14 70 15 0
14 70 13 0
13 66 14 0
11 69 13 0
6 84 16 0
5 88 18 0
7 89 15 0
26 69 18 0
29 66 16 0
27 61 17 0
29 83 20 0
11 79 15 0
5 95 15 0
12 71 9 1
11 74 10 1
25 59 16 0
25 59 17 0
25 59 15 0
19 50 11 2
17 73 13 0
16 72 13 0
18 55 11 3
3 99 14 0
15 57 10 1
16 57 10 1
4 91 11 1
5 90 11 1
31 75 18 0
24 55 16 0
31 86 19 0
31 86 20 0
24 55 14 0
25 56 15 0
26 56 15 0
26 56 16 0
26 56 14 0
2 99 16 0
2 99 17 0
2 99 15 0
1 98 16 0
1 98 17 0
1 98 15 0
22 53 14 0
17 56 13 0
14 61 13 0
12 60 13 0
26 63 17 0
6 87 17 0
15 56 12 0
14 70 10 1
24 55 13 0
24 55 17 0
3 90 11 1
13 78 13 0
12 70 13 0
13 77 15 0
13 78 14 0
17 77 14 1
22 54 15 0
22 55 14 0
11 69 10 50
10 70 9 1
11 70 9 1
12 70 9 1
9 70 13 0
33 86 21 0
32 87 21 0
49 92 22 0
17 78 14 1
49 92 23 0
25 62 16 0
27 75 17 0
28 75 19 0
27 75 18 0
28 75 18 0
28 77 17 0
29 77 17 0
7 81 17 0
7 81 18 0
6 81 17 0
6 80 18 0
5 79 17 0
6 79 18 0
6 78 17 0
6 78 18 0
7 77 17 0
7 77 18 0
7 79 19 0
7 79 16 0
49 91 22 0
48 91 22 0
49 91 23 0
49 89 22 0
49 89 23 0
6 80 17 0
5 81 17 0
5 81 18 0
49 90 22 0
48 91 23 0
49 90 21 0
48 91 21 0
48 89 22 0
48 89 23 0
49 89 21 0
48 89 21 0
48 88 22 0
48 88 23 0
48 88 21 0
47 90 21 0
48 90 22 0
48 90 21 0
47 88 21 0
47 88 22 0
47 87 21 0
48 87 22 0
48 87 21 0
49 87 21 0
49 86 21 0
49 87 22 0
49 88 22 0
49 88 23 0
49 88 20 0
49 88 19 0
49 88 21 0
48 89 20 0
47 89 21 0
47 88 20 0
46 87 21 0
46 87 22 0
46 87 20 0
47 86 21 0
47 86 22 0
47 86 20 0
48 86 21 0
30 90 21 0
29 92 21 0
28 90 21 0
27 91 21 0
27 90 21 0
27 90 22 0
28 89 21 0
27 88 21 0
28 89 22 0
28 88 22 0
28 88 21 0
29 90 20 0
29 90 19 0
30 88 20 0
28 90 20 0
27 89 21 0
26 90 21 0
27 89 22 0
26 90 20 0
26 88 21 0
26 88 22 0
26 88 20 0
26 87 21 0
27 87 22 0
26 87 20 0
28 87 21 0
28 86 21 0
28 86 22 0
28 86 20 0
29 87 20 0
28 88 23 0
28 88 20 0
28 88 19 0
10 84 16 0
10 85 16 0
14 58 16 0
14 58 17 0
14 59 16 0
15 58 16 0
15 58 17 0
15 59 16 0
3 81 18 0
3 79 18 0
5 81 16 0
4 82 17 0
4 82 18 0
4 82 16 0
5 79 16 0
4 80 19 0
4 80 15 0
4 81 16 0
3 82 18 0
2 81 18 0
1 80 18 0
3 78 18 0
3 80 19 0
3 80 15 0
2 80 19 0
14 66 11 2
14 67 11 1
1 80 15 0
1 80 14 0
0 81 15 0
0 82 15 0
13 66 10 1
13 67 10 1
1 79 15 0
0 80 18 0
0 80 15 0
0 79 14 0
0 81 14 0
24 81 18 0
23 82 18 0
22 52 10 1
21 82 18 0
21 81 18 0
21 81 19 0
22 80 18 0
21 80 18 0
22 80 19 0
23 80 18 0
23 79 18 0
23 80 19 0
23 79 19 0
23 81 20 0
23 81 17 0
23 81 16 0
23 81 18 0
16 58 16 0
16 59 16 0
24 80 17 0
22 83 17 1
21 83 16 1
21 84 16 1
21 84 17 1
21 84 18 1
22 83 16 1
22 84 16 1
22 84 17 1
23 83 16 1
23 83 17 1
23 84 16 1
23 84 17 1
23 84 18 1
21 81 17 0
20 80 18 0
20 80 19 0
20 80 17 0
21 79 18 0
21 78 18 0
21 79 19 0
21 79 17 0
22 79 18 0
22 78 18 0
22 78 19 0
22 78 17 0
23 52 11 2
22 53 10 1
22 80 20 0
22 80 17 0
22 80 16 0
22 79 17 0
23 80 17 0
21 80 17 0
20 79 18 0
19 79 18 0
20 79 17 0
20 78 18 0
21 78 17 0
20 78 17 0
21 77 18 0
21 77 17 0
23 78 18 0
23 78 17 0
21 79 20 0
21 79 16 0
23 53 11 2
22 54 10 1
23 54 10 1
19 50 15 0
19 51 14 0
18 51 11 2
21 53 12 1
21 53 13 1
22 51 10 1
22 51 11 2
23 51 11 2
19 78 17 0
19 78 18 0
20 77 17 0
20 77 18 0
21 76 17 0
21 76 18 0
22 77 17 0
22 77 18 0
21 78 19 0
21 78 16 0
21 78 15 0
19 79 17 0
18 78 17 0
19 76 17 0
19 76 18 0
20 76 17 0
20 76 18 0
22 76 17 0
22 76 18 0
20 78 19 0
20 78 16 0
20 78 15 0
14 56 16 0
14 57 16 0
15 56 16 0
15 57 16 0
15 57 17 0
6 79 15 0
6 79 16 0
5 80 17 0
8 79 19 0
8 77 18 0
8 77 17 0
7 78 18 0
7 78 17 0
7 79 18 0
6 79 17 0
7 79 17 0
7 80 18 0
7 80 17 0
8 81 18 0
8 78 18 0
14 64 15 0
14 65 15 0
8 78 17 0
8 79 18 0
8 80 18 0
10 79 16 0
10 79 19 0
11 78 18 0
9 78 18 0
9 77 17 0
8 79 17 0
9 80 18 0
10 79 18 0
9 80 17 0
10 81 18 0
10 81 17 0
11 79 19 0
11 79 18 0
13 77 18 0
10 77 16 0
10 77 18 0
10 77 17 0
9 79 18 0
9 79 17 0
10 79 17 0
10 80 18 0
10 80 17 0
11 79 17 0
11 81 17 0
13 80 16 0
13 80 18 0
13 80 17 0
13 79 18 0
12 78 19 0
14 77 18 0
12 76 16 0
12 76 17 0
11 77 18 0
11 77 17 0
10 78 16 0
10 78 18 0
10 78 17 0
11 78 17 0
1 90 17 0
17 58 12 4
2 71 15 0
2 91 11 1
2 94 16 0
26 69 17 0
25 62 15 0
15 77 18 0
14 76 18 0
25 63 15 0
24 62 16 0
24 62 17 0
24 62 15 0
24 61 16 0
0 65 10 1
10 80 12 1
0 65 8 1
0 64 10 1
0 64 9 1
0 64 8 1
6 88 16 0
0 71 11 1
0 72 9 1
0 72 10 1
0 72 11 1
5 91 12 1
5 92 12 1
6 93 16 0
6 93 15 0
4 95 16 0
26 67 18 0
27 67 17 0
26 68 18 0
29 69 16 0
29 68 18 0
29 68 17 0
30 96 26 0
1 94 12 1
15 76 17 0
16 75 16 0
17 76 16 0
16 75 17 0
17 76 17 0
25 61 17 0
13 59 13 1
13 59 12 1
13 58 11 1
31 87 21 0
12 58 13 1
12 58 12 1
12 58 11 1
12 57 11 1
13 58 13 0
12 63 13 0
12 63 14 0
12 63 12 0
13 78 11 1
16 53 12 1
16 53 13 1
15 51 12 1
16 51 13 1
15 51 13 1
17 51 14 0
20 53 13 1
12 81 15 0
16 56 10 1
15 73 11 1
17 71 14 0
16 71 14 0
16 70 13 0
16 70 14 0
16 70 10 1
15 70 10 1
30 96 24 0
15 69 11 1
15 69 16 0
17 67 15 0
14 67 15 0
13 69 14 0
3 97 13 1
2 98 12 1
31 96 25 0
31 97 26 0
1 90 16 0
15 60 14 0
1 91 16 0
13 58 14 0
14 59 15 0
16 78 13 2
29 84 21 0
30 85 21 0
30 86 22 0
30 86 21 0
29 87 21 0
16 53 14 0
5 92 15 0
2 92 15 0
3 92 11 1
4 92 11 1
14 72 10 1
15 71 11 1
15 71 16 0
16 70 15 0
13 71 13 0
13 71 15 0
13 71 14 0
7 79 15 0
7 79 14 0
7 78 15 0
7 78 14 0
15 73 13 0
15 73 15 0
20 50 10 1
19 50 10 2
18 50 10 1
18 52 10 1
30 93 23 0
31 91 23 0
32 91 24 0
31 91 22 0
32 91 22 0
31 92 22 0
32 93 22 0
9 78 16 0
26 66 17 0
0 99 15 0
26 65 16 0
26 65 17 0
27 65 16 0
27 64 16 0
27 65 17 0
28 65 16 0
27 66 17 0
27 66 18 0
27 66 15 0
28 64 16 0
13 60 13 0
13 60 12 0
29 81 19 0
30 81 19 0
31 82 19 0
27 66 16 0
27 66 14 0
28 65 17 0
29 65 16 0
27 64 17 0
0 87 14 0
0 87 15 0
0 87 13 0
5 90 15 0
4 89 16 0
14 66 10 1
15 65 11 2
15 65 15 0
15 63 14 0
14 64 14 0
14 66 14 0
3 90 16 0
4 90 17 0
4 89 15 0
3 90 15 0
0 88 14 0
0 88 15 0
0 88 13 0
0 90 14 0
17 61 11 1
14 58 14 0
14 58 11 3
1 88 11 1
2 88 11 1
0 63 13 0
2 61 14 0
2 63 16 0
2 63 12 0
30 89 24 0
0 63 15 0
2 61 13 0
26 57 15 0
26 57 16 0
26 57 14 0
2 61 15 0
3 83 16 0
3 83 17 0
1 84 16 0
1 83 17 0
0 83 16 0
0 83 17 0
22 57 14 0
24 56 15 0
1 82 18 0
24 57 15 0
23 56 16 0
23 56 14 0
1 89 14 0
12 71 14 0
11 72 13 0
11 72 14 0
10 71 13 0
9 71 14 0
11 70 15 0
11 70 10 1
10 71 9 1
11 71 9 1
10 76 11 1
14 79 12 1
2 83 17 0
2 83 16 0
3 84 17 0
2 84 17 0
2 84 16 0
1 84 17 0
1 85 17 0
0 84 17 0
0 84 16 0
15 68 16 0
15 68 15 0
1 83 18 0
1 83 19 0
19 55 10 1
18 56 10 1
17 56 10 1
17 52 14 0
2 85 17 0
2 85 16 0
1 85 16 0
0 85 17 0
0 85 16 0
14 76 15 0
14 76 16 0
14 76 12 2
13 77 11 1
14 77 11 1
15 77 11 1
3 84 16 0
2 86 17 0
1 86 17 0
1 86 16 0
13 79 13 0
12 78 14 0
4 87 14 1000
3 87 13 0
1 84 18 0
1 84 19 0
2 89 13 0
3 86 13 0
2 87 12 96
3 86 11 1
14 51 11 1
13 55 13 0
31 86 21 0
14 55 13 0
32 87 22 0
32 86 21 0
31 88 24 0
31 88 20 0
16 52 12 2
17 51 10 1
17 52 10 1
32 88 21 0
31 90 23 0
29 85 22 0
29 85 21 0
31 85 22 0
23 52 16 0
23 52 15 0
22 52 14 0
16 78 16 0
16 78 17 0
18 77 15 0
18 77 19 0
18 75 18 0
16 77 16 0
16 77 18 0
16 77 17 0
19 76 16 0
17 75 16 0
17 75 18 0
17 75 17 0
17 78 16 0
17 78 18 0
12 58 14 0
12 58 15 0
12 59 15 0
13 58 15 0
13 59 15 0
17 78 17 0
19 77 16 0
30 65 13 0
30 65 14 0
32 65 13 0
32 65 14 0
30 67 15 0
30 67 12 1
29 66 11 1
29 67 11 1
30 66 11 1
30 67 11 1
31 66 11 1
31 67 11 1
31 68 11 1
19 77 18 0
19 75 16 0
19 75 17 0
18 75 16 0
18 75 17 0
17 77 16 0
17 77 18 0
17 77 17 0
19 79 16 0
21 77 16 0
20 77 15 0
20 77 16 0
27 67 11 1
27 68 12 1
27 68 13 1
28 66 13 1
28 66 14 0
30 64 13 0
30 64 14 0
30 66 15 0
30 66 12 2
29 65 11 1
30 65 11 1
31 65 11 1
20 77 19 0
21 76 16 0
20 75 16 0
20 75 18 0
20 75 17 0
18 76 16 0
18 76 18 0
18 76 17 0
18 77 16 0
18 77 18 0
31 67 12 3
31 68 12 1
32 66 11 1
32 67 11 1
32 67 12 1
28 67 14 0
28 64 13 1
28 64 14 0
28 64 12 1
27 63 11 1
27 63 12 6
27 63 13 1
27 64 11 1
27 64 12 4
27 64 13 1
27 65 11 1
28 63 11 1
28 63 12 2
28 63 13 1000
28 64 11 6
29 63 11 1
31 64 13 0
31 64 14 0
23 79 17 0
24 78 18 0
23 83 18 0
24 82 17 0
24 82 18 0
24 82 21 0
24 82 20 0
25 81 18 0
31 93 20 0
31 93 21 0
31 95 23 0
32 95 22 0
34 94 22 0
33 94 22 0
33 94 24 0
33 95 24 0
35 99 22 0
35 99 23 0
35 99 26 0
36 97 23 0
36 97 25 0
28 65 13 1
27 65 13 1
28 65 14 0
27 65 14 0
29 64 14 0
26 62 11 1
26 62 12 7
26 62 13 1
26 63 11 1
26 63 12 1
26 63 13 1
26 64 11 1
27 62 11 1
27 62 12 4
27 62 13 1000
28 62 11 1
29 64 13 0
29 63 13 0
29 63 14 0
29 65 15 0
29 65 12 1
28 65 11 1
28 66 11 1
29 64 11 1
30 64 11 1
32 72 12 1
32 72 13 1
27 66 13 1
26 64 12 2
25 63 11 1
25 63 12 7
25 63 13 1
25 64 11 1
25 64 12 6
25 64 13 1
25 65 11 1
25 65 12 1
25 65 13 1
26 65 11 1
26 65 12 1
27 63 14 0
29 62 13 1
29 61 12 2
28 60 11 1
28 60 12 1
28 60 13 1
34 69 13 1
36 69 14 0
35 70 13 1
37 97 24 0
35 97 23 0
35 97 25 0
35 98 25 0
35 97 24 0
35 98 24 0
34 97 23 0
34 97 25 0
34 98 25 0
34 97 24 0
34 98 24 0
34 99 24 0
37 99 23 0
37 99 25 0
38 99 24 0
37 99 24 0
36 98 25 0
36 99 25 0
36 98 24 0
36 99 24 0
35 99 25 0
35 99 24 0
5 99 14 0
37 72 13 1
37 73 13 1
32 69 14 0
33 69 15 0
33 69 13 1000
34 70 13 2
35 69 15 0
35 69 13 0
5 99 18 0
5 98 14 0
5 98 18 0
6 99 17 0
6 99 16 0
5 95 18 0
5 94 14 0
5 94 18 0
13 55 12 0
0 78 13 1
14 72 11 2
13 61 13 0
0 78 11 1
3 99 16 0
3 99 17 0
26 59 15 0
2 99 12 1
3 99 12 1
6 88 18 0
2 97 17 0
6 85 17 0
32 90 24 0
7 85 17 0
30 72 19 0
17 61 10 1
0 63 14 0
16 61 10 1
22 50 11 1
2 64 16 0
16 61 12 1
36 70 12 1
20 55 12 1
26 57 12 1
27 66 11 1
37 70 13 1
37 69 12 1
37 70 12 1
38 69 12 1
38 69 13 1
38 69 14 1
38 70 12 1
38 70 13 1
38 70 14 1
38 71 12 1
38 71 13 1
38 71 14 1
34 72 13 1
33 71 13 2
28 61 11 1
28 61 12 7
32 70 14 1
31 70 13 5
30 69 12 4
30 69 13 4
30 69 14 1
31 69 12 1
32 69 13 1000
34 68 14 0
34 68 13 0
34 70 16 0
13 62 13 0
18 57 11 2
26 63 18 0
13 73 15 0
16 73 15 0
18 57 12 4
14 71 11 1
36 70 13 1
36 69 12 3
37 69 13 1
37 69 14 1
37 70 14 1
37 71 13 1
31 71 14 1
31 72 14 1
32 70 13 3
31 70 14 1
33 68 13 1
33 68 14 0
14 71 16 0
14 73 15 0
13 72 15 0
14 70 16 0
16 71 15 0
14 69 16 0
36 68 11 1
36 69 11 1
36 70 11 1
37 68 11 1
37 68 12 1
37 68 13 1
13 70 15 0
14 68 16 0
25 51 15 0
13 69 15 0
16 69 15 0
14 67 16 0
13 68 15 0
16 68 15 0
14 66 16 0
13 67 15 0
16 67 15 0
14 65 16 0
22 52 12 0
13 66 15 0
22 53 13 0
16 66 15 0
13 65 10 1
14 64 16 0
13 65 15 0
16 65 15 0
14 63 16 0
16 62 15 0
13 64 15 0
16 64 15 0
21 50 13 0
16 63 15 0
12 60 15 0
41 78 17 0
10 79 11 1
16 61 14 0
16 55 12 1
2 72 16 0
13 60 16 0
13 60 15 0
4 88 16 0
16 60 14 0
16 60 16 0
16 60 15 0
9 86 13 0
9 86 14 0
2 90 11 1
17 58 15 0
13 57 16 0
14 58 15 0
3 87 15 0
16 58 15 0
16 57 15 0
16 56 15 0
27 61 16 0
16 59 15 0
17 57 15 0
16 58 14 0
17 57 14 0
18 61 13 1
18 61 12 1
18 60 13 1
26 63 14 0
8 81 12 1
18 55 13 1
23 50 15 0
21 53 11 1
18 51 15 0
18 51 14 0
20 51 9 1
20 50 9 1
35 72 13 3
36 71 14 1
35 70 14 1
35 70 15 0
19 50 14 0
25 52 11 1
24 53 11 1
10 74 10 1
24 53 12 1
24 53 16 0
24 59 10 1
0 82 14 0
0 85 12 1
7 85 14 1
6 84 14 1
30 91 25 0
31 91 21 0
29 91 21 0
23 55 10 1
24 54 11 1
24 50 12 1
24 50 11 1
23 52 12 0
24 52 12 0
25 52 12 0
26 50 12 0
25 50 13 0
25 51 10 1
24 51 10 1
23 53 10 1
23 52 10 1
23 51 10 1
24 52 11 2
26 50 14 0
26 50 13 0
24 50 13 0
24 51 14 0
23 50 13 0
24 51 13 0
23 52 13 0
26 52 14 0
26 52 13 0
26 52 10 1
25 52 10 1
24 52 10 1
25 53 11 1
25 53 15 0
31 88 22 0
31 89 22 0
29 88 21 0
29 88 23 0
29 88 22 0
29 90 21 0
24 55 11 2
23 56 10 1
24 56 10 1
32 90 22 0
9 81 17 0
9 81 12 1
8 81 14 0
10 83 14 0
11 82 15 0
11 82 14 0
11 81 11 1
10 81 11 1
1 77 15 0
2 74 14 0
2 74 15 0
0 73 15 0
0 72 15 0
0 71 15 0
2 70 15 0
3 71 15 0
2 72 15 0
12 58 16 0
10 88 13 1
10 87 12 1
9 88 13 1
13 58 16 0
9 86 15 0
13 59 16 0
8 86 14 0
8 85 13 0
8 85 15 0
8 85 14 0
10 90 14 1
10 90 13 1
10 90 12 1
10 89 14 1
10 89 13 1
10 89 12 1
10 88 12 1
9 81 14 0
10 82 15 0
8 74 13 0
8 74 15 0
8 75 13 0
5 83 14 0
25 56 11 3
24 57 10 1
25 55 15 0
26 55 15 0
26 55 16 0
26 55 14 0
25 57 14 0
23 55 15 0
22 55 15 0
12 72 13 0
12 72 14 0
10 72 13 0
10 73 13 0
10 72 14 0
9 72 13 0
10 71 14 0
9 72 14 0
8 71 13 0
10 71 15 0
10 71 11 1
9 70 10 1
4 67 13 0
4 67 15 0
4 67 14 0
4 68 13 0
4 68 15 0
2 86 15 0
4 68 14 0
5 71 13 0
5 71 14 0
7 72 13 0
8 84 17 0
8 85 17 0
9 84 17 0
16 61 11 1
8 84 12 1
15 61 10 1
16 60 11 1
15 59 13 1
6 72 14 0
39 77 16 0
0 66 12 0
0 86 14 0
1 86 13 1
1 86 12 2
1 86 11 1
0 86 12 3
0 86 11 1
0 85 11 1
25 57 11 2
24 58 10 1
1 84 13 1
0 82 13 1
0 81 13 1
1 82 12 1
1 81 11 1
0 83 13 1
0 83 12 2
1 79 13 1
11 77 15 0
17 50 13 0
16 50 13 0
13 60 14 0
1 82 14 0
1 82 15 0
1 83 15 0
0 57 13 0
0 57 15 0
0 57 14 0
1 58 13 0
0 58 14 0
0 61 12 0
0 61 16 0
0 59 13 0
0 59 15 0
1 62 12 0
1 60 13 0
1 60 15 0
1 61 15 0
1 61 14 0
2 62 16 0
3 61 15 0
15 61 13 0
15 61 12 0
15 78 14 0
0 64 15 0
3 61 13 0
2 96 11 1
26 59 14 1
30 90 23 0
30 89 23 0
30 90 22 0
30 89 22 0
32 90 23 0
4 93 14 0
8 86 17 0
8 87 16 0
8 87 17 0
9 86 16 0
4 62 15 0
9 87 16 0
30 72 18 0
29 71 17 0
29 72 17 0
29 72 19 0
29 71 18 0
29 72 18 0
28 72 17 0
28 72 19 0
28 72 18 0
27 73 17 0
28 73 17 0
27 73 19 0
27 73 18 0
28 73 18 0
28 75 17 0
29 74 17 0
30 75 17 0
30 74 17 0
31 73 17 0
30 73 17 0
2 62 13 0
2 62 15 0
7 70 16 0
7 70 13 0
7 70 12 0
16 50 14 0
17 50 14 0
17 52 15 0
0 91 15 0
29 75 19 0
31 74 17 0
31 74 19 0
31 74 18 0
30 74 18 0
29 73 17 0
29 73 19 0
29 73 18 0
28 74 17 0
28 74 19 0
29 75 18 0
1 92 15 0
5 69 14 0
5 69 15 0
4 69 13 0
6 68 15 0
5 68 15 0
5 68 13 0
6 67 14 0
6 67 15 0
31 93 24 0
29 84 20 0
29 84 22 0
30 84 21 0
28 84 21 0
29 85 20 0
29 95 25 0
31 96 24 0
32 95 25 0
32 95 24 0
30 96 23 0
19 57 13 1
7 84 17 0
5 84 15 0
6 84 15 0
5 84 16 0
13 57 13 0
13 57 12 0
12 66 10 2
15 58 12 1
7 84 18 0
7 84 12 2
1 99 12 1
31 88 21 0
31 88 23 0
15 59 14 0
11 67 14 0
13 59 10 1
17 57 13 1
39 75 17 0
38 76 18 0
38 76 17 0
40 77 16 0
40 77 20 0
42 76 17 0
42 76 18 0
40 75 17 0
40 75 18 0
39 76 17 0
40 76 17 0
39 76 18 0
40 76 18 0
38 77 17 0
39 77 17 0
38 77 18 0
39 77 18 0
40 79 17 0
40 78 17 0
42 78 17 0
42 77 17 0
41 77 18 0
39 78 17 0
40 78 19 0
39 78 18 0
40 78 18 0
40 80 17 0
40 80 18 0
41 80 17 0
41 80 19 0
41 80 18 0
43 80 17 0
43 78 17 0
40 79 18 0
41 79 18 0
44 79 19 0
43 81 17 0
43 81 18 0
43 81 21 0
44 79 18 0
44 79 20 0
45 79 19 0
4 94 16 0
7 83 15 0
15 63 12 0
7 83 14 0
6 89 16 0
7 82 16 0
7 82 14 0
7 80 15 0
7 80 16 0
7 80 14 0
9 80 16 0
0 69 9 1
0 69 10 1
0 69 11 1
10 76 14 0
11 75 13 0
11 75 15 0
11 75 14 0
12 74 13 0
30 68 16 0
9 72 10 1
10 70 10 1
10 71 10 1
10 72 10 1
11 71 10 1
11 72 10 1
7 78 16 0
6 80 14 0
6 80 16 0
6 80 15 0
23 55 16 0
23 55 14 0
21 54 15 0
21 54 16 0
21 54 14 0
22 53 15 0
22 52 15 0
12 73 13 0
11 73 14 0
10 74 13 0
10 73 14 0
9 73 13 0
9 73 14 0
8 72 13 0
8 72 14 0
10 72 15 0
10 72 11 1
9 73 10 1
10 73 10 1
11 73 10 1
9 78 12 1
9 78 17 0
12 73 14 0
11 73 13 0
10 70 13 0
20 50 15 0
30 98 26 0
31 97 25 0
12 69 13 0
3 90 18 0
12 69 9 1
3 91 18 0
11 69 9 1
10 69 9 1
11 68 10 7
11 68 15 0
9 68 14 0
14 76 11 1
16 76 11 1
28 68 18 0
28 68 16 0
29 69 17 0
30 68 17 0
29 69 18 0
11 74 14 0
11 74 13 0
31 76 18 0
30 75 19 0
30 76 19 0
30 75 18 0
30 76 18 0
28 76 19 0
8 73 14 0
8 73 13 0
29 76 18 0
28 77 19 0
10 73 16 0
10 73 11 1
9 74 10 1
23 54 11 1
4 94 17 0
24 59 15 0
0 96 12 1
1 96 12 1
14 62 10 1
31 98 26 0
30 99 26 0
31 98 25 0
30 99 25 0
17 54 13 1
29 98 25 0
28 98 26 0
14 64 12 0
14 64 13 0
13 63 12 0
13 63 13 0
14 62 14 0
14 62 11 2
13 63 10 1
14 63 10 1
21 51 15 0
22 51 14 0
21 50 14 0
22 50 15 0
22 50 14 0
23 51 15 0
24 50 15 0
24 51 15 0
23 51 14 0
24 50 14 0
22 52 17 0
22 52 13 0
23 50 14 0
20 56 13 1
21 51 14 0
20 51 14 0
20 50 14 0
13 64 12 0
21 52 10 1
21 51 10 1
21 50 12 1
14 61 11 3
10 65 14 0
10 65 13 0
11 66 14 0
11 66 13 0
3 97 18 0
4 85 16 0
12 68 9 1
11 68 9 1
17 76 12 1
16 78 14 1
16 64 14 0
16 64 13 0
15 63 10 1
16 53 10 1
15 52 13 1
15 52 12 1
29 98 26 0
3 88 17 0
17 77 11 1
30 85 20 0
11 63 13 0
15 75 12 1
17 69 14 0
17 69 15 0
19 50 12 0
19 50 13 0
14 59 10 1
24 53 15 0
24 54 15 0
22 54 14 0
22 54 16 0
8 83 14 0
6 83 14 0
6 81 15 0
6 81 16 0
6 81 14 0
8 79 16 0
13 73 13 0
13 73 14 0
18 58 10 1
18 57 10 1
15 67 16 0
15 67 11 1
14 68 10 1
15 68 10 1
16 68 10 1
17 78 13 1
17 78 12 1
0 81 12 1
0 81 11 1
1 83 13 1
1 83 12 1
1 83 11 1
1 82 13 1
6 87 16 0
5 90 12 1
0 80 13 1
2 98 15 0
1 97 16 0
4 97 15 0
4 97 17 0
16 53 11 3
15 53 10 1
11 78 15 0
11 83 14 0
26 70 16 0
12 67 13 0
13 63 9 1
11 65 9 1
12 64 15 0
11 65 14 0
1 91 15 0
1 90 15 0
1 90 14 0
22 55 16 0
14 76 13 0
31 77 17 0
31 75 17 0
31 75 19 0
26 62 16 0
26 61 17 0
26 61 15 0
18 57 13 1
13 72 10 1
13 72 11 1
13 73 10 1
13 73 11 1
2 89 15 0
8 77 15 0
7 77 14 0
7 77 15 0
8 76 14 0
9 76 15 0
13 77 12 2
31 86 23 0
32 85 21 0
14 73 13 0
14 72 15 0
31 84 22 0
27 62 15 0
16 53 15 0
30 87 21 0
29 86 21 0
31 87 22 0
31 82 20 0
29 81 20 0
30 81 20 0
30 81 21 0
32 81 20 0
32 81 21 0
30 82 19 0
30 82 18 0
13 80 12 1
13 80 14 1
14 80 12 1
7 85 15 0
7 85 16 0
6 85 15 0
6 85 16 0
12 70 14 0
10 70 14 0
9 69 14 0
11 69 15 0
15 61 14 0
13 61 14 0
12 62 14 0
11 61 13 0
11 71 14 0
3 90 12 3
4 91 13 2
4 91 18 0
2 91 15 0
11 79 14 0
13 80 15 0
14 79 15 0
14 79 14 0
15 53 12 1
9 82 16 0
9 82 17 0
9 82 12 1
27 68 17 0
26 70 18 0
31 80 19 0
32 80 19 0
31 80 20 0
32 80 20 0
31 81 19 0
32 82 19 0
4 86 15 0
4 84 16 0
6 86 12 3
15 60 13 1
31 86 22 0
30 70 16 0
30 71 17 0
29 71 16 0
28 72 16 0
27 71 17 0
29 68 16 0
26 70 17 0
11 60 12 0
16 79 16 0
16 79 17 0
14 79 16 0
14 79 17 0
14 77 16 0
14 77 17 0
14 76 17 0
16 77 15 0
9 77 16 0
10 75 15 0
17 54 14 0
17 56 14 0
19 58 13 1
16 56 14 0
14 56 14 0
14 54 14 0
14 53 14 0
16 54 15 0
4 90 11 1
2 97 16 0
3 98 15 0
3 98 16 0
5 96 15 0
15 71 15 0
1 99 11 1
27 67 16 0
26 66 16 0
25 66 16 0
25 66 17 0
15 80 16 0
15 79 17 0
14 78 16 0
13 79 16 0
14 78 17 0
13 79 17 0
13 78 17 0
13 76 17 0
15 78 18 0
2 86 14 0
2 88 16 0
2 88 14 0
2 85 14 0
12 65 14 0
12 66 14 0
15 69 10 1
16 69 10 1
16 69 14 0
16 69 13 0
17 70 14 0
5 87 16 0
4 87 16 0
6 88 15 0
6 87 15 0
6 86 16 0
15 79 18 0
14 80 17 0
14 80 18 0
14 80 16 0
12 79 17 0
12 79 18 0
12 78 17 0
12 78 18 0
13 77 17 0
12 77 17 0
12 77 18 0
12 77 16 0
3 91 13 1
2 90 12 1
14 78 18 0
14 78 19 0
26 62 15 0
27 62 17 0
1 81 12 1
1 81 13 1
0 84 11 1
0 84 12 1
0 84 13 1
1 84 11 1
1 84 12 2
15 56 14 0
24 57 16 0
24 57 17 0
32 71 13 4
32 70 12 1
3 88 15 0
12 80 17 0
12 80 18 0
12 80 16 0
11 80 17 0
11 80 18 0
0 83 11 1
1 91 17 0
32 73 12 1
4 95 15 0
1 72 15 0
9 68 13 0
32 84 21 0
32 85 22 0
8 78 14 0
4 89 12 1
14 72 14 0
14 73 14 0
5 91 11 1
3 94 13 1
11 67 15 0
3 89 16 0
32 96 26 0
26 61 16 0
19 57 11 1
25 61 15 0
12 59 14 0
15 58 13 0
33 70 13 1000
33 69 14 0
31 72 13 1
31 71 12 1
31 70 12 1
30 72 14 1
30 72 13 1
30 72 12 1
30 71 14 1
30 71 13 1
30 71 12 1
30 70 14 1
30 70 13 1
30 70 12 1
31 71 13 2
32 71 15 0
33 73 13 1
32 73 14 1
32 72 14 1
32 71 12 1
33 72 13 3
36 71 13 1
33 72 12 1
33 71 12 1
33 70 12 1
34 71 13 5
34 69 15 0
34 69 14 0
32 71 14 1
12 74 14 0
11 74 15 0
10 76 15 0
10 76 13 0
9 75 14 0
9 71 10 1
8 75 15 0
9 75 13 0
8 87 14 0
8 87 13 0
7 88 14 0
9 88 12 1
9 89 12 1
9 89 13 2
9 89 14 1
9 90 12 1
9 90 13 1
9 90 14 1
7 86 14 0
7 88 11 1
1 84 15 0
43 79 18 0
24 59 11 1
24 58 11 1
25 59 12 2
26 58 16 0
26 58 15 0
25 57 16 0
25 58 16 0
25 57 15 0
25 58 15 0
24 58 16 0
23 58 15 0
24 58 15 0
23 59 16 0
23 59 15 0
10 64 13 0
11 63 9 1
11 64 9 1
12 63 9 1
12 64 9 1
12 65 9 1
13 64 9 1
13 65 9 1
11 64 14 0
12 64 14 0
11 64 13 0
12 64 13 0
12 63 10 1
13 62 11 1
13 62 15 0
12 60 14 0
11 62 14 0
11 62 13 0
12 62 10 1
13 61 11 1
13 61 15 0
12 61 14 0
14 57 15 0
13 57 14 0
12 57 13 0
13 59 14 0
16 59 14 0
18 56 13 1
15 57 14 0
10 67 13 0
4 98 18 0
11 67 13 0
12 68 13 0
12 68 14 0
10 67 14 0
10 66 13 0
10 66 14 0
12 66 15 0
4 98 14 0
11 66 9 1
11 67 9 1
12 66 9 1
12 67 9 1
13 66 9 1
13 67 9 1
13 68 13 0
10 68 13 0
10 68 14 0
11 68 13 0
5 86 17 0
11 68 14 0
11 69 14 0
9 67 13 0
9 84 15 0
17 53 13 1
19 51 13 0
19 51 10 1
10 68 9 1
8 86 15 0
8 86 16 0
8 84 11 1
7 84 11 1
6 84 11 1
20 52 12 2
1 97 15 0
28 74 18 0
39 76 16 0
36 76 16 0
37 74 16 0
36 74 16 0
36 74 17 0
36 73 16 0
36 73 17 0
38 72 16 0
38 72 17 0
38 74 15 0
38 74 14 0
29 75 20 0
29 75 17 0
29 75 16 0
10 80 16 0
9 79 11 1
9 80 11 1
30 73 18 0
31 73 18 0
31 73 19 0
39 74 15 0
37 75 15 0
36 75 15 1
35 74 16 0
35 74 17 0
35 74 15 0
36 72 16 0
36 72 17 0
36 72 15 0
37 72 16 0
37 72 17 0
37 72 15 0
38 72 15 0
37 74 18 0
37 74 13 1
36 73 12 1
36 74 12 1
36 75 12 1
37 73 12 1
37 74 12 1
37 75 12 1
14 60 13 1
29 73 20 0
29 73 16 0
31 72 17 0
27 72 17 0
27 72 18 0
28 71 17 0
27 70 17 0
12 60 10 1
12 59 10 1
27 70 18 0
13 62 10 1
29 70 18 0
30 70 17 0
30 70 18 0
29 72 16 0
29 72 15 0
28 78 19 0
30 80 20 0
29 81 21 0
13 56 12 0
13 76 11 1
16 76 15 0
11 79 16 0
11 81 15 0
11 80 15 0
11 81 14 0
11 80 14 0
23 50 10 1
23 50 11 1
23 50 12 1
32 96 24 0
31 98 24 0
29 98 24 0
29 96 25 0
28 96 26 0
28 96 24 0
28 95 25 0
28 79 18 0
15 56 11 4
14 57 10 1
2 91 16 0
3 93 15 0
32 79 20 0
16 57 14 0
15 58 14 0
13 56 14 0
14 55 14 0
15 56 15 0
15 73 10 1
14 73 10 1
15 72 11 1
15 72 16 0
13 72 13 0
14 72 13 0
13 72 14 0
14 74 13 0
14 74 14 0
15 74 13 0
29 64 16 0
28 64 17 0
26 64 16 0
25 64 16 0
26 64 17 0
25 64 17 0
25 63 16 0
25 63 17 0
27 63 16 0
27 62 16 0
27 63 17 0
28 63 16 0
28 63 17 0
27 64 18 0
27 64 15 0
27 64 14 0
28 63 15 0
17 56 11 1
25 61 16 0
6 66 14 0
6 85 14 1
6 85 13 2
6 85 12 1
6 84 13 1
6 84 12 1
5 85 12 1
5 84 14 1
5 84 13 1
7 67 15 0
7 67 13 0
6 68 16 0
37 77 17 0
38 77 16 0
37 75 17 0
37 75 18 0
37 75 16 0
38 74 17 0
37 74 17 0
38 74 18 0
38 74 16 0
39 74 17 0
39 73 17 0
39 73 18 0
39 73 16 0
40 74 16 0
39 75 19 0
39 75 16 0
39 75 15 0
40 75 16 0
38 76 16 0
37 76 17 0
37 76 18 0
38 75 16 0
37 76 16 0
36 75 17 0
36 75 18 0
36 75 16 0
37 73 17 0
37 73 18 0
37 73 16 0
38 73 17 0
38 73 18 0
38 73 16 0
40 73 17 0
38 75 19 0
38 75 15 0
9 76 14 0
11 76 15 0
18 50 11 2
15 57 11 28
12 61 10 1
32 96 25 0
0 97 15 0
19 53 13 0
7 86 15 0
0 92 13 0
0 92 15 0
27 71 18 0
18 52 14 0
16 51 14 0
15 53 14 0
15 54 14 0
16 55 14 0
28 68 17 0
28 69 17 0
27 68 16 0
27 69 18 0
31 84 21 0
32 84 22 0
20 55 13 1
15 79 12 1
16 62 12 0
4 86 16 0
5 87 15 0
2 91 17 0
36 73 14 1
37 73 14 1
35 73 14 1
35 74 14 1
34 73 14 1
33 72 15 0
33 72 16 0
33 72 14 1
34 70 15 0
35 71 14 1
18 50 9 1
35 70 16 0
18 51 9 1
37 70 15 0
19 50 9 1
35 72 17 0
19 51 9 1
34 71 12 1
34 72 12 1
34 73 12 1
35 75 14 1
34 75 13 1
34 76 13 1
34 76 14 1
34 76 15 1
35 75 13 1
35 76 13 1
35 76 14 1
35 76 15 1
36 75 13 1
36 75 14 1
36 76 13 1
36 76 14 1
36 76 15 1
33 73 15 0
33 74 14 1
32 73 13 2
32 74 13 2
32 74 14 1
32 74 15 1
32 75 13 1
32 75 14 1
32 75 15 1
33 74 13 1
33 75 13 1
33 75 14 1
33 75 15 1
33 70 15 0
34 70 14 1000
31 72 12 1
31 73 13 1
31 73 14 1
2 90 17 0
15 58 15 0
15 59 15 0
16 60 13 1
14 60 15 0
14 61 15 0
15 60 15 0
15 61 15 0
15 60 11 1
13 76 15 0
30 72 17 0
24 57 13 0
24 57 14 0
41 77 17 0
41 78 16 0
14 62 15 0
41 78 20 0
43 77 17 0
43 77 19 0
4 93 18 0
10 82 14 0
10 80 11 1
0 87 10 1
0 70 9 1
4 73 16 0
4 73 15 0
4 92 17 0
5 92 17 0
43 77 18 0
41 76 17 0
41 76 19 0
41 76 18 0
40 77 17 0
40 77 19 0
40 77 18 0
29 60 11 1
15 76 15 0
15 55 12 0
16 79 11 1
16 79 12 1
15 55 13 0
2 92 17 0
18 58 12 1
16 66 14 0
15 67 13 0
22 50 10 1
12 78 16 0
35 73 13 1
34 74 12 1
33 74 12 1
33 73 12 1
34 73 13 3
12 78 12 2
35 70 12 1
34 70 12 1
33 70 14 0
33 71 15 0
33 71 14 1
33 75 12 1
32 75 12 1
35 75 15 1
35 74 13 1
35 72 14 1
26 66 13 1
13 76 16 0
27 66 12 1
28 65 12 1
25 59 14 1
27 58 12 2
26 57 11 3
13 76 12 1
26 57 13 1
26 58 12 3
27 57 11 1
27 57 12 1
5 89 18 0
4 99 16 0
7 90 16 0
7 90 17 0
7 91 16 0
7 91 17 0
4 98 15 0
4 98 17 0
4 98 16 0
5 97 15 0
5 97 17 0
17 67 13 0
17 67 14 0
13 67 14 0
13 67 13 0
15 67 15 0
8 84 15 0
8 83 16 0
0 65 9 1
0 71 12 1
0 77 11 1
0 77 12 1
0 77 13 1
5 90 18 0
0 78 12 2
5 91 18 0
0 79 13 1
6 92 16 0
6 92 17 0
6 93 17 0