DAV_OBMAP v3 cell_size=10
-3 -420 6 0
-3 -419 7 0
-2 -420 6 0
-4 -420 6 0
-3 -420 7 0
-4 -420 7 0
-3 -421 6 0
-10 -450 7 0
-10 -450 9 0
-8 -450 7 0
-8 -450 9 0
-8 -450 4 1
-9 -450 4 1
-10 -450 4 1
-9 -450 5 1
-9 -450 10 0
-8 -443 7 0
-7 -443 7 0
-8 -441 9 0
-10 -442 8 0
-10 -441 9 0
-10 -442 7 0
-8 -444 9 0
-8 -444 7 0
-9 -443 10 0
-9 -443 5 1
-10 -444 4 1
-10 -443 4 1
-9 -444 4 1
-9 -443 4 1
-8 -443 4 1
-7 -444 8 0
-7 -439 8 0
-7 -439 7 0
-11 -438 8 0
-11 -438 7 0
-11 -439 8 0
-11 -439 7 0
-10 -440 8 0
-7 -444 9 0
-11 -440 8 0
-10 -440 7 0
-11 -440 7 0
-9 -440 8 0
-9 -441 8 0
-7 -444 7 0
-9 -440 7 0
-9 -441 7 0
-8 -440 8 0
-8 -440 7 0
-9 -439 9 0
-9 -439 10 0
-9 -439 5 1
-10 -440 4 1
-10 -439 4 1
-9 -440 4 1
-9 -439 4 1
-8 -440 4 1
-8 -439 4 1
-8 -443 9 0
-10 -444 8 0
-10 -443 9 0
-11 -444 9 0
-10 -445 8 0
-11 -446 8 0
-10 -446 7 0
-9 -446 9 0
-11 -448 7 0
-11 -448 9 0
-11 -448 8 0
-10 -447 7 0
-10 -447 9 0
-8 -447 7 0
-8 -447 9 0
-7 -448 7 0
-7 -448 9 0
-7 -448 8 0
-8 -445 8 0
-8 -447 4 1
-9 -446 4 1
-9 -447 4 1
-8 -446 8 0
-10 -447 4 1
-9 -446 5 1
-9 -446 10 0
-8 -448 7 0
-8 -448 9 0
-8 -448 8 0
-8 -446 9 0
-8 -446 7 0
-8 -441 8 0
-7 -441 8 0
-7 -441 9 0
-8 -441 7 0
-7 -441 7 0
-8 -440 9 0
-10 -440 9 0
-10 -441 8 0
-11 -441 8 0
-11 -441 9 0
-10 -441 7 0
-11 -441 7 0
-11 -442 8 0
-8 -444 4 1
-10 -442 9 0
-11 -442 7 0
-9 -442 8 0
-9 -443 8 0
-9 -444 5 1
-9 -443 9 0
-9 -442 7 0
-9 -443 7 0
-5 -425 7 0
-6 -426 7 0
-5 -426 6 0
-5 -426 7 0
-3 -426 6 0
-3 -426 7 0
-5 -424 8 0
-5 -424 4 1
-6 -425 3 1
-6 -424 3 1
-6 -423 3 1
-5 -425 3 1
-4 -425 3 1
-10 -445 4 1
-8 -445 4 1
-7 -446 8 0
-7 -446 9 0
-8 -445 9 0
-9 -445 9 0
-10 -446 8 0
-11 -446 9 0
-4 -426 6 0
-4 -426 7 0
-6 -425 6 0
-6 -425 7 0
-7 -426 6 0
-8 -426 6 0
-7 -426 7 0
-7 -427 6 0
-10 -445 7 0
-7 -427 7 0
-6 -427 6 0
-6 -428 6 0
-8 -443 8 0
-6 -427 7 0
-6 -428 7 0
-4 -427 6 0
-4 -427 7 0
-6 -426 8 0
-6 -426 4 1
-7 -427 3 1
-7 -426 3 1
-7 -425 3 1
-6 -427 3 1
-6 -426 3 1
-5 -427 3 1
-5 -426 3 1
-11 -444 8 0
-9 -446 7 0
-10 -444 9 0
-11 -444 7 0
-9 -444 8 0
-9 -445 8 0
-9 -444 10 0
-9 -444 9 0
-9 -444 7 0
-9 -445 4 1
-5 -427 6 0
-5 -427 7 0
-8 -426 7 0
-8 -427 6 0
-8 -427 7 0
-7 -428 6 0
-8 -429 6 0
-10 -445 9 0
-7 -428 7 0
-8 -428 7 0
-6 -429 6 0
-6 -429 7 0
-5 -429 6 0
-5 -428 7 0
-6 -427 8 0
-6 -427 4 1
-7 -428 3 1
-6 -428 3 1
-5 -428 3 1
-11 -446 7 0
-10 -447 8 0
-8 -445 7 0
-10 -448 8 0
-7 -446 7 0
-10 -448 9 0
-10 -448 7 0
-9 -447 8 0
-9 -448 8 0
-9 -448 9 0
-9 -448 7 0
-8 -447 8 0
-5 -429 7 0
-8 -428 6 0
-9 -429 6 0
-8 -429 7 0
-9 -429 7 0
-8 -430 6 0
-10 -446 4 1
-8 -430 7 0
-7 -430 6 0
-7 -431 6 0
-8 -446 4 1
-7 -430 7 0
-7 -431 7 0
-6 -430 6 0
-6 -430 7 0
-7 -429 7 0
-7 -429 8 0
-7 -429 5 1
-8 -430 4 1
-8 -429 4 1
-8 -428 4 1
-7 -430 4 1
-7 -429 4 1
-7 -428 4 1
-6 -430 4 1
-6 -429 4 1
-6 -428 4 1
-7 -429 6 0
-10 -449 8 0
-9 -446 8 0
-10 -450 8 0
-10 -446 9 0
-10 -449 9 0
-10 -449 7 0
-9 -449 8 0
-9 -450 8 0
-9 -450 9 0
-9 -450 7 0
-8 -449 8 0
-8 -450 8 0
-8 -449 9 0
-8 -449 7 0
-9 -448 10 0
-9 -448 5 1
-10 -449 4 1
-10 -448 4 1
-9 -449 4 1
-9 -448 4 1
-8 -449 4 1
-8 -448 4 1
-8 -444 8 0
-9 -445 7 0
-11 -443 7 0
-10 -443 7 0
-11 -443 9 0
-11 -443 8 0
-10 -443 8 0
-7 -450 8 0
-7 -450 9 0
-7 -450 7 0
-11 -450 8 0
-11 -450 9 0
-11 -450 7 0
-7 -443 9 0
-7 -443 8 0
-9 -430 7 0
-10 -430 7 0
-9 -430 6 0
-10 -430 6 0
-8 -431 7 0
-9 -432 7 0
-8 -441 4 1
-8 -431 6 0
-9 -432 6 0
-8 -432 7 0
-8 -432 6 0
-6 -432 7 0
-6 -432 6 0
-8 -430 8 0
-8 -430 9 0
-8 -430 5 1
-9 -431 4 1
-9 -430 4 1
-3 -422 6 0
-8 -431 4 1
-2 -421 7 0
-3 -422 7 0
-2 -422 6 0
-2 -422 7 0
-8 -442 4 1
-1 -422 7 0
-2 -420 8 0
-2 -420 4 1
-3 -421 3 1
-3 -420 3 1
-3 -419 3 1
-2 -421 3 1
-1 -421 3 1
-9 -441 4 1
-9 -442 4 1
-10 -441 4 1
-10 -442 4 1
-9 -441 5 1
-9 -441 10 0
-9 -441 9 0
-8 -442 7 0
-8 -442 9 0
-3 -421 7 0
-4 -421 6 0
-5 -421 6 0
-4 -421 7 0
-5 -421 7 0
-4 -423 6 0
-10 -431 7 0
-4 -423 7 0
-3 -423 6 0
-10 -432 7 0
-10 -432 8 0
-2 -423 7 0
-3 -421 8 0
-3 -421 4 1
-4 -422 3 1
-4 -421 3 1
-4 -420 3 1
-3 -422 3 1
-8 -433 7 0
-8 -434 7 0
-8 -434 8 0
-8 -434 6 0
-7 -433 7 0
-7 -434 7 0
-7 -433 8 0
-7 -433 6 0
-8 -432 8 0
-8 -432 9 0
-8 -432 5 1
-9 -433 4 1
-9 -432 4 1
-8 -433 4 1
-8 -432 4 1
-7 -433 4 1
-7 -432 4 1
-8 -442 8 0
-8 -436 4 1
-8 -437 4 1
-2 -423 6 0
-4 -422 6 0
-4 -422 7 0
-5 -422 7 0
-5 -423 6 0
-6 -423 6 0
-5 -423 7 0
-6 -423 7 0
-4 -424 6 0
-8 -438 4 1
-5 -424 6 0
-5 -424 7 0
-4 -425 6 0
-7 -436 7 0
-4 -424 7 0
-4 -425 7 0
-3 -424 6 0
-2 -424 6 0
-3 -424 7 0
-4 -423 8 0
-7 -434 8 0
-8 -433 8 0
-9 -432 8 0
-10 -433 8 0
-10 -433 7 0
-11 -434 7 0
-9 -434 8 0
-10 -434 8 0
-9 -435 7 0
-8 -437 7 0
-10 -435 7 0
-9 -435 8 0
-10 -435 8 0
-9 -436 7 0
-10 -435 5 1
-9 -436 8 0
-8 -435 7 0
-7 -435 7 0
-8 -435 8 0
-7 -435 8 0
-9 -434 9 0
-9 -434 5 1
-10 -435 4 1
-10 -434 4 1
-10 -433 4 1
-9 -435 4 1
-9 -434 4 1
-8 -435 4 1
-8 -434 4 1
-9 -434 7 0
-9 -436 4 1
-9 -437 4 1
-9 -438 4 1
-10 -436 4 1
-5 -425 6 0
-6 -426 6 0
-10 -431 6 0
-8 -439 8 0
-8 -438 8 0
-8 -439 7 0
-8 -438 7 0
-7 -432 7 0
-9 -438 8 0
-9 -439 7 0
-10 -439 8 0
-10 -438 8 0
-10 -439 7 0
-10 -438 7 0
-9 -429 4 1
-7 -431 4 1
-6 -432 8 0
-8 -435 5 1
-8 -436 5 1
-8 -437 5 1
-9 -435 5 1
-9 -436 5 1
-9 -437 5 2
-10 -436 5 1
-10 -437 5 1
-9 -436 6 1
-9 -436 9 0
-8 -437 8 0
-7 -437 7 0
-9 -437 8 0
-9 -438 7 0
-9 -437 7 0
-1 -417 6 0
-1 -417 7 0
-1 -418 6 0
-10 -437 8 0
-1 -418 7 0
-10 -437 7 0
-1 -419 6 0
-11 -436 8 0
-1 -419 7 0
-10 -436 8 0
-11 -436 7 0
-10 -436 7 0
-7 -436 8 0
-8 -436 8 0
-8 -436 7 0
-5 -422 6 0
-4 -424 3 1
-4 -423 3 1
-3 -424 3 1
-3 -423 3 1
-6 -424 6 0
-7 -424 6 0
-6 -424 7 0
-7 -424 7 0
-9 -431 8 0
-9 -431 7 0
-7 -431 8 0
-7 -437 8 0
-11 -437 7 0
-11 -437 8 0
-2 -418 6 0
-2 -418 7 0
-2 -419 6 0
-3 -419 6 0
-2 -419 7 0
-1 -420 6 0
-2 -421 6 0
-9 -439 8 0
-1 -420 7 0
-2 -420 7 0
-1 -421 6 0
-1 -421 7 0
-9 -437 9 0
-10 -438 4 1
-10 -437 4 1
-1 -419 8 0
-1 -419 4 1
-2 -420 3 1
-2 -419 3 1
-2 -418 3 1
-1 -420 3 1
-1 -419 3 1
-1 -418 3 1
-5 -422 3 1
-5 -423 3 1
-5 -424 3 1
-4 -423 4 1
-10 -432 6 0
-9 -433 7 0
-10 -434 7 0
-9 -433 8 0
-10 -433 6 0
-2 -422 3 1
-1 -423 6 0
-3 -423 7 0