DAV_OBMAP v3 cell_size=10
15 9 4 0
15 9 5 0
11 8 2 1
25 4 6 1
24 12 6 0
25 12 6 1
24 9 8 1
17 18 6 0
16 18 5 1
16 17 4 1
22 10 8 1
0 4 7 3
0 3 6 1
0 3 7 1
0 3 8 1
30 17 9 0
29 16 7 0
28 16 8 0
29 16 8 0
28 17 7 0
28 17 8 0
15 31 5 2
24 36 11 0
25 37 9 0
26 38 10 1
25 40 12 0
21 14 6 1
21 6 8 1
9 22 13 0
9 20 12 0
24 39 10 0
22 6 6 1
23 10 3 1
22 9 2 1
23 9 2 1
24 9 2 1
25 9 5 0
24 12 8 1
21 9 5 0
21 6 6 2
22 6 7 2
22 6 8 1
23 6 8 1
15 22 3 1
16 22 3 1
14 21 5 4
0 23 4 0
1 24 5 0
32 12 3 1
8 2 3 0
9 2 3 0
10 1 2 0
9 1 2 0
3 37 6 1
4 37 10 1
3 39 10 2
25 13 7 3
25 13 6 1
24 13 8 1
24 14 7 1
3 11 4 1
3 9 5 0
22 49 10 1
5 37 5 1
17 15 3 1
18 14 2 1
17 1 1 2
20 15 7 1
20 16 7 1
2 3 6 1
12 0 4 0
14 2 5 0
0 12 3 1
9 6 5 1
11 7 5 0
20 2 10 0
20 2 13 0
37 1 4 0
23 40 11 0
4 39 7 0
15 20 6 1
14 21 8 3
28 20 7 0
12 4 0 1
12 5 0 1
17 23 9 1
32 16 6 0
7 3 6 0
33 15 4 1
34 13 4 1
7 29 10 1
7 28 10 1
7 27 10 1
6 28 9 1
6 26 8 1
6 26 7 1
6 30 8 0
8 29 8 0
7 28 8 1
8 28 7 0
6 29 10 1
6 28 10 1
21 22 4 1
21 22 3 1
1 44 10 0
21 27 4 1
11 33 7 1
37 4 6 0
37 4 5 0
37 4 1 1
37 3 1 1
36 4 1 1
36 3 1 1
35 4 1 1
35 2 1 1
36 3 2 1
36 3 7 0
6 3 7 1
6 2 6 1
38 1 1 1
24 47 14 0
25 44 12 0
25 44 11 0
24 46 11 0
23 44 14 0
22 43 8 1
23 43 8 1
24 43 8 1
7 31 8 1
8 34 9 1
13 0 0 1
21 18 5 1
18 37 15 0
18 39 14 0
19 38 14 0
18 39 15 0
19 38 15 0
18 39 16 0
18 39 13 0
18 39 12 0
15 38 14 0
15 38 15 0
16 37 14 0
16 36 14 0
16 37 15 0
16 36 15 0
17 37 14 0
1 6 6 1
0 5 6 1
28 30 9 0
28 31 10 0
28 30 10 0
28 32 9 0
28 31 9 0
17 13 2 1
1 44 9 0
23 10 7 0
24 8 5 0
26 7 8 1
4 41 9 0
5 40 10 0
6 40 5 1
5 40 5 1
4 40 5 1
11 9 4 8
33 12 6 0
33 13 6 0
33 12 7 0
32 11 6 0
7 4 2 0
6 36 13 0
6 36 12 0
3 37 12 0
3 37 14 0
4 36 11 0
4 36 13 0
5 36 12 0
3 35 11 0
14 14 2 1
20 20 3 1
20 19 4 1
20 19 3 1
20 18 3 1
25 31 6 1
25 32 6 1
21 45 12 0
19 44 9 1
27 31 6 1
10 24 14 0
10 24 13 0
20 0 5 1
8 3 6 0
20 11 10 0
20 11 13 0
22 10 12 0
21 10 12 0
22 10 11 0
21 10 11 0
17 23 12 0
17 23 11 0
6 4 0 1
2 29 8 0
0 29 7 0
25 14 6 1
25 14 7 3
0 30 8 0
0 26 7 0
0 26 8 0
2 26 7 0
2 26 8 0
0 28 9 0
0 28 6 0
15 15 7 0
3 28 7 0
3 28 8 0
3 29 7 0
1 30 7 0
1 30 8 0
2 27 7 0
3 27 7 0
33 11 3 1
7 6 3 0
7 7 2 1
35 10 6 0
35 9 6 0
34 6 2 1
35 6 3 1
35 6 7 0
37 5 7 0
19 21 6 0
17 21 3 1
18 20 4 4
22 36 10 0
21 19 3 1
24 36 13 0
13 24 10 1
11 24 3 1
11 25 3 1
10 31 5 1
29 25 5 1
3 40 13 0
21 9 11 0
1 7 3 1
13 1 0 1
12 2 1 6
7 9 4 8
7 9 5 1
8 9 3 1
33 15 6 0
33 14 6 0
35 14 7 0
10 3 6 0
11 31 10 1
6 28 6 0
6 28 5 0
9 3 16 0
8 5 16 0
33 8 5 0
23 5 4 1
23 5 7 0
24 4 5 0
25 3 8 1
25 3 7 1
25 3 6 1
24 3 8 1
24 3 7 1
34 6 6 0
24 3 6 4
34 8 7 0
34 8 6 0
35 8 5 0
35 7 5 0
23 3 8 1
35 8 6 0
35 7 6 0
25 41 8 1
20 4 5 1
25 5 5 1
26 4 8 1
26 4 7 1
0 10 4 0
0 10 5 0
0 9 4 0
2 14 2 1
2 13 2 1
2 12 2 1
1 14 2 1
1 13 2 1
1 13 3 1
7 19 11 0
8 20 12 0
8 19 12 0
17 3 2 1
10 0 5 0
0 6 7 1
0 5 7 1
26 36 10 0
18 19 8 8
36 1 3 0
19 27 4 1
19 27 5 1
16 23 5 0
19 47 11 1
16 0 5 0
16 1 4 0
15 25 3 1
15 24 3 1
12 30 13 0
12 30 12 0
36 0 5 0
6 8 2 1
16 13 2 1
18 13 4 0
17 14 4 1
30 20 5 1
30 19 5 1
14 9 2 3
15 33 14 0
22 1 5 0
13 34 14 0
27 36 11 0
26 37 11 0
26 37 12 0
15 22 9 1
8 8 4 1
9 8 2 1
28 27 10 0
4 17 12 1
8 0 3 0
18 1 0 1
29 24 10 0
2 8 2 0
22 41 12 0
22 41 11 0
11 11 4 1
16 16 5 1
1 43 13 0
12 11 5 1
14 3 0 1
11 29 7 0
9 29 4 1
9 30 6 2
10 30 5 1
9 31 6 1
13 29 6 1
2 9 6 0
13 21 8 1
14 20 6 1
14 20 7 1
20 8 8 1
25 2 7 1
32 5 6 0
33 4 7 0
14 28 4 2
2 7 4 1
1 43 6 1
18 11 11 0
6 17 13 0
20 10 11 0
12 2 5 0
12 1 4 0
11 1 5 0
23 36 10 0
10 27 7 0
36 9 5 0
2 41 10 1
37 1 3 0
37 1 5 0
24 6 7 1
17 12 2 1
27 26 8 0
29 27 9 0
14 2 0 1
4 9 7 1
12 0 6 0
17 33 15 0
13 1 2 1
16 33 14 0
15 32 13 0
15 32 15 0
15 32 14 0
14 33 13 0
11 31 7 1
13 34 7 1
24 39 8 1
24 40 8 1
5 28 8 0
5 30 7 0
5 29 8 0
5 29 7 0
3 30 7 0
3 30 8 0
3 26 7 0
3 26 8 0
5 27 7 0
5 27 8 0
3 28 9 0
3 28 6 0
3 28 5 1
6 28 7 1
28 37 8 1
28 36 8 1
27 38 8 1
27 37 8 1
7 1 0 1
32 19 7 0
15 28 4 1
16 27 6 0
16 27 5 0
18 27 6 1
16 25 3 1
0 46 11 0
0 45 11 0
0 46 10 0
22 2 6 0
23 1 7 1
18 38 15 0
21 0 0 1
21 43 15 0
21 44 15 0
21 43 14 0
21 44 14 0
19 47 15 0
15 3 5 0
12 3 6 0
13 3 6 0
14 5 3 0
13 16 7 0
12 15 2 1
13 15 2 1
14 17 2 1
12 14 6 0
14 16 7 0
13 14 6 0
14 13 6 0
14 15 7 0
13 14 2 1
11 15 5 0
16 10 3 1
24 15 7 2
23 15 6 0
7 38 8 0
16 32 6 1
18 18 2 1
17 17 3 2
17 17 2 1
0 43 10 1
15 1 0 1
11 0 4 0
5 36 10 1
5 36 9 1
5 35 9 2
5 35 8 1
6 36 9 1
5 35 10 1
15 22 11 0
17 24 12 0
17 24 11 0
2 6 9 1
21 1 12 0
21 1 11 0
20 1 12 0
20 0 11 0
20 1 11 0
18 1 12 0
18 1 11 0
18 2 12 0
19 2 12 0
18 2 11 0
19 2 11 0
7 33 12 0
6 32 11 0
6 32 13 0
6 32 12 0
6 33 12 0
5 32 12 0
8 35 12 0
1 45 10 0
3 44 9 0
3 43 9 0
4 43 8 0
4 43 10 0
8 4 0 1
9 6 0 1
9 3 2 0
10 3 4 0
10 4 3 0
9 3 3 0
11 2 2 0
10 2 2 0
11 2 4 0
11 2 3 0
10 2 3 0
14 2 4 0
13 7 4 0
12 7 4 0
19 47 10 3
19 47 9 1
20 46 12 0
23 49 10 3
23 49 9 1
34 14 4 1
34 15 4 1
19 27 3 1
19 49 9 1
20 49 9 1
0 42 11 2
38 1 5 0
39 1 4 0
10 32 7 0
9 32 7 0
11 33 6 1
12 1 0 1
13 6 3 0
3 1 2 1
5 6 1 4
12 6 5 0
12 6 1 2
23 17 8 1
26 15 8 1
26 15 7 1
16 0 4 0
14 0 6 0
14 0 1 1
15 0 0 1
0 42 9 1
26 5 6 1
5 9 15 1
6 10 18 1
6 9 18 1
28 18 4 1
28 19 4 1
28 20 4 1
29 19 4 1
29 20 4 1
30 20 4 1
30 22 7 0
28 21 8 0
28 22 7 0
27 20 8 0
27 20 9 0
27 20 7 0
28 35 9 1
0 4 8 2
26 5 7 1
6 17 11 0
13 27 14 0
14 28 13 0
14 28 14 0
13 29 14 0
13 29 15 0
28 21 5 1
5 16 11 0
0 44 6 1
24 44 11 1
32 22 7 0
31 22 8 0
31 22 9 0
25 42 10 1
29 22 8 0
29 22 9 0
5 39 9 0
2 6 4 6
12 5 4 0
29 20 7 0
29 19 9 0
31 20 9 0
31 20 10 0
6 17 12 0
21 0 4 2
27 34 7 3
28 34 7 4
29 34 7 1
19 23 3 1
14 27 13 0
14 27 14 0
11 28 14 0
11 27 14 0
11 6 4 0
18 18 3 1
18 17 3 1
17 18 3 1
16 18 3 1
18 18 9 1
18 17 9 1
18 16 9 1
17 18 9 1
17 17 9 1
12 10 5 1
12 28 7 0
10 27 4 1
10 27 5 2
16 2 2 1
19 24 5 0
18 16 4 1
18 16 3 1
18 16 2 1
18 15 2 1
17 16 2 1
18 15 3 1
20 23 8 6
20 23 9 1
20 24 9 1
21 23 9 1
22 24 7 0
22 24 8 0
23 24 7 0
23 24 8 0
22 25 4 2
22 26 4 1
22 27 4 1
23 25 4 1
23 26 4 1
23 27 4 1
31 8 2 1
31 9 2 1
31 10 2 1
32 10 2 1
33 10 2 1
32 9 6 0
27 33 9 0
26 31 10 0
19 1 9 0
19 1 11 0
18 0 11 0
3 38 10 1
6 37 6 1
5 36 5 1
20 2 8 1
21 2 6 1
21 2 7 1
21 2 8 1
22 2 8 1
22 3 5 0
22 2 5 0
22 3 6 0
24 3 5 0
3 7 0 1
2 7 0 1
20 9 6 1
20 9 7 1
20 9 8 1
21 9 6 1
21 9 7 3
21 9 8 1
22 9 8 1
21 11 5 0
23 11 6 0
23 10 6 0
23 11 5 0
23 10 5 0
7 4 5 0
7 31 7 1
7 32 5 1
1 7 7 1
9 1 5 0
14 22 11 0
14 23 12 0
14 23 11 0
14 24 12 0
16 25 12 0
16 25 11 0
16 24 12 0
16 24 11 0
2 37 10 1
22 17 3 1
22 16 3 1
27 37 6 1
26 37 6 1
25 37 6 1
20 1 5 1
20 1 4 1
5 33 10 1
0 11 2 0
0 11 3 0
0 11 6 0
0 13 6 11
13 10 5 0
13 10 3 1
11 8 5 0
13 6 5 0
13 8 5 0
8 31 8 0
6 29 5 1
25 12 5 0
26 11 8 1
14 26 3 1
14 27 3 1
14 28 3 1
15 28 3 1
16 28 3 1
34 16 7 0
33 17 6 0
34 17 6 0
34 17 7 0
32 17 6 0
32 18 6 0
32 18 7 0
27 27 11 0
25 27 8 1
25 27 10 0
25 27 9 0
26 29 8 1
26 29 10 0
26 29 9 0
26 28 9 0
27 29 8 1
23 44 10 2
23 44 12 0
23 44 11 1
23 43 11 0
24 44 10 1
24 44 12 0
14 13 4 6
16 16 3 3
16 15 3 2
16 15 2 1
15 16 4 1
15 16 3 1
28 23 8 0
28 23 9 0
29 24 8 0
19 21 3 1
20 22 6 0
17 22 5 0
17 22 6 0
8 3 3 0
24 31 10 0
26 31 6 1
26 32 6 1
27 32 6 1
30 19 7 0
31 18 6 0
30 19 6 0
30 17 7 0
30 17 6 0
32 17 8 0
32 17 9 0
32 17 5 1
31 18 4 1
32 18 4 1
37 2 4 0
38 2 4 0
38 2 5 0
37 3 4 0
37 2 5 0
37 3 5 0
16 3 2 1
17 2 1 3
17 3 0 1
17 3 1 1
38 3 4 0
18 19 3 1
17 19 3 1
29 22 5 1
19 14 13 0
19 14 10 0
38 1 4 0
38 0 4 0
36 0 4 0
36 1 4 0
16 3 1 1
16 3 0 1
16 2 0 1
15 3 2 1
5 7 2 1
5 5 2 1
4 7 2 1
4 6 2 1
4 5 2 1
10 32 6 1
11 32 4 1
2 6 7 1
9 30 7 0
3 4 6 3
14 26 9 1
15 27 8 1
13 26 6 0
12 28 5 1
11 28 6 1
11 28 5 2
11 28 4 1
14 32 14 0
13 32 14 0
13 32 15 0
14 32 13 0
13 32 13 0
13 31 14 0
13 31 15 0
13 31 13 0
15 31 14 0
15 30 14 0
15 30 15 0
15 31 13 0
15 30 13 0
15 13 2 1
16 11 2 1
4 39 5 1
30 31 9 1
17 0 0 1
12 30 10 1
12 29 10 1
13 24 3 1
13 25 3 1
13 26 3 1
5 5 1 2
4 4 0 1
10 9 4 1
14 15 4 1
3 38 11 1
11 28 10 1
10 30 6 0
10 30 8 0
22 13 6 0
22 13 5 0
23 13 6 0
23 13 5 0
22 14 8 1
21 13 9 1
21 14 9 1
22 13 9 1
22 14 9 1
22 15 9 1
23 13 9 1
23 14 9 1
23 15 9 1
21 13 2 1
21 14 2 1
21 15 2 1
37 0 1 1
21 0 1 1
18 1 1 13
18 27 4 1
18 27 3 1
3 35 8 1
3 36 9 1
18 20 5 0
19 19 6 0
18 19 6 0
19 19 9 1
18 18 4 1
11 29 6 0
12 29 7 0
25 11 7 3
9 28 4 1
9 28 5 1
9 28 6 1
21 12 2 1
9 29 5 1
9 29 6 1
9 30 5 1
15 29 6 1
10 30 4 1
16 29 5 2
13 28 7 0
16 13 4 0
17 12 5 0
21 45 10 2
21 45 9 1
20 45 11 1
6 5 1 3
26 7 5 1
26 8 5 1
26 9 5 1
25 8 5 0
22 10 7 1
22 11 7 1
16 26 9 1
13 23 6 0
12 23 7 0
13 24 6 0
30 15 5 1
29 14 4 1
13 19 4 1
14 19 5 1
3 36 13 0
14 15 6 0
13 15 6 0
12 16 6 0
13 17 6 0
14 16 6 0
11 17 6 0
14 18 6 0
16 18 4 1
13 18 2 1
30 11 3 1
30 12 3 1
30 17 4 1
30 18 4 1
30 19 4 1
32 19 8 0
33 19 8 0
32 20 7 0
32 20 8 0
32 21 8 0
31 21 8 0
29 21 7 0
30 21 8 0
32 19 4 1
31 20 6 2
1 27 7 0
1 27 8 0
20 46 15 0
19 45 15 0
21 45 14 0
21 46 15 0
21 45 15 0
22 45 14 0
22 45 15 0
21 47 16 0
20 45 15 0
19 46 14 0
19 46 15 0
18 45 14 0
18 45 15 0
19 44 14 0
19 43 14 0
19 44 15 0
2 27 8 0
2 13 3 1
2 13 4 1
2 13 5 1
2 14 3 1
2 14 4 1
14 14 4 5
8 14 10 1
8 13 12 1
8 13 11 1
8 13 10 1
7 13 12 1
7 13 11 1
7 13 10 1
7 14 11 1
5 14 10 0
5 14 12 0
5 14 11 0
4 15 10 0
17 20 11 0
16 21 13 0
16 21 10 1
15 20 9 1
15 21 9 1
16 20 9 1
14 12 3 1
15 15 5 1
23 44 9 3
22 43 13 0
22 43 12 0
2 12 4 0
0 12 4 1
19 18 9 1
15 3 1 2
30 31 10 0
0 44 10 0
1 45 9 0
29 19 5 1
29 19 10 0
31 17 9 0
29 17 9 0
27 27 10 0
28 19 7 0
28 19 9 0
27 27 6 1
27 26 6 1
27 25 6 1
28 26 7 1
37 1 2 1
26 24 10 0
29 17 4 1
26 26 10 0
26 26 9 0
26 27 8 1
26 27 10 0
26 27 9 0
28 28 8 1
3 4 16 0
3 6 15 0
3 6 17 0
3 6 16 0
3 15 13 1
2 17 13 1
2 16 13 1
4 7 15 0
4 7 17 0
3 7 16 0
17 24 5 0
17 27 4 1
17 27 5 2
18 27 5 4
19 26 3 1
19 26 4 1
19 46 10 1
20 20 6 0
12 26 9 2
23 3 3 1
26 24 9 0
27 24 9 0
27 25 8 0
27 25 9 0
28 25 9 0
28 23 5 1
28 22 5 1
20 7 12 0
20 8 12 0
20 7 11 0
19 8 12 0
7 27 9 1
7 26 9 1
6 26 9 1
32 13 4 1
32 14 4 1
0 10 8 0
1 11 8 0
21 16 3 1
20 16 3 1
21 18 9 1
21 17 9 1
21 16 9 2
20 16 9 1
18 3 5 1
20 17 8 1
21 16 5 0
21 16 6 0
20 0 6 0
20 16 5 0
22 0 6 0
22 2 7 0
22 2 4 1
21 1 3 1
22 1 3 1
23 1 3 1
18 3 4 1
18 4 4 1
18 4 5 1
23 42 8 1
19 4 4 1
25 42 8 1
17 20 3 1
18 22 5 0
20 16 6 1
20 2 3 1
29 26 9 0
0 42 12 1
22 11 11 0
29 28 9 0
30 27 10 0
7 37 9 0
6 38 9 0
6 38 10 0
20 2 9 0
19 10 11 0
17 20 9 1
16 19 6 0
17 20 6 0
17 20 5 0
18 21 6 0
33 20 8 0
33 20 7 0
33 18 8 0
33 18 7 0
33 18 4 1
25 42 12 0
25 43 11 0
26 41 11 0
18 21 4 3
7 31 11 0
9 31 12 0
8 31 13 0
9 31 11 0
7 33 14 0
7 33 11 1
10 31 12 0
6 27 10 1
5 29 10 1
5 28 10 1
5 27 10 1
4 29 10 1
2 9 9 1
3 7 9 1
3 8 9 1
3 9 9 1
4 7 9 1
4 8 9 1
4 9 9 1
2 13 15 1
1 14 17 1
3 8 3 0
3 8 2 0
8 8 2 1
11 7 2 0
14 12 4 0
15 11 5 0
19 48 10 2
11 31 6 1
4 1 2 1
4 1 1 1
15 17 5 1
16 15 5 1
6 36 5 1
2 6 2 1
21 16 10 1
21 15 10 1
18 46 9 1
18 47 9 1
18 47 10 1
18 47 11 1
7 3 0 1
26 13 6 1
3 1 3 1
25 17 8 1
10 28 7 0
19 9 12 0
18 9 11 0
19 9 11 0
22 9 12 0
18 2 1 19
6 39 8 0
5 38 7 0
5 38 8 0
4 38 9 1
3 37 8 1
33 0 6 0
34 1 5 0
34 0 5 0
34 0 7 0
34 1 6 0
34 0 6 0
24 39 12 0
36 0 6 0
11 30 7 0
33 21 6 1
33 21 7 1
13 24 7 1
13 25 8 1
10 25 6 0
10 25 7 0
2 12 7 1
14 21 11 0
7 32 7 2
23 19 6 1
23 19 7 1
22 21 6 1
23 39 7 1
28 35 6 1
0 25 5 0
28 37 11 0
2 44 11 0
6 7 2 1
14 8 4 0
21 23 4 2
23 22 6 1
23 22 7 1
11 22 7 0
23 23 7 0
24 25 6 2
25 24 6 1
25 24 7 1
25 25 6 1
25 25 7 1
22 26 6 0
22 24 9 1
22 25 5 1
23 24 4 1
23 25 5 1
25 26 7 1
20 26 7 0
12 24 5 0
13 23 5 0
14 23 6 0
14 22 6 1
14 23 5 0
15 23 5 0
20 4 12 0
20 4 11 0
19 5 11 0
19 5 12 0
1 9 16 0
2 10 15 0
2 10 17 0
2 10 16 0
3 10 15 0
3 10 17 0
3 10 16 0
3 7 14 0
3 7 18 0
3 7 17 0
1 7 15 0
2 7 15 0
1 7 17 0
1 7 16 0
2 7 16 0
4 40 8 0
5 41 9 0
5 41 8 0
6 41 9 0
24 37 9 0
24 37 11 0
25 38 11 0
10 29 11 0
12 30 11 0
0 15 2 1
0 14 2 1
0 13 2 1
0 15 7 1
0 15 6 1
0 14 7 1
0 14 6 2
6 7 3 1
21 26 5 1
21 26 6 1
11 33 9 1
12 31 9 1
22 8 5 0
23 8 6 0
23 8 5 0
7 12 12 1
6 13 12 1
24 7 8 1
25 7 6 2
25 7 7 5
7 13 9 1
7 12 11 1
7 12 10 1
7 12 9 1
6 12 11 1
25 7 8 1
22 44 9 1
21 44 11 1
21 44 10 2
12 20 6 0
9 23 7 0
22 24 6 0
19 16 6 1
19 18 5 0
29 34 10 0
30 33 10 0
28 33 10 0
16 17 6 0
17 16 7 1
18 17 2 1
19 17 5 0
19 17 6 0
22 4 11 0
21 5 11 0
14 24 13 0
33 4 1 1
7 9 3 2
3 11 3 1
14 7 4 0
14 7 3 0
32 14 8 0
32 15 8 0
31 15 8 0
31 16 8 0
22 21 9 1
21 22 6 0
22 23 7 1
22 23 6 0
21 24 8 1
21 24 9 1
20 23 3 1
20 24 3 1
20 25 3 1
21 23 3 1
21 24 3 1
21 25 3 1
22 23 3 1
22 24 3 1
22 25 3 1
24 48 15 0
24 49 15 0
23 49 16 0
24 46 14 0
24 45 14 0
24 43 13 0
24 45 9 1
7 10 7 1
23 38 12 0
25 37 12 0
23 36 12 0
22 37 10 0
2 43 9 0
28 30 6 1
19 46 9 1
25 29 10 0
8 31 4 1
8 33 10 1
33 6 2 1
26 26 6 1
25 44 13 0
23 43 14 0
24 42 13 0
25 43 13 0
25 43 12 0
23 41 13 0
24 41 6 1
24 44 9 1
24 38 7 2
24 37 12 0
25 36 12 0
25 38 9 0
25 34 12 0
23 34 11 0
23 32 10 0
30 31 8 1
30 31 7 1
29 31 8 1
29 30 8 1
28 28 7 1
28 27 7 1
24 30 10 0
24 29 10 0
19 18 6 0
20 0 12 0
22 32 6 1
14 19 6 0
5 12 9 1
20 9 11 0
19 27 8 1
19 27 7 1
17 20 2 1
20 18 7 1
17 20 4 1
15 18 2 1
23 25 3 1
23 24 3 1
16 19 2 1
24 45 11 0
15 18 6 0
17 18 2 1
26 26 5 1
26 26 4 1
26 25 6 1
26 25 5 1
26 25 4 1
26 24 6 1
26 24 5 1
26 24 4 1
17 22 8 1
18 16 8 1
20 18 8 1
17 16 8 1
19 21 8 1
16 19 3 3
22 22 3 1
0 38 8 1
20 17 3 1
20 18 4 1
7 0 2 1
16 20 6 0
16 20 5 0
7 0 3 1
20 26 9 1
0 25 8 0
23 23 6 0
21 22 10 1
13 29 8 2
12 29 9 3
20 25 9 1
20 25 8 1
20 20 7 1
23 19 8 1
22 23 8 1
21 20 6 0
17 18 4 2
18 15 8 1
8 30 12 0
20 15 8 1
24 26 5 1
18 14 8 1
15 16 7 0
34 9 7 0
26 26 7 1
10 7 0 1
10 20 9 0
11 6 6 0
11 8 3 1
20 27 7 0
11 4 1 1
21 26 8 0
22 26 8 0
22 26 7 0
1 27 6 0
0 25 9 0
21 25 6 0
0 27 6 0
0 26 6 0
1 24 9 0
1 24 8 0
0 23 6 0
1 26 6 0
2 24 9 0
2 24 8 0
0 22 7 0
0 24 6 0
0 24 7 0
5 18 11 0
7 17 10 0
7 16 10 0
6 16 10 0
7 16 11 0
6 17 9 0
6 17 10 0
29 18 8 0
28 18 8 0
8 16 11 0
6 16 12 0
6 15 11 0
33 14 8 0
33 14 5 1
23 11 8 1
23 11 3 1
22 10 2 1
23 10 2 1
24 10 2 1
22 48 10 1
22 46 12 0
22 46 11 0
11 5 3 0
11 8 0 1
8 4 6 0
8 4 1 3
28 20 5 1
27 23 9 0
27 23 8 0
27 22 8 0
27 22 9 0
27 21 8 0
18 37 13 0
18 36 13 0
17 38 14 0
17 38 12 0
17 38 13 0
17 38 16 0
17 38 15 0
2 39 7 1
18 47 13 0
28 38 10 1
24 35 10 0
20 18 9 1
14 33 14 0
27 33 10 0
27 32 11 0
24 38 9 0
24 38 11 0
22 1 6 0
27 40 8 1
6 6 2 1
12 7 2 0
11 6 3 0
11 7 3 1
15 25 12 0
1 9 3 0
1 9 2 0
24 7 2 1
23 7 2 1
22 7 2 1
23 8 3 1
23 8 8 0
23 8 7 0
25 7 5 0
23 6 5 0
23 6 6 0
22 7 5 0
21 8 5 0
20 7 8 1
20 7 6 1
22 11 8 1
8 29 5 1
8 29 6 1
8 29 7 1
8 30 5 1
8 30 6 1
8 30 7 1
11 2 1 4
19 2 7 1
11 11 5 1
15 8 1 1
15 9 1 1
15 10 1 1
19 45 10 1
1 3 9 1
18 3 7 1
3 0 3 1
2 6 6 3
3 42 11 0
16 14 2 1
15 34 15 0
15 34 16 0
7 16 12 0
2 5 3 2
21 5 3 1
15 26 3 1
3 4 7 1
2 5 7 1
2 4 7 1
2 4 6 1
10 4 2 0
5 3 3 12
6 3 1 2
5 3 0 1
18 22 7 1
13 33 4 1
1 24 6 0
0 25 7 0
1 24 7 0
2 26 6 0
2 23 9 0
2 23 8 0
1 22 6 0
12 28 13 0
22 36 11 0
11 1 3 0
11 1 2 1
35 13 7 0
15 17 4 2
18 48 9 1
12 24 8 1
12 24 7 1
11 24 8 1
11 24 7 1
10 24 9 1
11 26 7 0
9 26 8 0
9 25 7 0
20 13 6 1
3 9 4 0
2 9 5 0
29 26 10 0
29 26 11 0
4 24 6 0
4 24 7 0
3 21 6 0
3 21 7 0
3 23 6 0
3 23 7 0
5 22 9 0
5 22 8 0
3 22 6 0
3 22 7 0
5 24 6 0
5 24 7 0
6 22 9 0
6 22 8 0
4 20 6 0
4 20 7 0
4 22 6 0
4 22 7 0
6 24 6 0
6 24 7 0
5 20 2 1
6 21 3 1
6 21 9 0
6 21 8 0
6 19 6 0
6 19 7 0
5 20 6 0
4 21 6 0
4 21 7 0
5 23 6 0
34 3 4 0
21 2 3 1
22 2 3 1
2 9 1 1
3 10 0 1
13 28 13 0
21 10 5 0
22 9 6 1
22 8 6 0
22 8 7 2
23 14 6 0
17 15 7 0
12 32 9 1
12 33 9 1
17 13 5 0
20 47 9 1
20 47 10 2
14 15 3 2
6 11 4 1
27 29 10 0
26 30 10 0
27 32 9 0
27 32 10 0
28 32 10 0
30 32 9 1
29 31 9 1
29 32 10 0
30 32 10 0
29 31 10 0
29 31 7 1
32 11 3 1
7 30 11 0
7 30 13 0
11 34 10 1
10 33 9 1
5 34 5 1
5 33 5 1
5 32 5 1
5 33 8 1
5 33 7 1
5 33 6 1
5 32 8 1
13 26 4 1
13 27 5 1
15 28 9 1
18 18 5 0
25 35 9 1000
21 47 13 0
16 17 9 1
16 18 9 1
20 17 9 1
19 18 8 3
20 17 6 0
21 18 6 0
16 20 3 1
17 21 4 1
6 6 3 0
11 32 6 1
11 34 8 0
9 34 7 0
9 34 8 0
8 34 7 0
8 34 8 0
18 28 4 1
25 40 8 1
26 40 9 1
26 39 11 0
26 39 10 1
27 38 9 1
27 38 11 0
26 34 6 1
26 35 6 1
17 28 4 1
21 48 16 0
22 47 14 0
22 47 15 0
19 48 15 0
8 19 11 0
20 46 14 0
19 45 14 0
29 30 9 1
29 30 10 0
29 32 8 2
28 35 10 1
29 34 9 1
29 34 11 0
15 29 9 1
14 29 9 1
13 29 9 1
13 28 9 1
3 39 6 1
17 2 2 1
15 10 4 0
14 9 1 1
14 8 1 1
6 0 6 1
33 11 7 0
33 11 6 0
20 23 6 0
25 39 12 0
23 40 10 0
9 33 10 1
9 32 10 1
9 31 10 1
10 32 9 2
3 16 8 1
13 28 8 1
3 13 12 0
21 48 12 0
22 47 13 0
22 48 12 0
22 46 13 0
5 3 2 1
5 3 1 1
4 27 8 0
3 27 8 0
4 27 7 0
2 30 8 0
2 30 7 0
4 29 8 0
3 29 8 0
4 29 7 0
4 28 8 0
6 23 7 0
5 20 7 0
5 21 6 0
6 23 6 0
5 23 7 0
7 21 9 0
7 21 8 0
6 20 6 0
6 20 7 0
5 21 7 0
7 23 6 0
7 23 7 0
8 21 9 0
8 21 8 0
7 20 6 0
7 20 7 0
6 21 6 0
6 21 7 0
8 23 6 0
8 23 7 0
7 19 6 0
7 19 7 0
7 22 6 0
7 22 7 0
9 23 6 0
10 22 2 1
9 21 9 0
10 28 10 1
4 10 7 1
8 19 7 0
8 22 6 0
8 22 7 0
9 22 6 0
23 49 13 0
24 49 13 0
24 48 13 0
24 49 14 0
24 49 12 0
25 49 13 0
25 49 14 0
25 49 12 0
9 22 7 0
11 6 1 1
10 20 8 0
24 49 9 1
9 19 6 0
9 19 7 0
25 49 9 1
9 27 4 1
9 21 7 0
21 6 11 0
10 22 7 0
11 22 6 0
5 12 12 1
6 12 12 1
6 31 13 0
6 13 9 2
7 14 9 1
12 3 4 0
10 20 6 0
10 20 7 0
10 21 6 0
22 0 5 0
11 20 6 0
12 19 9 0
12 19 8 0
11 21 6 0
11 21 7 0
12 21 6 0
12 21 7 0
11 20 7 0
12 20 2 1
13 19 8 0
12 18 7 0
11 19 7 0
12 20 7 0
13 18 7 0
13 20 2 1
13 19 2 1
14 19 9 0
14 19 8 0
13 17 7 0
21 39 9 0
21 36 10 0
22 36 9 0
12 19 7 0
13 22 9 1
14 18 7 0
13 19 7 0
15 21 7 1
14 20 2 1
14 19 2 1
14 18 2 1
15 19 8 0
15 17 7 0
24 39 9 0
22 38 9 0
22 39 9 0
20 37 10 0
20 37 11 0
20 37 9 0
21 36 11 0
21 36 9 0
22 35 10 0
22 35 9 0
22 37 7 2
21 36 6 1
22 36 6 1
23 36 6 3
14 17 7 0
16 21 8 3
14 19 7 0
13 21 9 1
21 38 9 0
22 35 11 0
23 36 9 0
13 20 9 1
13 19 9 1
25 26 4 1
25 26 5 1
17 19 2 1
25 27 5 1
16 20 2 1
22 26 3 1
16 18 2 1
15 20 2 1
15 19 2 1
23 26 3 1
15 19 9 1
15 18 9 1
16 17 7 1
15 18 7 0
24 29 5 1
17 19 4 1
25 28 5 1
15 19 7 0
15 19 6 0
24 24 4 1
24 24 5 1
25 24 4 1
25 24 5 1
25 25 4 1
25 25 5 1
16 17 8 1
16 16 8 1
16 16 7 1
14 22 9 1
14 21 9 1
14 20 9 1
19 19 10 1
18 19 10 1
17 21 10 1
17 20 10 1
17 19 10 1
16 23 8 1
15 22 8 1
18 21 8 0
19 17 8 1
19 21 4 1
20 22 10 1
20 21 10 1
20 20 10 1
19 22 10 1
19 21 10 1
19 20 10 1
18 22 10 1
18 21 10 1
18 20 10 1
22 19 9 1
22 18 9 1
22 18 8 1
22 18 7 1
21 18 8 1
21 18 7 1
17 18 8 4
16 19 9 1
16 19 8 6
16 18 8 1
16 18 7 1
17 19 8 4
19 22 4 1
22 19 8 1
22 19 7 1
22 19 6 1
21 20 7 3
19 21 7 1
23 39 9 0
21 35 10 0
21 35 11 0
21 35 9 0
23 35 9 0
24 35 9 0
23 37 12 0
23 37 7 1
24 36 6 3
17 22 7 1
23 22 8 1
23 21 6 1
23 20 6 1
22 20 6 1
21 20 8 2
21 21 6 0
23 34 10 0
23 34 9 0
22 35 5 1
22 36 5 1
22 37 5 1
23 35 5 1
23 36 5 1
23 37 5 1
24 35 5 1
24 36 5 1
24 37 5 1
20 23 4 2
23 22 9 1
26 36 9 2
26 35 8 1
26 36 8 1
26 37 8 2
27 35 8 2
27 35 9 1
27 36 8 1
23 21 9 1
23 21 8 2
23 21 7 1
23 20 9 1
23 20 8 1
26 39 8 1
26 39 9 1
27 39 8 1
27 39 9 1
22 34 9 0
25 35 5 1
25 36 5 1
25 37 5 1
23 20 7 1
22 20 9 1
22 20 8 1
22 20 7 4
22 22 6 0
21 20 9 1
21 19 9 1
21 19 8 4
21 19 7 1
20 20 9 1
20 19 8 1
20 19 7 1
19 20 8 1
28 35 8 2
26 37 9 1
19 19 8 1
20 20 8 1
24 27 4 1
24 26 4 1
24 25 4 1
22 25 6 0
21 24 6 0
13 23 7 0
16 10 5 0
3 2 3 1
33 13 4 1
33 13 8 0
32 13 7 0
31 13 6 0
32 13 6 0
32 14 7 0
33 13 7 0
32 14 6 0
33 14 7 0
4 35 10 1
28 32 7 1
12 28 8 1
12 30 7 0
14 33 6 1
14 33 5 1
14 33 4 1
14 32 5 1
14 29 5 1
26 35 7 1
21 44 9 1
19 1 2 1
19 0 0 1
18 2 2 1
28 33 7 1
5 41 5 1
4 41 5 1
14 25 9 1
14 24 9 1
13 26 9 1
13 25 9 2
13 24 9 1
12 25 9 2
12 24 9 1
13 25 10 1
13 25 13 0
15 24 12 0
15 24 11 0
13 23 12 0
13 24 12 0
13 23 11 0
13 24 11 0
12 24 12 0
13 25 11 0
13 25 12 0
15 27 12 0
3 1 6 1
13 31 5 1
13 31 4 1
14 30 7 1
17 31 6 1
17 31 5 1
17 31 4 1
16 31 6 1
16 31 5 1
16 31 4 1
15 31 4 1
15 29 7 0
16 28 7 0
1 45 6 1
34 16 6 0
34 15 7 0
33 16 6 0
33 15 7 0
33 16 7 0
32 15 6 0
10 5 2 1
8 5 3 1
8 5 4 1
8 5 2 1
8 2 4 0
10 2 4 0
10 3 3 0
5 2 6 1
4 4 7 1
5 3 6 5
4 3 5 3
5 3 4 23
24 18 7 1
24 18 6 1
23 18 8 1
24 17 7 1
24 14 5 0
23 14 5 0
25 13 8 1
20 21 5 0
20 21 6 0
6 4 16 0
7 4 15 0
7 3 15 0
7 4 16 0
7 3 16 0
9 4 15 0
8 4 16 0
9 4 16 0
8 1 14 0
8 1 18 0
8 1 17 0
6 1 15 0
6 1 16 0
7 1 16 0
7 2 15 0
7 2 16 0
8 3 15 0
8 2 15 0
10 2 6 0
2 12 6 1
2 12 3 1
24 41 8 1
29 33 7 1
28 33 9 1
5 6 5 0
4 7 6 0
4 7 1 6
4 6 0 1
5 6 0 1
5 7 0 1
5 8 0 1
28 33 8 3
9 0 17 0
9 0 16 0
7 0 16 0
7 0 15 0
8 1 15 0
8 1 16 0
8 0 16 0
7 1 15 0
8 22 2 1
8 21 2 1
8 20 2 1
7 20 2 1
6 20 2 1
7 21 3 3
7 21 7 0
7 21 6 0
8 20 4 0
8 20 5 0
7 19 4 0
7 19 5 0
14 9 6 0
10 35 7 0
16 24 5 0
25 41 11 0
5 11 5 1
5 11 4 1
20 23 5 0
17 23 5 0
22 12 12 0
22 12 11 0
22 11 12 0
20 1 3 1
23 17 6 0
23 15 5 0
21 1 7 0
21 0 6 0
18 0 6 1
18 4 6 1
27 37 9 1
3 38 9 3
3 38 6 1
20 12 5 1
20 14 5 0
10 24 11 0
22 15 5 0
24 14 8 1
32 6 2 1
20 17 10 1
22 12 8 1
22 12 7 1
22 12 6 1
21 13 7 2
28 36 9 1
27 37 11 0
5 14 9 0
4 13 9 0
7 13 8 1
7 12 8 1
6 14 8 1
2 13 9 1
2 14 12 1
2 13 12 1
1 13 10 3
1 13 9 3
20 0 3 1
20 0 4 1
17 23 6 0
1 12 3 1
6 31 12 0
5 17 10 0
5 18 12 0
22 21 8 2
22 21 7 3
21 21 9 1
21 21 8 4
21 21 7 1
20 21 9 2
20 21 8 2
20 21 7 1
19 22 9 1
19 22 8 3
19 22 7 1
18 23 8 1
18 22 8 1
17 24 7 1
17 23 8 1
17 23 7 1
19 26 7 2
20 28 7 1
20 28 6 1
24 26 6 2
24 25 5 1
23 26 6 3
22 24 4 1
21 24 4 3
20 24 4 1
21 25 5 1
21 25 9 1
23 24 6 0
21 23 6 0
22 23 9 1
22 22 9 1
22 22 8 3
22 22 7 1
21 22 9 1
21 22 8 5
21 22 7 1
20 22 9 1
20 22 8 5
20 22 7 1
21 23 8 2
21 23 7 1
20 24 6 0
21 24 7 1
19 26 9 1
19 26 8 1
18 26 9 1
18 26 8 1
18 25 8 3
18 25 7 1
18 24 7 1
19 25 8 4
19 25 7 1
20 25 7 1
20 29 7 1
20 29 6 1
20 29 5 1
20 28 5 1
21 28 6 1
23 25 6 0
20 23 7 1
19 24 8 1
22 48 13 0
24 48 14 0
24 48 12 0
25 48 13 0
25 48 14 0
25 48 12 0
19 24 7 1
19 23 8 2
19 23 7 1
20 24 8 4
20 24 7 1
20 26 8 0
18 27 8 1
18 27 7 1
17 27 8 1
17 27 7 1
17 26 8 1
17 26 7 1
22 49 13 0
23 48 13 0
23 48 12 0
23 47 13 0
23 47 12 0
25 47 13 0
25 47 14 0
25 47 12 0
17 25 8 1
24 48 9 1
17 25 7 1
18 26 7 1
23 29 5 1
22 29 5 1
21 29 5 1
24 28 5 1
24 27 5 1
23 46 13 0
24 47 12 0
24 47 13 0
23 48 11 1
24 47 10 1
24 48 10 1
24 49 10 1
19 15 8 1
23 25 8 0
23 25 7 0
22 25 7 0
21 25 8 1
21 25 7 1
21 30 6 1
21 29 6 1
23 28 5 1
23 27 5 1
23 26 5 2
22 28 5 1
22 27 5 1
22 26 5 3
21 28 5 1
22 27 10 0
22 27 9 0
24 26 7 1
24 26 9 0
24 26 8 0
9 2 6 0
22 26 9 0
22 25 8 0
10 4 6 0
21 26 7 0
22 27 7 0
21 26 9 0
11 4 6 0
22 27 8 0
11 5 6 0
20 27 8 0
12 6 6 0
25 26 6 1
22 27 6 6
23 28 10 0
24 27 9 0
23 26 7 0
23 26 8 0
21 27 7 0
21 27 9 0
23 45 13 0
24 46 12 0
24 46 13 0
24 46 9 1
24 47 9 1
21 27 8 0
21 28 7 1
21 28 9 0
23 31 6 1
6 9 17 1
6 10 15 1
6 10 16 1
20 16 8 1
8 29 12 0
8 30 13 0
8 29 11 0
10 30 12 0
25 46 12 0
25 46 13 0
25 46 11 0
24 48 11 0
24 49 11 1
10 30 13 0
2 38 7 1
22 48 11 0
23 44 13 0
24 45 13 0
23 46 14 0
22 45 8 1
22 46 8 1
22 47 8 1
23 45 8 1
23 46 8 1
23 47 8 1
24 45 8 1
24 46 8 1
24 47 8 1
9 5 5 0
12 25 3 1
12 24 3 1
11 26 3 1
32 17 4 1
25 45 12 0
25 45 13 0
25 45 11 0
24 47 11 0
23 43 13 0
24 44 13 0
23 45 14 0
22 44 8 1
23 44 8 1
24 44 8 1
33 16 4 1
33 17 4 1
33 17 7 0
33 19 7 0
33 19 6 0
7 35 7 0
8 35 7 0
9 33 5 1
26 28 8 1
26 28 7 2
22 29 7 2
22 29 8 0
21 31 9 0
23 31 10 0
23 29 9 0
21 31 7 0
22 31 7 1
22 31 9 0
21 31 8 0
22 31 8 1
25 32 7 4
25 27 7 3
25 27 6 1
24 27 8 1
24 27 7 2
24 27 6 4
23 27 8 1
23 27 7 1
23 27 6 5
22 30 7 1
22 30 9 0
22 30 8 1
22 33 7 0
22 33 9 0
22 33 8 0
25 28 8 1
25 28 7 5
25 28 6 1
24 28 8 1
24 28 7 4
24 28 6 1
23 28 8 1000
23 28 7 4
23 28 6 2
23 30 8 1000
24 30 9 0
22 32 7 1
22 32 9 0
24 32 10 0
23 30 7 2
23 30 6 1
23 29 8 1000
23 29 7 2
23 29 6 1
24 31 8 1
23 32 7 1
23 32 9 0
22 32 8 1
23 32 8 1
27 30 8 1
26 29 7 2
25 29 8 1
25 29 7 4
25 29 6 1
24 29 8 1000
24 29 7 6
24 29 6 1
23 31 7 2
23 31 9 0
23 31 8 1000
26 31 8 1
26 32 7 6
26 32 8 1
24 34 7 0
25 31 8 1
23 33 7 0
28 17 9 0
4 9 3 1
27 32 8 1
24 32 8 1000
27 33 8 1
26 30 8 1
26 30 7 2
25 30 8 1
25 30 7 8
24 31 7 2
24 31 6 1
24 30 8 1000
24 30 7 4
24 30 6 1
25 31 7 14
24 33 7 0
23 34 7 0
24 35 7 0
25 36 7 0
25 34 7 4
28 32 6 1
28 31 6 1
27 31 8 1
25 32 8 1
29 35 6 1
29 34 6 1
29 33 6 1
28 33 6 1
26 33 8 1
24 33 8 0
23 33 8 0
28 38 7 1
28 38 6 1
28 37 7 1
28 37 6 1
29 36 9 1
29 36 8 1
29 36 7 1
29 35 8 1
29 35 7 1
29 34 8 1
23 36 8 0
28 36 7 1
28 34 8 1
25 35 7 4
25 33 8 1000
25 34 8 1000
23 35 8 0
24 35 8 0
24 36 8 0
25 37 8 0
25 36 8 0
27 38 7 1
27 37 7 2
27 36 7 3
26 38 7 1
25 34 5 1
24 34 5 1
23 34 5 1
24 35 6 1
26 34 8 1
24 34 8 0
24 33 9 0
23 34 8 0
22 35 8 0
23 37 8 0
24 37 8 0
23 37 6 1
22 37 6 1
21 37 6 1
22 38 7 2
22 38 12 0
23 37 9 0
22 37 9 0
21 37 9 0
21 37 11 0
21 37 10 0
20 38 9 0
20 38 11 0
20 38 10 0
21 40 9 0
22 40 9 0
25 40 9 1
23 38 6 1
22 38 6 1
21 38 6 1
22 39 7 1
20 39 11 0
20 39 10 0
25 42 9 1
23 41 6 1
23 40 6 1
23 39 6 1
22 41 6 1
22 40 6 1
22 39 6 1
21 41 6 1
21 40 6 1
21 39 6 1
22 40 13 0
21 39 10 0
21 39 11 0
23 43 7 1
22 43 7 1
21 43 7 1
22 42 8 1
22 42 13 0
22 49 9 1
22 48 9 1
21 49 11 2
21 49 10 1
21 49 9 1
21 48 9 1
4 16 9 1
4 16 12 1
2 16 8 1
22 39 12 0
22 39 10 0
22 38 11 0
21 38 11 0
21 38 12 0
22 38 10 0
21 38 10 0
22 37 11 0
22 37 12 0
4 36 12 0
4 36 14 0
15 13 4 0
15 13 5 0
0 45 10 0
2 45 11 0
14 31 12 0
17 10 1 1
17 9 1 1
17 8 1 1
16 9 1 1
16 8 1 1
16 9 6 0
17 7 5 0
17 7 4 0
16 7 5 0
16 7 4 0
17 9 2 1
15 9 2 1
16 10 6 0
17 8 5 0
17 8 4 0
17 9 4 0
16 8 5 0
16 8 4 0
17 10 2 1
16 10 2 1
15 10 2 1
17 9 5 0
17 10 5 0
18 9 4 0
13 13 2 1
17 11 2 1
16 12 7 0
18 11 6 0
18 12 6 0
16 11 6 0
14 12 6 0
15 14 8 0
15 14 7 0
0 28 5 0
23 38 13 0
1 45 11 0
30 17 5 1
25 31 9 0
25 31 10 0
17 24 9 1
17 25 9 1
18 23 9 1
18 24 9 1
18 25 9 1
19 23 9 1
16 36 16 0
1 4 2 1
1 5 2 1
1 6 2 1
2 4 2 1
2 5 2 1
3 4 2 1
29 33 9 1
29 32 7 1
19 15 2 1
19 14 2 1
11 31 11 0
11 31 13 0
11 31 12 0
11 30 13 0
11 30 12 0
9 30 9 1
8 31 9 1
8 30 9 1
7 32 9 1
7 32 8 1
1 14 15 1
1 14 16 1
2 6 10 1
0 4 6 2
2 13 16 1
2 13 17 1
2 14 15 1
2 14 16 1
2 14 17 1
1 11 17 0
1 13 15 1
0 13 14 1
0 14 14 1
1 13 14 1
1 14 14 1
2 13 14 1
2 14 14 1
31 14 7 0
12 7 3 0
15 27 4 1
16 28 9 1
13 13 5 1
13 13 4 4
13 13 3 1
12 13 5 1
12 13 4 1
12 13 3 1
6 5 4 0
6 3 4 0
6 4 5 0
6 4 4 0
8 3 5 0
9 4 5 0
8 5 5 0
26 5 8 1
7 4 0 1
24 43 12 0
24 43 10 1
20 42 9 1
4 36 8 1
4 37 9 1
3 43 8 0
17 22 3 1
14 6 5 0
13 9 1 1
13 8 1 1
13 7 1 1
12 8 1 1
13 8 2 4
13 8 6 0
17 17 5 1
17 16 4 1
16 17 5 1
15 4 2 1
14 4 2 1
23 39 11 0
6 5 0 1
7 5 0 1
7 6 0 1
7 7 0 1
8 5 0 1
8 6 0 1
8 7 0 1
9 31 5 1
9 31 4 1
0 41 12 1
32 24 9 0
30 26 10 0
29 25 9 0
33 12 8 0
31 13 7 0
28 26 9 0
31 14 8 0
18 48 11 2
30 14 7 0
30 13 8 0
30 14 6 0
29 12 7 0
16 16 9 1
29 12 8 0
19 44 11 0
33 8 3 1
33 8 8 0
31 7 7 0
32 7 7 0
34 3 2 1
31 21 9 0
30 20 9 0
30 21 9 0
11 27 6 1
6 4 3 0
7 3 3 1
7 3 2 1
2 3 5 1
3 6 5 1
17 2 0 1
14 11 2 1
14 27 9 1
14 28 9 1
1 43 12 0
1 43 7 1
0 42 6 1
0 43 6 1
0 44 7 1
21 17 6 0
0 11 4 0
1 11 4 0
3 35 10 1
4 4 6 8
36 0 1 1
38 0 1 1
26 11 7 1
26 11 6 1
25 12 7 2
17 47 13 0
34 12 6 0
5 8 16 0
5 6 16 0
5 7 17 0
5 6 15 0
5 7 15 0
0 12 0 1
0 11 0 1
0 10 0 1
10 33 4 1
11 33 4 1
12 31 8 1
11 32 9 1
16 30 5 2
21 0 2 1
5 4 17 0
6 4 17 0
5 6 17 0
5 6 18 0
5 6 14 0
24 36 9 0
26 36 12 0
26 36 7 1
25 35 6 1
25 36 6 1
15 11 1 1
7 32 10 1
5 1 3 3
6 0 1 1
6 0 2 4
6 1 1 1
6 1 2 20
6 1 3 17
32 14 3 1
33 13 3 1
33 14 3 1
10 27 6 1
6 33 10 1
3 4 4 13
4 4 4 30
4 12 5 1
5 12 3 1
25 40 11 0
25 39 11 0
20 5 5 1
20 6 5 1
21 5 5 0
18 23 3 1
3 26 5 0
3 26 4 0
3 23 5 0
3 23 4 0
3 24 5 0
4 24 5 0
3 24 4 0
4 24 4 0
4 26 5 0
25 36 10 0
15 29 13 0
36 9 6 0
36 8 6 0
36 7 2 1
36 6 2 1
35 7 2 1
35 6 2 1
0 14 8 1
0 13 8 1
0 12 8 1
1 12 12 1
0 14 12 1
2 36 12 0
2 37 13 0
4 37 12 0
3 37 13 0
4 43 5 1
3 43 5 1
12 28 10 1
26 29 6 1
26 30 6 1
27 29 6 1
27 30 6 1
32 8 6 0
32 8 7 0
32 8 5 0
32 6 6 0
31 6 6 0
31 6 7 0
31 6 5 0
33 6 7 0
33 6 8 0
33 6 3 1
32 7 2 1
33 7 2 1
21 40 10 0
22 39 11 0
23 43 10 3
21 43 12 0
20 41 11 0
33 9 6 0
33 9 7 0
31 9 6 0
31 9 7 0
31 8 6 0
31 8 7 0
30 30 10 0
28 28 6 1
29 27 7 1
29 27 11 0
29 25 10 0
8 0 2 0
9 0 4 0
9 0 3 0
23 47 9 1
23 47 10 4
20 49 10 1
20 48 10 1
19 49 11 1
19 49 14 0
17 47 11 0
17 47 12 0
17 49 13 0
33 18 6 0
35 12 3 1
23 11 7 0
11 0 3 0
24 10 5 0
26 8 8 1
22 47 12 0
17 11 4 0
16 11 4 0
12 9 2 1
14 13 3 2
13 1 1 2
3 41 9 0
33 19 4 1
33 19 5 1
33 20 4 1
33 20 5 1
33 20 6 1
31 17 6 0
1 5 4 1
1 5 3 1
1 4 5 1
13 0 1 3
14 3 5 0
11 0 5 0
14 0 5 0
6 30 5 1
6 30 6 2
6 30 7 1
7 29 5 1
7 29 6 1
24 8 8 1
0 42 10 1
2 43 11 0
0 44 11 0
0 44 12 0
37 8 5 0
36 7 5 0
37 8 7 0
37 8 6 0
36 7 6 0
35 3 6 0
34 4 6 0
34 4 5 0
35 6 5 0
35 6 6 0
35 5 6 0
34 6 5 0
35 5 5 0
32 21 5 1
22 4 6 0
34 4 1 1
34 3 1 1
34 2 1 1
9 31 7 0
1 4 4 1
1 4 3 1
2 5 4 23
2 7 5 1
0 2 6 1
0 2 7 1
0 2 8 1
0 1 9 1
0 2 9 1
0 1 5 1
0 2 5 1
24 9 5 0
3 39 7 1
4 37 13 0
16 36 12 0
16 36 13 0
15 35 15 0
16 35 14 0
15 34 14 0
15 35 14 0
14 36 13 0
14 36 15 0
14 36 14 0
15 36 14 0
15 37 13 0
15 37 15 0
15 37 14 0
16 38 13 0
10 1 4 0
23 49 12 1
21 45 13 0
12 28 6 1
7 28 7 0
6 28 8 1
6 29 8 0
27 35 6 1
27 34 6 1
26 36 6 1
14 29 7 1
4 11 5 1
5 10 3 2
5 10 4 6
5 10 5 1
5 11 3 1
25 35 11 0
25 35 10 0
25 36 9 0
26 36 11 0
28 35 7 1
27 35 7 5
13 25 4 3
23 4 3 1
23 5 3 1
24 4 3 1
18 49 10 1
18 49 11 2
18 49 12 1
18 1 7 1
33 14 4 1
12 1 5 0
12 0 5 0
12 2 6 0
26 13 8 1
11 6 0 1
10 6 0 1
11 5 1 2
11 5 5 0
9 5 2 1
9 5 4 0
9 5 3 0
10 8 1 1
9 8 1 1
19 26 6 2
15 28 6 0
15 30 4 1
16 30 4 1
16 30 6 1
21 18 4 1
21 18 3 1
21 17 5 1
21 17 4 1
21 17 3 1
10 0 2 0
10 0 3 0
8 0 4 0
12 3 2 1
22 43 9 1
26 35 10 0
27 34 10 0
27 36 9 2
29 30 7 1
29 29 7 1
28 31 7 1
14 0 3 0
20 16 12 0
21 16 12 0
4 6 6 0
3 39 8 1
7 1 5 0
4 4 5 10
6 4 6 0
7 5 3 0
7 5 2 0
2 38 14 0
1 37 10 1
5 37 12 0
15 31 6 1
13 29 7 0
11 29 4 1
11 30 4 1
11 30 5 1
8 34 5 1
7 33 4 1
7 34 4 1
7 35 4 1
8 35 4 1
9 35 4 1
9 36 7 0
14 26 10 1
14 24 3 1
14 25 3 1
13 24 5 0
4 25 5 0
4 26 4 0
2 23 5 0
2 22 5 0
2 22 4 0
4 23 5 0
4 23 4 0
2 24 6 0
2 24 7 0
2 24 3 1
1 23 2 1
2 23 2 1
3 23 2 1
3 24 2 1
3 25 2 1
8 22 5 1
8 22 4 1
8 21 3 3
12 27 12 0
10 27 8 0
11 27 8 0
4 8 3 1
5 8 3 1
6 1 6 1
24 11 7 1
15 6 5 0
24 10 6 1
0 23 5 0
24 10 8 1
24 11 8 1
11 19 5 0
25 10 7 4
11 12 3 1
14 4 4 0
14 4 5 0
14 5 4 0
14 5 5 0
15 4 4 0
15 4 5 0
15 5 5 0
13 12 2 1
12 8 5 0
11 30 10 1
11 29 10 1
10 29 7 0
1 9 5 0
7 30 5 1
9 31 8 0
0 39 8 1
38 3 5 0
38 2 1 1
35 11 3 1
19 45 12 0
8 0 0 1
36 7 7 0
34 7 5 0
34 7 7 0
13 4 3 0
6 6 0 1
5 7 1 1
5 7 6 0
4 5 4 1
26 37 7 1
27 38 6 1
27 38 10 1
27 40 10 0
25 39 10 0
25 40 10 1
25 18 8 1
19 13 6 1
19 14 8 1
14 6 3 0
13 3 3 0
10 31 6 0
10 31 7 1
14 8 5 0
15 7 5 0
15 7 3 0
13 9 6 0
15 14 6 0
12 10 1 1
13 10 1 1
14 10 1 1
16 9 4 0
16 9 5 0
1 12 4 1
1 10 6 0
18 0 0 1
0 38 13 0
4 38 13 0
3 39 12 0
9 29 9 1
7 29 8 0
11 4 0 1
11 4 3 0
12 4 3 0
12 4 4 0
11 4 2 0
12 6 3 0
12 6 4 0
12 6 2 0
10 6 3 1
10 6 4 1
10 6 2 1
9 6 3 8
8 6 2 1
8 3 1 2
7 3 1 5
6 2 0 1
6 39 9 0
7 39 5 1
6 38 6 1
13 27 9 1
15 27 7 0
14 26 7 0
21 0 7 0
20 3 4 1
21 2 4 1
21 3 4 1
18 49 14 0
20 48 13 0
3 8 7 1
4 8 7 1
12 26 12 0
12 25 12 0
15 1 2 1
14 2 3 1
12 26 13 0
12 26 11 0
12 25 11 0
13 26 12 0
6 34 11 0
23 41 8 1
21 2 12 0
22 2 12 0
6 40 7 0
7 5 5 0
4 30 7 0
7 27 7 2
17 34 14 0
0 41 13 0
0 40 13 0
28 31 12 0
3 3 7 1
26 33 6 1
25 34 6 1
4 3 7 1
10 19 5 0
10 19 6 0
13 11 5 0
15 27 3 1
16 27 3 1
17 14 2 1
33 10 3 1
33 9 3 1
34 10 4 1
34 10 8 0
34 10 7 0
36 8 5 0
36 8 7 0
26 27 6 1
26 28 6 1
27 28 6 1
8 32 4 1
16 0 3 0
17 1 3 0
25 12 8 1
25 28 9 0
25 28 10 0
27 29 11 0
1 29 8 0
1 26 7 0
1 26 8 0
1 28 7 0
2 28 7 0
1 28 8 0
2 28 8 0
2 29 7 0
12 0 0 1
11 0 0 1
3 13 8 0
3 13 9 0
35 12 6 0
16 25 5 0
19 28 6 1
19 0 1 1
16 1 1 5
4 36 10 1
35 13 6 0
35 12 7 0
34 13 6 0
34 12 7 0
34 13 7 0
16 1 0 1
16 0 0 1
15 0 1 9
15 0 6 0
16 1 5 0
17 0 5 0
17 0 4 0
12 1 1 2
12 1 6 0
13 0 4 0
14 1 5 0
14 1 4 0
34 3 5 0
35 3 5 0
35 4 4 0
35 4 6 0
35 4 5 0
36 5 4 0
36 4 6 0
36 3 5 0
36 5 5 0
10 10 5 1
10 10 4 1
10 10 3 1
2 6 0 1
3 7 1 2
7 34 13 0
9 34 11 0
16 32 5 1
7 38 7 0
7 37 7 0
9 37 7 0
9 36 4 1
8 36 4 1
7 36 4 1
8 35 5 1
8 35 9 0
14 27 12 0
13 27 12 0
16 13 7 0
12 11 3 2
38 0 5 0
12 10 2 1
11 10 2 1
10 10 2 1
11 9 3 4
24 7 6 1
8 9 4 1
8 9 5 1
7 8 6 1
6 9 7 1
7 8 7 1
7 9 6 1
7 9 7 1
7 6 15 0
6 5 15 0
7 6 16 0
6 5 16 0
16 7 3 0
5 16 10 0
1 0 6 1
0 0 6 1
0 1 10 1
1 0 10 1
0 0 10 1
1 0 9 1
1 0 8 1
1 0 7 1
0 0 9 1
0 0 8 1
0 0 7 1
25 6 8 1
26 6 6 1
26 6 7 1
26 6 8 1
23 9 7 0
23 9 8 1
23 9 3 1
22 8 2 1
23 8 2 1
24 8 2 1
2 43 5 1
16 1 2 1
2 39 10 1
2 40 10 1
3 37 7 1
36 3 6 0
28 30 11 0
26 30 9 0
27 31 10 0
27 31 9 0
22 3 7 0
23 2 5 0
25 1 7 1
36 2 6 0
36 2 7 0
34 4 7 0
33 3 6 0
33 4 6 0
33 4 5 0
32 2 7 0
34 2 8 0
34 2 4 0
0 5 5 1
4 0 4 2
20 15 3 1
21 16 4 1
22 17 10 1
22 16 10 1
22 15 10 1
16 0 1 2
14 0 2 1
15 11 2 3
11 24 9 1
15 11 6 0
14 14 3 1
0 45 6 1
6 2 1 1
5 2 2 1
25 33 10 0
25 33 9 0
22 14 10 1
21 15 4 1
20 14 3 1
21 14 3 1
22 14 3 3
24 14 6 0
15 1 5 0
15 1 4 0
12 3 3 0
11 3 3 0
9 33 6 0
3 42 9 0
8 32 7 1
18 1 4 0
23 37 10 0
10 0 0 1
2 39 11 1
2 38 11 2
26 42 11 0
25 41 12 0
29 17 7 0
30 16 8 0
4 11 3 1
4 10 4 21
23 45 12 0
21 46 11 0
0 27 7 0
0 27 8 0
16 17 2 1
17 18 5 0
2 9 0 1
12 9 4 0
24 40 10 0
32 15 3 1
31 15 3 1
31 14 3 1
30 15 3 1
30 14 3 1
31 14 4 1
31 14 9 0
32 12 8 0
31 13 8 0
30 12 8 0
30 13 7 0
11 27 11 0
11 28 11 0
11 27 13 0
11 27 12 0
9 25 9 1
9 25 8 1
8 25 10 1
9 26 9 1
6 27 9 1
7 30 8 0
4 28 10 1
4 27 10 1
8 28 6 1
7 27 6 1
6 26 6 1
8 26 9 1
2 9 2 0
12 9 1 1
15 1 3 0
20 1 2 1
20 1 1 1
19 1 0 1
19 1 1 2
20 2 0 1
14 0 0 1
9 3 6 0
6 3 5 0
6 2 4 1
0 16 7 1
0 16 6 1
18 0 4 0
12 4 5 0
13 3 5 0
28 28 10 0
28 29 8 1
5 37 10 1
6 37 10 1
5 39 10 0
5 39 6 1
12 8 0 1
13 8 0 1
26 34 7 4
26 33 7 3
27 34 8 3
13 33 6 1
8 32 5 1
8 33 4 1
6 29 7 1
7 37 5 1
7 38 5 1
7 38 9 0
7 39 8 0
7 39 9 0
1 15 11 1
28 26 10 0
20 14 10 1
21 14 10 1
10 27 12 0
10 27 13 0
19 16 9 1
20 15 5 0
24 41 12 0
24 41 13 0
24 41 9 3
22 0 3 1
2 39 13 0
2 39 12 0
1 39 13 0
31 23 5 1
31 22 5 1
30 23 5 1
21 16 11 0
16 32 4 1
15 32 6 1
15 32 5 1
15 32 4 1
14 32 4 1
13 30 7 1
15 0 3 0
2 8 8 0
32 2 5 0
32 1 7 0
32 1 5 0
34 1 8 0
34 1 4 0
35 3 7 0
34 3 7 0
33 2 6 0
32 3 6 0
33 3 7 0
33 2 5 0
33 3 5 0
1 42 10 1
1 41 10 1
17 26 3 1
32 3 7 0
32 3 5 0
34 3 8 0
14 18 4 2
19 12 7 1
4 10 14 1
5 9 14 1
5 10 14 1
20 12 6 1
20 12 7 3
20 12 8 1
3 9 16 0
3 9 17 0
3 9 15 0
2 8 16 0
2 9 16 0
2 9 17 0
2 8 15 0
2 9 15 0
3 41 8 0
4 40 9 0
13 9 2 1
16 21 3 1
15 21 3 1
16 22 4 2
15 20 4 1
14 21 4 1
13 22 4 1
13 22 7 1
14 21 6 2
14 20 5 1
14 20 4 1
13 21 6 1
13 21 5 1
13 21 4 1
13 20 5 1
13 20 4 1
31 16 4 1
31 15 4 1
32 16 5 1
31 16 7 0
30 16 6 0
31 17 7 0
32 16 7 0
29 20 9 0
29 20 8 0
29 22 7 0
23 43 9 1
22 43 11 1
31 22 7 0
29 26 6 1
29 27 6 1
30 25 6 1
32 22 9 0
31 21 5 1
31 21 7 1
10 0 4 0
18 3 1 1
18 3 2 1
19 0 2 1
17 1 2 1
16 0 2 0
5 2 3 7
22 2 11 0
5 2 1 1
6 0 4 4
11 0 2 1
18 46 11 0
3 13 11 0
4 13 10 0
4 12 10 0
4 13 11 0
6 13 10 3
6 12 9 1
6 12 10 1
23 4 5 0
23 3 6 0
23 4 6 0
22 4 5 0
3 0 4 1
21 3 8 1
21 3 7 2
21 3 6 1
20 3 8 1
20 3 7 1
20 3 6 4
10 5 5 0
10 2 5 0
2 8 0 1
36 1 7 0
35 2 6 0
35 2 7 0
34 2 7 0
33 1 6 0
32 2 6 0
33 2 7 0
28 26 8 0
5 40 8 0
12 7 1 4
12 7 5 0
11 8 4 1
10 9 5 1
9 9 5 1
10 8 4 6
12 9 3 1
25 4 5 1
13 8 3 0
13 8 4 0
19 19 5 0
18 19 5 0
14 22 5 1
14 25 6 0
14 0 4 0
21 15 9 1
31 16 6 0
22 13 4 1
22 12 4 1
21 13 4 1
21 12 4 1
20 13 4 1
20 12 4 1
0 10 9 0
1 9 8 0
0 8 8 0
1 9 9 0
0 9 9 0
0 9 8 0
1 8 8 0
1 8 9 0
3 7 7 1
3 7 8 1
34 4 8 0
32 4 5 0
32 4 7 0
32 4 6 0
18 22 9 1
18 21 9 1
17 21 8 1
4 10 5 2
10 11 4 1
11 11 2 1
12 11 2 1
15 7 4 0
29 35 10 0
29 35 11 0
0 10 15 0
1 9 15 0
1 10 17 0
0 10 16 0
20 3 12 0
20 2 12 0
21 3 11 0
22 3 11 0
24 35 11 0
7 39 7 0
7 30 6 2
7 30 7 1
7 7 5 0
7 7 4 1
1 40 10 1
1 39 10 1
1 38 10 1
2 40 9 1
2 40 8 1
6 0 5 2
6 1 5 1
7 4 4 0
4 2 2 1
3 2 2 1
11 29 14 0
12 27 11 0
12 27 13 0
6 37 5 1
29 28 10 0
30 30 9 0
11 5 4 0
11 5 2 0
10 5 3 1
10 5 4 0
10 3 5 0
10 3 1 6
9 4 0 1
0 32 6 1
11 2 0 1
11 3 0 1
31 24 10 0
31 26 9 0
28 25 10 0
20 48 9 1
10 34 10 1
21 30 8 1
21 30 9 0
21 30 7 1
22 29 9 0
23 28 9 0
24 29 9 0
26 27 7 1
23 30 9 0
23 30 10 0
2 11 4 0
3 12 3 1
5 12 5 1
5 12 4 1
6 37 9 0
5 33 9 1
6 34 9 2
17 30 5 1
1 6 4 3
5 8 5 0
14 16 4 1
15 15 2 1
15 16 2 1
2 16 9 1
2 17 9 1
3 15 9 1
3 16 9 2
3 17 9 1
5 15 11 0
4 15 11 0
4 15 12 0
5 15 10 0
18 21 7 1
7 6 6 0
7 6 1 1
1 42 6 1
5 5 6 0
30 21 7 0
1 9 6 0
2 8 5 0
3 8 4 0
1 7 5 1
1 8 5 0
1 7 4 1
1 8 4 0
0 34 10 1
0 34 9 1
0 34 8 1
0 33 10 1
0 33 9 1
0 33 8 1
0 32 10 1
0 32 9 1
0 32 8 1
30 14 4 1
30 15 4 1
30 16 4 1
27 24 5 1
27 25 5 1
28 24 5 1
28 25 5 1
29 26 8 0
29 27 8 0
16 0 7 1
17 0 7 1
16 22 5 0
16 22 6 0
12 27 6 1
25 41 10 1
0 16 5 1
24 38 10 0
18 20 9 2
19 20 9 1
11 25 4 1
14 27 7 0
18 19 4 4
6 38 7 0
3 0 1 1
20 46 11 1
9 33 12 0
8 33 12 0
6 34 14 0
8 33 11 0
7 33 13 0
8 32 12 0
21 2 11 0
28 25 8 0
31 23 10 0
28 24 8 0
8 35 11 0
12 33 5 1
18 20 11 0
17 20 12 0
20 15 6 1
15 22 5 1
15 21 5 1
15 22 6 1
5 7 16 0
15 21 6 1
18 4 11 0
1 28 9 0
1 28 6 0
1 28 5 0
4 28 7 0
6 14 10 0
6 3 6 1
4 16 10 1
4 16 11 1
1 43 11 0
1 41 9 0
13 34 13 0
14 34 15 0
14 34 14 0
11 33 8 1
12 33 7 1
12 33 8 1
10 26 6 0
11 25 7 0
11 25 6 0
12 24 6 0
13 25 7 0
13 25 6 0
12 25 10 1
14 24 6 0
11 24 10 1
12 24 10 1
23 32 6 1
21 29 8 0
21 29 9 0
21 29 7 1
22 28 8 0
21 28 8 0
22 28 9 0
22 28 7 1
23 27 9 0
24 28 9 0
23 29 10 0
22 28 6 6
22 29 6 1
22 30 6 1
6 9 16 1
31 20 8 0
31 20 7 0
2 43 6 1
24 42 8 1
6 5 14 0
6 5 18 0
6 5 17 0
4 3 15 0
5 4 15 0
4 3 16 0
5 4 16 0
4 5 15 0
4 5 16 0
4 6 15 0
4 6 16 0
6 6 15 0
6 7 16 0
6 6 16 0
7 10 5 1
7 10 4 1
7 10 3 1
7 6 4 0
9 1 4 0
4 4 2 1
5 3 5 11
1 6 3 2
3 10 3 1
5 11 7 1
4 11 7 1
26 7 7 1
26 7 6 1
22 3 4 2
12 27 5 3
12 27 4 1
12 26 6 1
12 26 5 3
0 5 4 1
7 2 6 0
5 2 0 1
1 7 2 1
20 26 6 1
20 25 4 1
8 22 3 1
8 23 3 1
9 21 3 3
9 21 4 5
9 22 3 1
9 23 3 1
9 23 4 1
9 23 5 1
7 23 5 0
7 23 4 0
5 20 4 0
6 20 5 0
6 20 4 0
8 21 5 0
8 27 8 1
7 27 8 4
25 14 8 1
3 7 6 0
23 41 10 1
24 40 11 0
21 6 5 1
4 25 2 1
0 9 2 0
0 9 6 0
1 7 0 1
5 23 5 0
6 23 5 0
5 23 4 0
6 23 4 0
5 25 5 0
7 22 5 1
6 22 4 0
7 22 4 1
6 24 5 0
6 24 4 0
5 21 5 0
5 20 5 0
5 21 4 0
6 21 5 0
6 21 4 0
5 22 6 0
5 22 7 0
5 22 3 1
4 21 2 1
5 21 2 1
6 21 2 1
6 22 2 1
6 23 2 1
25 38 10 0
7 2 5 0
11 31 9 1
10 30 10 1
10 31 10 1
10 32 10 1
11 32 10 1
12 32 10 1
29 29 8 0
28 28 9 0
27 29 9 0
19 1 13 0
27 28 7 2
18 0 12 0
19 0 12 0
19 0 11 0
17 1 12 0
17 1 11 0
19 1 12 0
1 29 7 0
0 28 7 0
0 13 15 2
0 13 16 2
0 13 17 2
0 13 18 1
0 14 18 1
0 11 17 0
1 13 17 1
1 12 18 1
1 13 18 1
1 14 18 1
1 12 14 1
25 2 5 1
25 2 6 1
19 49 12 0
21 49 13 0
22 4 7 1
22 4 4 1
21 3 3 1
21 4 3 1
2 7 3 1
2 7 2 1
20 9 12 0
25 26 8 1
19 10 12 0
20 10 12 0
14 15 2 1
15 15 3 2
15 14 5 0
15 14 4 3
24 20 7 1
7 0 4 1
24 21 7 1
1 6 7 1
1 5 7 3
1 5 6 2
1 4 7 1
1 4 6 1
2 5 6 9
2 4 5 1
2 4 4 1
2 4 3 1
1 5 5 1
23 40 13 0
23 40 9 0
4 14 12 0
4 14 9 0
4 14 8 0
7 36 7 0
8 37 8 0
8 37 7 0
23 45 9 3
23 45 11 0
11 30 11 0
7 31 9 1
7 30 9 1
8 31 14 0
10 30 11 0
18 2 7 1
1 6 10 1
3 41 10 0
2 39 6 1
17 34 13 0
17 34 15 0
18 34 13 0
13 18 4 2
18 34 14 0
17 35 14 0
16 34 13 0
16 34 15 0
16 34 14 0
15 34 13 0
0 39 10 1
21 26 3 1
13 2 4 0
19 22 5 0
19 22 6 0
18 23 5 0
3 36 8 1
6 35 7 0
29 23 8 0
30 23 9 0
30 22 9 0
30 24 8 0
30 23 8 0
20 49 13 0
20 49 11 0
19 48 13 0
19 47 12 0
10 30 7 0
3 10 4 0
5 9 3 5
4 10 3 1
20 1 7 1
12 6 0 1
13 12 3 1
14 10 6 0
14 10 2 3
13 11 1 1
14 11 1 1
0 47 11 0
1 47 10 0
2 40 12 0
3 40 12 0
2 40 13 0
24 38 12 0
24 40 12 0
24 40 13 0
24 40 9 5
23 39 8 1
12 32 6 1
12 32 8 1
10 9 2 1
10 9 3 1
4 38 5 1
5 37 9 1
3 6 3 1
3 6 2 1
27 35 12 0
17 16 9 1
25 41 9 1
22 3 8 1
21 4 5 0
35 8 7 0
34 8 5 0
33 6 6 0
35 10 7 0
35 10 5 0
34 9 6 0
16 15 7 0
34 9 5 0
33 8 6 0
23 36 11 0
23 35 10 0
23 35 11 0
23 33 11 0
25 35 12 0
25 35 8 0
22 17 5 0
22 18 6 0
19 12 8 1
19 13 7 1
19 13 8 1
32 16 4 1
31 17 4 1
32 20 5 1
32 20 4 1
21 7 7 4
21 6 7 1
21 5 7 2
19 7 11 0
22 7 12 0
22 7 11 0
21 6 12 0
34 6 7 0
13 6 4 0
13 7 3 0
17 30 4 1
20 46 9 1
13 3 4 0
2 8 9 1
2 7 9 1
31 28 9 0
30 28 6 1
0 7 7 1
12 32 4 1
7 37 8 0
27 36 6 1
26 38 11 0
26 38 9 1
16 16 6 0
15 13 6 0
18 13 6 0
3 7 3 1
5 1 2 1
5 1 1 1
4 1 3 1
2 12 5 0
19 15 5 0
17 33 14 0
24 0 7 1
13 3 1 2
12 3 1 3
16 4 1 1
16 4 0 1
15 4 1 1
15 4 0 1
5 4 2 1
28 38 9 1
28 38 8 1
20 40 10 0
22 41 13 0
2 42 9 0
22 41 8 2
21 40 7 1
21 41 7 1
21 42 7 1
0 6 2 1
0 5 2 1
18 17 5 0
17 16 6 1
16 26 8 1
15 27 9 1
16 27 9 1
16 26 4 1
15 2 3 1
16 2 1 3
20 41 12 0
20 41 10 0
20 40 11 0
1 14 6 1
30 22 5 1
29 23 5 1
2 5 8 1
2 6 8 1
0 10 7 0
2 10 7 0
2 10 8 0
2 8 7 0
35 0 6 0
4 32 6 1
4 32 7 1
7 26 6 1
2 12 9 0
17 26 6 1
16 27 4 1
0 29 8 0
18 22 3 1
26 41 9 1
29 28 6 1
11 26 15 0
12 24 14 0
12 24 13 0
7 26 7 1
7 26 8 1
8 26 6 1
8 26 7 1
8 26 8 1
8 27 6 1
15 8 4 0
10 28 8 0
10 29 8 0
8 30 8 0
10 26 7 0
11 25 8 2
11 25 9 1
11 25 10 1
11 26 8 1
14 21 12 0
11 26 10 1
11 27 10 1
9 27 10 1
9 28 10 1
9 29 10 1
8 28 4 1
9 27 3 1
9 28 3 1
9 29 3 1
37 2 1 1
31 20 5 1
31 20 4 1
9 33 4 1
11 33 10 1
10 33 10 1
13 31 6 1
0 43 9 0
0 41 11 1
9 25 13 0
9 25 14 0
9 25 12 0
8 24 13 0
8 24 14 0
8 24 12 0
9 23 13 0
9 23 14 0
9 23 12 0
10 23 13 0
10 22 13 0
10 22 14 0
10 22 12 0
11 23 13 0
21 13 12 0
21 13 11 0
19 12 12 0
10 24 12 0
19 12 11 0
19 13 11 0
18 13 12 0
18 13 11 0
18 14 12 0
21 14 12 0
20 14 12 0
21 14 11 0
19 16 11 0
2 8 6 0
11 9 2 1
10 8 2 1
10 7 4 4
9 9 4 1
9 9 3 1
9 9 2 1
10 8 3 5
12 8 4 0
12 8 3 0
16 16 2 1
7 8 3 4
8 9 7 1
8 9 6 1
8 8 7 1
13 0 6 0
0 42 14 0
1 40 13 0
13 14 3 1
12 14 5 1
12 4 2 0
35 8 3 1
34 8 2 1
34 9 2 1
35 8 2 1
35 9 2 1
36 8 2 1
36 9 2 1
36 10 6 0
36 10 7 0
33 11 5 0
33 10 6 0
6 8 7 1
37 6 7 0
19 20 3 1
17 14 11 0
18 15 12 0
18 14 11 0
19 15 11 0
19 14 11 0
19 15 12 0
14 33 15 0
5 33 11 0
6 34 12 0
7 34 12 0
6 34 13 0
33 8 7 0
6 8 3 3
22 5 3 1
24 5 3 1
20 7 5 1
19 3 5 2
19 3 6 1
29 25 6 1
9 26 3 1
10 26 3 1
30 29 9 0
30 28 10 0
30 29 8 0
29 29 9 0
29 29 10 0
18 0 7 1
13 2 3 0
12 2 3 0
8 5 15 0
7 5 16 0
7 5 15 0
5 5 16 0
5 5 15 0
6 3 16 0
5 3 16 0
8 23 5 0
5 3 15 0
7 3 17 0
7 3 18 0
7 3 14 0
0 16 4 1
17 27 9 1
2 40 7 1
8 14 13 1
0 25 4 0
1 25 4 0
1 25 5 0
1 27 4 0
1 28 4 2
1 28 3 1
1 29 3 1
1 29 4 1
1 29 5 1
2 27 3 1
2 28 3 1
16 31 14 0
6 11 8 1
6 10 8 1
5 11 8 2
5 10 8 1
3 12 9 0
0 13 11 1
0 13 10 1
0 13 9 1
5 0 2 20
3 4 5 3
36 5 6 0
18 26 3 1
30 12 6 0
32 12 6 0
32 12 7 0
28 31 11 0
29 30 11 0
28 29 11 0
21 7 6 1
21 7 8 1
22 7 6 1
22 7 7 3
22 7 8 1
23 7 8 1
16 31 15 0
31 18 5 1
31 18 9 0
23 1 5 0
33 17 8 0
22 0 7 1
30 17 8 0
29 18 6 0
30 18 8 0
0 14 17 1
0 14 16 1
0 14 15 1
1 13 16 1
2 11 15 0
1 10 15 0
2 11 17 0
2 11 16 0
1 10 16 0
8 10 4 1
8 10 5 1
25 37 11 0
33 5 3 1
33 5 8 0
33 5 7 0
31 5 5 0
26 37 10 0
31 5 6 0
32 7 5 0
32 6 7 0
32 7 6 0
33 7 5 0
18 6 11 0
20 5 11 0
19 4 11 0
20 5 12 0
30 18 7 0
29 18 7 0
2 5 10 1
10 28 4 1
6 38 8 0
6 6 17 0
5 8 17 0
5 8 15 0
4 7 16 0
4 8 16 0
4 8 17 0
4 8 15 0
3 8 16 0
4 9 11 1
4 10 11 1
4 11 11 1
5 9 10 1
9 27 13 0
10 28 11 0
22 14 5 0
22 14 6 0
21 14 5 0
13 26 10 1
22 13 8 1
13 27 10 1
17 26 9 1
16 25 4 1
6 32 10 1
6 33 9 1
31 24 5 1
30 24 5 1
1 9 4 0
0 8 5 0
0 9 5 0
0 8 4 0
18 49 13 0
18 48 12 0
18 48 13 0
18 46 12 0
6 18 12 0
4 8 5 0
12 5 5 0
14 6 4 0
36 4 5 0
5 16 13 0
7 15 10 0
0 24 5 0
23 12 3 1
22 11 2 1
23 11 2 1
24 11 2 1
1 44 11 0
24 13 2 1
7 36 10 1
25 11 5 0
21 14 7 1
21 14 8 1
19 10 6 1
19 10 7 1
9 8 4 1
8 6 5 1
8 7 5 1
16 23 6 0
1 42 9 0
4 38 10 1
4 39 10 1
3 38 7 1
2 37 6 1
2 38 6 1
20 2 7 2
20 2 6 3
20 1 6 2
8 2 5 0
8 0 1 2
32 20 6 2
21 41 10 0
21 40 11 0
21 40 12 0
4 9 5 0
18 19 13 0
19 18 12 0
19 17 11 0
18 17 12 0
18 18 12 0
16 18 12 0
16 17 11 0
9 21 13 0
20 19 11 0
19 19 11 0
6 39 5 1
4 1 6 1
3 1 5 1
3 1 4 1
3 0 5 1
24 39 11 0
9 21 12 0
8 21 13 0
8 21 12 0
7 22 13 0
8 22 13 0
7 22 12 0
8 22 12 0
8 23 13 0
8 23 12 0
9 24 12 0
11 24 12 0
10 23 12 0
11 22 13 0
11 22 12 0
20 19 9 1
19 18 4 1
17 27 6 1
20 25 6 1
20 25 5 1
19 25 4 1
16 26 3 1
4 9 4 0
24 11 6 0
22 11 5 0
22 11 6 1
9 28 8 1
9 28 9 1
9 29 8 1
21 10 6 1
22 4 3 1
20 10 7 1
6 10 6 1
6 9 6 5
6 8 6 1
5 9 5 2
6 10 5 1
6 10 4 1
7 19 9 0
7 19 10 0
9 18 12 0
9 18 11 0
7 17 12 0
7 18 12 0
7 17 11 0
7 18 11 0
7 32 12 0
26 40 10 0
26 40 11 0
27 39 11 0
6 18 11 0
5 19 12 0
6 19 12 0
5 19 11 0
6 19 11 0
6 20 12 0
7 21 11 0
17 17 4 2
28 36 6 1
0 24 4 0
0 27 5 0
0 27 4 0
0 26 5 0
0 26 4 0
0 30 4 1
0 30 3 1
0 30 2 1
0 29 2 1
0 28 2 1
0 34 7 1
0 34 6 1
0 33 7 1
0 33 6 1
0 32 7 1
10 4 0 1
30 18 5 1
25 30 11 0
2 11 5 0
25 16 8 1
25 16 7 1
25 16 6 1
25 15 8 1
25 15 7 1
25 15 6 1
24 17 8 1
24 16 8 1
24 15 8 1
24 16 7 2
23 16 6 0
22 16 6 0
14 28 8 1
21 46 12 0
1 37 7 1
7 4 3 0
9 4 2 0
9 4 4 0
9 4 3 0
7 5 6 0
6 2 7 1
5 3 7 1
4 12 4 1
9 32 5 2
9 32 6 1
22 4 12 0
21 4 12 0
21 4 11 0
19 8 11 0
20 8 11 0
26 35 9 0
26 35 11 0
11 1 4 0
8 31 5 1
7 31 6 3
7 31 5 1
5 38 11 0
3 2 5 1
3 2 4 1
1 38 8 2
12 14 4 1
12 14 3 1
6 41 8 0
5 40 9 0
2 15 9 1
21 7 5 1
21 5 6 3
21 5 8 1
22 5 6 1
22 5 7 1
22 5 8 1
23 5 8 1
22 6 5 0
23 5 6 0
4 38 8 1
20 13 9 0
20 13 11 0
22 47 11 1
6 16 11 0
5 16 12 0
22 47 10 1
22 47 9 1
22 46 9 1
21 47 11 1
21 47 10 1
19 4 12 0
16 13 5 0
28 31 8 3
27 32 7 8
3 5 5 2
4 6 3 5
20 45 12 0
3 3 3 1
3 3 4 1
7 14 10 1
6 14 12 1
6 12 8 1
6 13 8 1
20 45 13 0
20 47 13 0
20 47 14 0
7 14 8 1
2 39 8 3
2 39 9 2
14 30 6 1
14 30 5 2
14 30 4 1
17 30 6 1
19 17 9 1
3 17 8 1
4 16 8 1
4 17 8 1
3 15 11 1
1 13 8 3
1 14 8 1
3 5 7 1
3 5 3 2
2 15 8 1
3 15 8 1
0 12 9 1
0 12 10 1
0 12 11 1
7 35 9 1
20 0 0 1
19 2 2 1
0 14 9 1
0 14 10 1
0 14 11 1
0 12 12 1
0 13 12 1
8 32 9 1
7 36 9 0
7 36 5 1
6 35 4 1
6 36 4 1
8 37 4 1
8 38 7 0
8 38 8 0
16 14 6 0
16 14 7 0
2 11 9 0
3 11 10 0
3 11 9 0
5 11 10 2
5 10 9 1
5 10 10 1
5 10 11 1
6 10 9 1
6 10 10 1
6 10 11 1
6 11 9 1
6 11 10 1
6 11 11 1
5 11 11 1
4 10 12 1
5 10 12 1
5 11 12 1
6 10 12 1
6 11 12 1
5 11 9 2
4 10 8 3
6 32 5 1
6 32 6 1
6 32 7 1
6 33 5 1
6 33 6 2
6 33 7 2
7 33 5 1
7 33 6 1
24 17 6 1
19 11 6 1
19 11 7 1
19 11 8 1
20 11 6 1
20 11 7 2
20 11 8 1
2 8 17 0
2 8 18 0
2 8 14 0
11 1 6 0
16 10 4 0
9 32 11 0
9 32 13 0
4 3 4 6
8 10 2 1
7 10 2 1
15 17 3 1
11 9 5 1
11 10 3 3
2 14 8 2
12 26 10 1
14 25 12 0
7 36 8 0
6 36 7 0
9 36 8 0
14 25 10 1
15 23 6 0
9 30 14 0
9 30 13 0
11 29 11 0
11 29 13 0
11 29 12 0
10 29 12 0
9 28 11 0
9 28 13 0
9 28 12 0
8 29 13 0
9 29 12 0
9 30 12 0
2 22 7 0
2 22 6 0
4 22 8 0
4 22 9 0
29 15 4 1
29 16 4 1
4 43 9 0
27 34 12 0
3 42 10 0
27 34 11 0
25 34 9 0
25 34 11 0
25 34 10 0
27 27 9 0
19 24 6 0
32 21 6 1
10 1 0 1
0 15 4 1
27 41 9 1
9 26 7 0
16 5 0 1
16 6 0 1
16 7 0 1
4 6 5 0
4 6 4 1
20 13 5 1
3 25 7 0
3 25 6 0
2 23 7 0
1 23 7 0
2 23 6 0
2 21 7 0
2 21 6 0
3 23 8 0
3 23 9 0
12 25 7 1
12 25 8 1
35 10 3 1
35 9 3 1
1 13 4 18
13 23 9 1
14 24 10 1
23 49 11 3
16 14 4 1
16 15 4 1
16 14 5 0
15 17 2 1
2 38 8 1
2 38 9 1
2 38 10 1
27 39 10 1
15 16 6 0
1 15 12 1
24 36 10 0
5 16 9 0
1 23 6 0
12 3 0 1
22 41 10 0
7 14 13 1
20 2 4 1
21 1 4 2
23 2 7 1
24 2 5 1
24 2 6 3
24 2 7 1
4 25 7 0
4 25 6 0
2 25 7 0
2 25 6 0
0 23 7 0
1 22 7 0
23 43 12 0
20 44 12 0
21 44 12 0
20 47 11 1
19 16 4 1
19 16 3 1
19 16 2 1
19 15 4 1
19 15 3 1
21 41 9 1
22 42 10 1
23 41 12 0
23 42 11 0
23 41 11 0
24 42 10 1
24 41 10 1
19 49 10 1
19 46 12 0
19 46 13 0
19 45 13 0
21 44 13 0
22 45 13 0
21 46 13 0
21 46 14 0
21 46 10 1
12 0 2 1
12 34 5 1
11 34 7 1
11 34 6 1
11 34 5 1
11 33 5 1
12 32 7 1
17 12 4 0
17 13 4 0
38 1 6 0
36 1 6 0
35 1 6 0
36 2 5 0
21 49 12 0
34 3 6 0
16 49 13 0
20 18 6 0
3 7 2 1
32 17 7 0
23 3 5 0
21 3 5 1
3 43 10 0
22 42 12 0
8 5 6 0
18 13 5 0
11 7 4 0
11 0 1 4
12 10 4 5
14 3 1 1
19 14 9 0
0 15 14 1
16 17 12 0
17 16 11 0
17 16 12 0
11 5 0 1
9 6 2 2
9 6 4 4
9 7 4 5
9 7 3 5
9 7 2 2
8 7 4 1
8 7 3 6
8 7 2 1
8 6 4 1
8 6 3 3
15 12 5 0
15 12 4 0
20 10 8 1
20 10 6 1
21 11 7 2
21 11 6 1
20 14 8 1
20 14 7 1
19 14 7 1
24 16 6 1
23 16 8 1
24 13 5 0
26 12 8 1
26 12 7 1
26 12 6 1
21 47 14 0
21 47 15 0
1 15 5 1
22 44 10 2
22 44 13 0
24 42 9 1
24 43 9 1
9 34 12 0
9 33 11 0
8 34 12 0
3 3 5 1
4 3 6 2
3 2 6 1
3 2 7 1
3 3 6 1
6 3 0 1
7 4 1 4
0 29 3 1
4 26 3 1
3 28 4 1
3 28 3 1
3 27 3 1
3 27 4 1
3 25 5 0
3 25 4 0
2 24 5 0
2 24 4 0
2 26 5 0
2 26 4 0
1 26 4 0
6 5 5 0
22 16 5 0
23 16 5 0
19 14 6 1
32 13 3 1
24 10 7 1
32 15 7 0
33 3 1 1
33 2 1 1
0 28 4 1
1 26 5 0
2 25 5 0
2 25 4 0
0 26 2 1
0 25 2 1
0 24 2 1
6 15 10 0
1 24 4 0
2 29 5 1
2 29 4 1
2 29 3 1
2 28 4 1
7 2 2 1
7 2 3 1
20 0 1 1
3 10 5 0
7 1 4 1
0 1 8 1
0 1 7 1
0 1 6 1
20 49 12 0
20 48 12 0
2 42 5 1
3 5 2 1
20 11 9 0
20 17 5 1
36 6 6 0
6 1 4 1
4 1 4 1
5 1 4 3
4 0 5 1
4 1 5 1
5 0 5 1
5 1 5 1
19 10 8 1
22 10 6 1
6 0 0 1
6 1 0 1
7 0 0 1
21 8 6 1
21 8 7 2
23 9 6 0
23 9 5 0
24 9 6 0
6 10 3 1
10 32 8 2
18 24 5 0
18 24 6 0
1 12 7 1
1 12 16 0
1 12 17 0
0 11 15 0
0 15 15 1
0 15 16 1
0 15 17 1
0 15 18 1
14 7 5 0
14 9 4 0
15 0 7 1
25 39 8 1
29 32 9 1
29 32 11 0
2 14 7 1
2 14 6 1
2 13 7 1
5 0 4 6
5 0 3 18
24 34 10 0
27 34 9 0
23 49 14 0
17 36 14 0
17 37 15 0
17 36 15 0
18 36 14 0
18 36 15 0
19 20 5 1
19 20 4 3
19 19 3 1
2 36 10 1
2 37 8 1
2 37 9 1
13 28 6 1
13 28 5 1
13 28 4 1
32 5 5 0
32 5 7 0
33 5 6 0
35 5 7 0
20 24 5 0
6 5 2 1
14 4 0 1
14 4 1 3
4 7 3 1
21 0 3 1
16 16 4 5
14 13 5 0
22 3 3 1
10 2 0 1
10 3 0 1
31 26 10 0
31 26 8 0
31 27 9 0
24 7 7 1
11 25 13 0
24 8 3 1
23 0 7 1
24 0 5 1
24 0 6 1
18 1 5 1
4 35 9 1
18 1 2 1
21 0 5 1
19 19 12 0
19 45 11 1
19 45 9 1
29 26 7 1
28 25 6 1
28 26 6 1
28 27 6 1
14 16 3 2
25 33 11 0
25 31 11 0
24 32 9 0
13 2 1 4
1 40 7 1
0 6 5 1
0 6 4 1
19 3 8 1
19 2 8 1
19 1 8 1
19 1 7 1
21 2 5 1
0 6 3 1
7 4 6 0
5 4 4 1
8 2 1 2
2 4 10 1
1 5 10 1
1 4 10 1
0 4 10 1
5 24 5 0
5 24 4 0
4 25 4 0
3 22 5 0
3 22 4 0
4 22 5 0
4 22 4 0
3 24 6 0
3 24 7 0
3 24 3 1
4 23 2 1
4 24 2 1
15 22 12 0
35 11 6 0
15 21 11 0
15 21 12 0
16 22 11 0
17 21 11 0
16 22 12 0
17 21 12 0
15 23 13 0
5 25 4 0
4 21 5 0
4 21 4 0
5 22 5 0
5 22 4 0
4 23 6 0
4 23 7 0
4 23 3 1
3 22 2 1
4 22 2 1
5 22 2 1
5 23 2 1
5 24 2 1
2 8 1 1
0 7 5 0
0 7 4 0
4 5 7 1
5 11 2 1
4 11 2 1
3 5 0 1
4 6 1 1
6 14 11 0
16 23 7 1
16 22 7 1
15 24 7 1
22 15 6 0
1 10 3 0
11 12 5 1
14 9 5 0
14 5 1 1
9 7 5 1
18 2 0 1
16 3 4 0
11 12 4 1
4 13 8 0
6 12 7 1
17 5 3 0
5 6 4 0
24 37 10 0
6 22 5 0
11 21 5 1
12 15 5 0
13 16 4 0
13 16 5 0
13 17 4 0
13 17 5 0
13 16 3 1
14 16 5 0
12 18 5 0
12 16 5 0
12 16 4 0
13 5 5 0
17 7 3 0
12 20 5 1
11 20 5 1
17 8 3 0
9 22 4 1
9 21 5 1
11 21 3 1
11 20 3 3
10 21 3 1
10 20 3 3
6 7 5 0
5 7 5 0
28 27 9 0
5 7 4 1
28 27 8 1
25 30 6 1
26 31 7 4
26 31 12 0
26 29 11 0
25 30 9 0
25 30 10 0
24 31 9 0
24 31 11 0
14 22 4 1
32 18 8 0
29 19 8 0
11 23 12 0
10 24 15 0
16 25 6 0
10 35 8 0
8 36 7 0
8 35 8 0
8 36 8 0
6 40 8 0
6 40 9 0
7 21 5 0
7 20 5 0
7 21 4 0
7 20 4 0
6 22 6 0
6 22 7 0
6 22 3 1
7 21 2 1
7 22 2 1
7 23 2 1
15 7 0 1
15 6 0 1
15 5 0 1
14 7 0 1
14 6 0 1
14 5 0 1
15 6 6 0
17 48 11 1
16 5 5 0
16 5 4 0
11 12 2 1
12 12 5 1
12 12 4 1
19 28 5 1
15 6 1 2
14 6 1 1
15 7 6 0
16 6 5 0
17 5 4 0
16 6 4 0
12 12 2 1
15 5 4 0
12 12 3 1
14 8 3 0
15 7 1 1
15 8 6 0
17 6 5 0
17 6 4 0
23 10 8 1
15 6 4 0
0 13 7 1
3 3 2 1
26 4 6 1
29 20 10 0
6 10 14 1
6 9 14 1
6 8 14 1
30 19 9 0
25 5 8 1
19 1 10 0
19 0 3 1
28 34 9 1
6 9 3 4
8 33 13 0
9 33 13 0
18 1 6 1
0 40 9 1
31 27 8 0
9 0 2 0
8 1 3 0
20 47 12 0
0 44 9 0
25 6 5 0
12 3 5 0
23 7 3 1
20 14 11 0
20 15 12 0
19 16 13 0
19 16 8 1
18 15 7 1
18 0 5 1
10 27 14 0
11 26 14 0
12 26 14 0
18 15 4 0
18 15 6 0
18 15 5 0
17 15 2 1
16 14 3 6
19 16 5 0
9 2 5 0
6 3 2 1
34 11 6 0
19 23 6 0
16 21 6 0
19 1 6 3
19 2 4 1
19 2 5 1
19 2 6 2
20 1 0 1
11 22 5 1
11 22 4 1
19 3 0 1
19 2 0 1
18 3 0 1
10 33 7 1
11 20 4 5
11 32 8 2
21 48 13 0
21 48 11 0
19 48 12 0
19 47 13 0
17 47 10 1
17 48 10 1
16 5 3 0
17 48 12 1
17 49 10 1
11 21 4 1
12 21 4 1
4 17 11 1
14 11 4 0
14 10 5 0
14 10 4 0
12 17 3 2
21 13 8 1
7 6 2 1
21 15 6 0
21 15 5 0
13 2 6 0
28 30 8 2
10 26 13 0
19 7 12 0
11 29 8 1
9 30 8 0
9 29 7 1
8 32 6 1
12 0 1 3
20 43 12 0
7 19 13 0
7 19 12 0
7 20 12 0
6 21 11 0
6 21 13 0
6 21 12 0
7 22 11 0
7 21 12 0
8 23 11 0
10 21 11 0
38 4 5 0
38 4 6 0
38 4 4 0
31 23 9 0
32 23 8 0
10 6 5 1
10 7 5 1
34 7 6 0
18 21 11 0
16 24 7 1
9 21 6 0
9 21 8 0
10 21 7 0
9 5 1 1
18 20 7 1
11 28 13 0
12 28 14 0
17 17 8 4
10 7 2 1
11 6 5 0
15 29 3 1
2 11 11 0
5 9 9 1
5 9 8 1
5 8 9 1
5 8 8 1
4 8 8 1
4 9 8 1
5 31 6 1
4 31 5 1
4 32 5 1
15 34 12 0
32 19 5 1
31 19 4 1
17 1 5 0
32 5 2 1
3 17 13 1
3 16 13 1
19 0 5 1
1 6 5 1
12 2 4 0
10 1 5 0
19 18 11 0
17 17 11 0
17 17 12 0
1 13 11 2
1 14 9 1
1 14 10 1
1 14 11 1
15 23 4 1
33 7 7 0
33 7 6 0
35 11 7 0
34 4 2 1
33 5 2 1
33 4 2 1
33 3 2 1
34 4 3 1
1 25 2 1
1 26 2 1
36 0 7 0
35 1 7 0
34 2 6 0
34 1 7 0
34 2 5 0
32 1 6 0
33 1 7 0
33 1 5 0
32 0 6 0
32 0 7 0
32 0 5 0
15 2 4 0
15 0 5 0
34 0 8 0
34 0 4 0
10 25 14 0
9 24 13 0
10 25 13 0
9 26 14 0
9 26 13 0
10 26 14 0
11 3 5 0
4 7 7 1
4 7 8 1
31 12 4 1
31 12 9 0
31 12 8 0
33 11 8 0
31 10 8 0
30 11 8 0
31 12 7 0
29 12 6 0
30 20 6 0
8 32 10 1
8 31 10 2
9 32 9 1
12 29 8 1
11 29 9 1
10 29 10 1
11 30 9 1
7 29 7 1
17 33 13 0
29 35 9 1
27 35 10 1
27 36 10 1
27 35 11 0
28 36 10 1
28 36 11 0
4 2 7 1
4 2 6 1
2 9 4 0
23 47 11 1
11 0 15 0
10 0 15 0
10 0 16 0
8 0 15 0
11 0 16 0
10 1 15 0
10 1 16 0
9 1 15 0
9 2 15 0
9 1 16 0
23 38 9 0
21 41 11 0
21 41 12 0
19 14 12 0
27 26 10 0
27 26 9 0
21 13 6 2
22 49 15 0
20 14 6 1
9 3 0 1
8 3 0 1
9 2 1 2
26 40 6 1
11 26 11 0
11 26 12 0
11 25 11 0
11 25 12 0
12 24 11 0
14 25 11 0
15 26 7 0
15 25 7 0
20 16 11 0
19 16 12 0
18 17 13 0
18 17 8 2
17 17 7 1
3 14 8 1
3 14 9 1
3 14 10 1
3 15 10 1
21 3 12 0
2 13 10 0
2 15 7 1
3 14 7 1
3 15 7 1
3 13 10 0
1 11 9 0
0 11 9 0
2 11 10 0
3 12 10 0
1 12 8 1
2 17 8 1
1 10 8 0
2 10 9 0
2 10 10 0
2 9 8 0
12 26 7 0
13 26 8 0
13 27 8 0
20 46 10 2
3 41 5 1
3 40 5 1
3 39 5 1
4 40 6 1
4 40 11 0
4 40 10 0
21 12 7 2
1 37 9 1
1 37 8 1
11 3 2 0
6 11 5 1
3 5 6 3
2 5 5 3
12 27 7 0
12 27 8 0
14 29 8 1
14 30 8 1
9 27 6 0
9 25 6 0
10 29 13 0
9 8 3 1
13 29 13 0
12 28 12 0
14 27 11 0
13 27 11 0
13 27 13 0
2 3 4 1
5 5 4 0
5 5 5 0
6 6 4 0
7 5 4 0
6 6 5 0
6 4 1 5
5 1 6 1
5 0 6 1
11 11 3 1
3 39 11 1
4 4 17 0
4 4 15 0
19 46 11 1
3 8 8 2
0 7 3 1
10 33 11 0
25 37 10 0
22 44 12 0
20 45 9 1
23 40 12 0
23 42 12 0
23 42 13 0
23 42 10 2
22 41 9 1
23 41 9 1
10 31 4 1
23 6 3 1
24 6 3 1
24 7 3 1
18 45 12 0
21 43 13 0
20 42 12 0
20 42 11 0
19 43 12 0
19 43 11 0
23 42 7 1
23 41 7 1
23 40 7 3
22 42 7 1
22 41 7 1
22 40 7 2
27 30 11 0
26 31 9 0
26 31 11 0
6 9 5 1
6 9 4 13
5 9 4 30
4 39 13 0
5 39 12 0
5 37 11 0
5 37 13 0
5 39 7 0
4 39 9 1
4 39 8 0
20 0 2 1
15 2 0 1
15 3 0 1
5 35 11 0
5 35 13 0
5 35 12 0
30 13 3 1
31 13 3 1
14 24 11 0
15 23 9 1
14 23 9 1
12 30 8 1
11 1 0 1
24 1 5 1
24 1 6 1
24 1 7 1
25 1 5 1
25 1 6 1
30 32 11 0
29 33 11 0
28 34 10 0
28 34 11 0
32 11 9 0
12 10 3 2
26 33 10 0
27 33 11 0
26 32 10 0
26 32 11 0
6 38 5 1
5 38 5 1
20 3 2 1
14 7 1 1
19 23 5 0
25 40 6 1
24 40 6 1
25 39 7 1
19 22 3 1
20 21 3 1
20 22 3 1
20 22 4 3
13 3 0 1
17 10 4 0
17 11 5 0
16 11 5 0
16 12 2 1
15 12 2 1
14 13 2 1
14 12 2 1
18 0 1 3
17 0 1 5
15 0 2 1000
30 17 10 0
31 25 5 1
7 22 3 1
12 21 5 1
17 49 12 1
12 21 3 1
15 2 1 2
12 19 5 1
12 19 3 3
11 19 3 1
9 20 5 0
9 22 2 1
9 21 2 1
9 20 2 1
8 21 7 0
8 21 6 0
9 19 4 0
9 19 5 0
8 19 4 0
8 19 5 0
6 19 4 0
6 19 5 0
8 21 4 1
6 3 15 0
19 3 2 1
19 3 1 1
11 22 3 1
17 49 11 1
10 33 8 1
0 37 7 1
0 37 8 1
0 37 9 1
1 7 8 0
1 8 7 0
0 38 9 1
15 23 11 0
6 32 9 1
7 33 9 1
14 22 12 0
6 36 8 1
21 43 10 3
21 43 9 1
6 7 0 1
0 43 13 0
0 44 13 0
0 42 13 0
2 42 12 0
23 39 10 0
9 34 10 1
7 35 8 1
6 34 7 0
7 34 8 1
6 31 8 1
6 32 8 1
15 26 6 0
14 26 5 0
15 26 5 0
15 11 4 0
0 13 5 2
15 30 6 1
14 28 6 0
12 28 4 1
12 29 4 1
12 29 5 1
12 29 6 1
12 30 4 1
12 30 5 3
24 4 6 2
24 4 7 2
24 4 8 1
25 4 7 1
25 4 8 1
22 8 3 1
36 10 5 0
36 11 6 0
36 11 7 0
34 12 5 0
28 30 7 1
28 29 7 1
27 31 7 1
27 29 7 2
2 6 5 1
37 6 6 0
36 6 5 0
15 20 5 0
16 22 8 3
35 4 7 0
14 16 2 1
0 16 3 1
10 27 11 0
12 28 11 0
15 25 5 0
15 27 6 0
15 27 5 0
17 29 6 1
17 29 5 1
17 29 4 1
16 29 6 1
16 29 4 1
15 29 5 2
15 29 4 1
23 12 2 1
22 13 3 1
24 12 5 0
25 11 8 1
29 14 8 0
29 14 7 0
30 15 8 0
30 14 8 0
29 15 7 0
8 7 7 1
8 8 6 1
6 9 2 1
7 8 2 1
7 9 2 1
8 9 2 1
4 9 6 1
4 9 2 1
27 28 9 0
27 28 10 0
29 28 11 0
29 28 7 1
28 29 6 1
29 29 6 1
30 29 6 1
29 21 5 1
30 22 6 1
30 22 10 0
8 10 3 1
18 14 5 0
0 25 6 0
1 25 6 0
1 25 7 0
14 3 2 1
26 14 6 1
26 14 7 1
26 14 8 1
26 15 6 1
23 47 14 0
23 47 15 0
14 3 3 0
15 3 3 0
16 2 3 0
12 2 2 1
3 40 9 0
3 40 8 0
7 2 14 0
7 2 18 0
7 2 17 0
5 2 15 0
6 2 15 0
5 2 16 0
7 37 4 1
6 37 4 1
4 10 2 1
5 9 2 1
5 10 2 1
6 10 2 1
4 5 5 1
3 4 3 7
16 19 12 0
17 19 11 0
17 18 11 0
17 19 12 0
17 18 12 0
18 19 11 0
18 18 11 0
18 19 12 0
17 20 13 0
17 20 8 2
16 19 7 1
16 20 7 1
16 21 7 1
17 19 7 1
17 20 7 1
17 21 7 1
18 19 7 1
16 2 4 0
5 0 1 1
4 0 1 1
13 20 8 1
13 21 7 1
32 9 3 1
32 9 8 0
32 9 7 0
30 9 7 0
30 9 6 0
31 10 7 0
31 10 6 0
32 10 7 0
19 47 14 0
22 49 12 1
33 9 2 1
33 8 2 1
21 8 8 1
22 8 8 1
22 10 5 0
22 9 5 0
12 19 4 5
11 28 12 0
9 27 11 0
21 12 8 1
13 7 5 0
1 38 7 1
0 28 8 0
10 22 4 1
10 22 3 1
0 29 4 1
10 20 5 1
10 20 4 4
9 20 3 2
30 29 10 0
28 30 12 0
30 31 11 0
29 33 10 0
10 27 3 1
10 28 3 1
30 21 5 1
1 4 8 1
1 4 9 1
2 4 8 1
2 4 9 1
1 5 9 2
9 4 6 0
9 3 5 0
7 3 5 0
3 38 8 3
2 37 7 1
31 17 8 0
18 48 10 1
31 19 7 0
11 4 5 0
30 27 9 0
31 27 10 0
30 28 9 0
16 13 3 6
16 13 6 0
14 15 5 1
17 24 6 0
7 2 1 6
15 12 6 0
15 12 3 2
16 1 3 0
17 0 2 1
18 0 2 1
18 1 3 0
16 28 5 3
16 28 6 1
16 26 5 0
16 26 6 0
15 24 5 0
1 8 16 0
27 24 8 0
29 20 5 1
0 8 16 0
27 23 5 1
0 8 17 0
1 8 15 0
0 8 15 0
2 42 10 0
2 42 8 0
6 3 3 1
6 8 5 1
6 11 3 1
0 7 9 0
7 20 11 0
9 21 11 0
8 20 11 0
9 19 12 0
8 21 11 0
8 21 14 0
9 22 12 0
9 22 10 0
9 22 11 0
9 22 14 0
10 21 12 0
10 21 13 0
11 21 12 0
9 0 14 0
9 0 13 0
9 0 15 0
29 33 8 1
30 32 7 1
30 32 8 1
30 33 7 1
30 33 8 1
30 33 9 1
16 20 11 0
16 19 11 0
16 21 12 0
16 20 12 0
1 37 11 0
2 36 13 0
2 36 11 0
3 36 12 0
3 35 12 0
7 3 4 0
11 4 4 0
14 1 1 7
14 1 2 1
14 1 3 1
14 2 1 1
14 2 2 1
2 41 5 1
1 11 0 1
1 10 0 1
1 9 0 1
0 9 0 1
0 10 1 1
0 10 6 0
11 0 6 0
9 0 5 0
8 35 10 1
7 35 10 1
7 34 10 1
7 33 10 1
20 6 6 1
22 9 7 1
24 7 5 0
26 6 5 1
35 3 1 1
5 6 2 1
5 6 3 3
5 6 6 0
6 10 7 1
5 10 7 1
5 9 7 1
8 19 6 0
10 22 6 0
20 8 9 0
20 8 10 0
20 8 13 0
22 6 12 0
21 7 12 0
22 6 11 0
21 7 11 0
20 6 12 0
20 6 11 0
19 6 12 0
19 6 11 0
18 8 11 0
21 8 12 0
13 15 4 1
13 15 3 1
19 3 4 1
1 40 9 1
1 40 8 1
18 28 5 1
18 28 6 1
19 28 4 1
13 4 5 0
8 26 3 1
1 5 8 1
32 19 9 0
21 10 8 1
0 10 3 0
0 15 5 1
25 3 5 1
28 24 10 0
15 1 1 3
28 23 10 0
29 25 8 0
30 24 10 0
30 24 11 0
30 24 6 1
10 26 11 0
7 1 2 1
7 1 1 1
1 44 6 1
2 42 6 1
24 36 12 0
29 28 8 0
8 8 3 1
29 27 10 0
0 10 2 0
31 19 5 1
32 18 5 1
32 20 9 0
32 22 8 0
8 1 0 1
3 11 5 1
3 10 7 1
13 28 10 1
16 4 2 1
20 20 4 1
20 20 5 1
17 19 5 0
17 19 6 0
16 18 6 0
14 29 6 1
0 30 7 0
13 27 4 1
18 29 5 1
18 29 4 1
17 14 5 0
4 9 0 1
4 8 0 1
4 7 0 1
16 21 9 1
16 22 9 1
17 21 9 1
17 22 9 1
16 21 11 0
3 9 0 1
4 6 14 0
4 6 18 0
4 6 17 0
4 7 4 1
3 7 5 0
3 6 4 1
3 7 4 1
3 5 17 0
3 5 16 0
2 6 15 0
2 6 17 0
2 6 16 0
3 8 15 0
3 7 15 0
3 8 17 0
2 8 4 0
14 22 3 1
20 4 9 0
13 31 8 0
11 32 7 3
13 1 5 0
11 2 6 0
14 3 4 0
5 9 11 1
3 11 8 0
2 13 8 1
1 12 9 0
3 5 15 0
4 4 16 0
4 5 17 0
5 5 17 0
3 0 2 1
22 17 6 0
21 19 6 1
21 19 5 0
4 7 5 0
3 8 6 0
3 8 1 5
3 8 0 1
5 9 16 1
5 10 15 1
5 10 16 1
5 10 17 1
6 9 15 1
15 20 7 1
15 20 8 1
15 21 8 8
7 6 17 0
6 10 17 1
5 9 17 1
4 10 18 1
5 9 18 1
5 10 18 1
6 8 18 1
20 13 7 3
19 12 6 1
25 6 7 2
25 6 6 1
24 6 8 1
23 7 5 0
23 7 6 0
5 42 10 0
4 41 8 0
9 4 1 2
23 38 10 0
23 38 11 0
25 38 12 0
1 41 13 0
1 41 12 0
19 15 6 1
17 16 5 0
12 30 14 0
12 31 6 1
12 31 5 1
12 31 4 1
5 42 9 0
30 26 9 0
1 12 6 1
4 0 3 1
4 0 2 1
31 25 8 0
31 25 10 0
19 48 11 2
19 48 9 1
32 16 8 0
31 15 7 0
30 16 7 0
12 33 4 1
13 0 5 0
4 42 8 0
13 1 3 0
0 8 0 1
1 8 0 1
7 8 4 3
20 45 10 3
5 4 7 1
5 4 6 1
4 5 6 1
13 27 7 0
11 29 5 1
10 29 6 1
10 29 5 2
10 29 4 1
10 28 6 1
10 28 5 1
15 30 5 1
1 42 8 0
0 43 12 1
0 43 11 1
6 35 9 1
36 2 4 0
35 2 4 0
36 1 5 0
35 2 5 0
35 1 4 0
35 1 5 0
35 0 5 0
37 0 5 0
37 1 6 0
3 37 10 1
3 36 10 1
3 35 9 1
15 25 11 0
15 27 11 0
18 16 11 0
18 15 11 0
18 16 12 0
2 36 9 1
2 36 8 1
3 37 9 2
4 37 7 1
5 37 7 0
18 20 3 1
23 46 11 0
23 46 12 0
31 11 7 0
30 12 7 0
31 11 6 0
30 11 7 0
30 11 6 0
32 11 8 0
27 30 7 2
1 3 8 1
31 10 3 1
31 11 3 1
31 12 3 1
32 10 3 1
0 28 3 1
0 29 5 1
19 14 5 0
0 25 3 2
1 24 2 1
11 16 5 0
11 16 4 0
18 23 4 1
18 23 7 1
13 29 11 0
12 29 11 0
12 29 13 0
13 29 12 0
12 29 12 0
9 30 10 0
9 30 11 0
8 34 11 0
8 34 13 0
6 34 8 1
5 34 8 1
4 34 8 1
5 35 14 0
4 34 13 0
7 37 12 0
7 35 11 0
7 35 13 0
7 35 12 0
6 35 12 0
8 31 11 0
13 17 2 1
13 16 2 1
12 16 2 1
11 16 2 1
18 21 5 0
12 17 7 0
12 17 6 0
13 16 6 0
12 15 4 0
12 15 6 0
11 16 6 0
10 17 6 0
12 18 4 0
13 19 6 0
14 17 6 0
10 16 4 0
10 16 5 0
15 19 5 1
15 19 4 1
15 19 3 3
15 18 5 1
15 18 4 1
15 18 3 1
12 19 2 1
12 18 2 1
12 17 2 1
11 17 2 1
10 17 2 1
11 18 3 2
11 18 7 0
11 18 6 0
0 12 5 1
10 7 3 1
0 13 3 1
14 19 4 1
14 19 3 3
14 17 4 2
13 17 3 1
11 17 4 0
11 17 5 0
1 13 5 3
9 17 4 0
9 17 5 0
11 20 2 1
11 19 2 1
11 18 2 1
10 18 2 1
9 18 2 1
10 19 3 2
10 19 7 0
4 3 3 2
11 18 4 0
10 17 4 0
10 17 5 0
9 20 4 0
13 20 3 1
13 19 3 3
17 35 15 0
25 10 6 1
10 21 2 1
10 20 2 1
10 19 2 1
9 20 7 0
9 20 6 0
10 18 4 0
10 18 5 0
9 18 4 0
9 18 5 0
9 19 2 1
8 19 2 1
7 19 2 1
8 20 3 1
8 20 7 0
8 20 6 0
10 19 4 0
5 2 7 1
8 18 4 0
8 18 5 0
14 23 7 1
11 27 7 0
1 42 13 0
22 42 9 1
19 0 6 4
20 0 7 1
35 6 8 0
2 10 0 1
15 8 5 0
15 8 3 0
13 9 4 0
13 10 4 0
1 9 1 2
8 4 2 0
9 3 4 0
10 18 7 0
10 18 6 0
11 20 8 0
11 20 9 0
11 21 2 1
12 21 2 1
7 31 13 0
5 5 0 1
5 32 7 1
5 32 6 1
9 35 10 1
22 31 6 1
20 47 15 0
21 48 15 0
21 48 14 0
20 48 15 0
20 44 11 1
20 44 10 1
20 44 9 1
20 43 11 1
20 43 10 1
20 43 9 1
3 5 4 8
6 36 11 0
5 38 12 0
5 38 13 0
29 20 6 1
28 19 5 1
15 16 5 1
5 18 10 0
4 17 10 1
3 16 11 3
2 15 10 1
2 15 11 1
2 15 12 1
2 16 10 1
2 16 11 1
2 16 12 1
2 17 10 1
2 17 11 1
2 17 12 1
3 17 10 1
3 17 11 1
3 17 12 1
3 16 12 1
2 15 13 1
6 35 8 1
6 31 7 1
11 31 4 1
11 31 5 2
2 5 9 1
3 5 8 1
3 5 9 1
3 6 7 1
3 6 8 1
3 6 9 1
2 7 7 0
0 8 9 0
0 8 10 0
0 8 7 0
0 8 6 0
6 31 5 1
3 6 0 1
13 2 2 1
8 32 8 1
20 18 5 0
13 15 5 1
23 48 10 2
23 48 9 1
22 49 11 2
18 2 6 1
18 2 5 1
3 39 13 0
4 40 12 0
19 3 7 1
6 7 17 0
6 7 15 0
30 20 7 0
30 20 8 0
24 42 12 0
4 12 3 1
28 33 11 0
5 33 13 0
5 33 12 0
5 34 12 0
19 24 9 1
19 25 9 1
18 24 4 1
17 25 3 1
18 25 3 1
19 25 3 1
33 10 7 0
32 10 6 0
13 5 4 0
13 5 3 0
12 5 3 0
1 43 9 0
1 43 10 1
1 43 8 0
23 42 9 3
4 4 3 12
8 15 13 1
1 10 2 0
24 6 5 0
1 11 5 0
0 11 5 0
22 6 3 1
22 7 3 1
25 38 6 1
26 38 6 1
11 30 6 1
10 1 3 0
9 1 3 0
27 30 9 0
28 29 10 0
10 3 2 0
0 46 12 0
10 11 3 1
10 11 2 1
5 42 8 0
4 42 9 0
4 42 10 0
17 23 3 1
33 21 5 1
32 21 7 1
19 49 13 0
11 1 1 1
15 0 4 0
7 6 5 0
34 11 3 1
34 10 3 1
34 9 3 1
21 10 7 3
33 10 5 0
16 4 5 0
15 5 6 0
0 12 7 1
0 11 10 0
34 5 2 1
1 10 9 0
1 10 10 0
4 10 9 0
4 10 10 1
19 21 5 0
18 21 3 1
33 0 7 0
33 0 5 0
23 7 7 0
20 15 11 0
22 6 2 1
12 0 3 0
12 1 2 1
12 1 3 0
13 0 3 0
18 19 9 1
17 19 9 1
18 18 8 4
0 40 11 1
0 40 10 1
4 5 3 1
4 8 4 1
5 8 4 1
6 37 8 0
6 37 7 0
9 2 16 0
10 2 16 0
8 2 16 0
8 3 16 0
10 33 13 0
14 26 11 0
14 26 12 0
4 35 8 1
13 4 4 0
13 2 5 0
21 21 5 1
21 21 4 1
21 21 3 1
21 20 3 1
20 22 5 1
20 21 4 2
19 20 6 0
20 19 6 1
19 18 3 1
19 17 3 1
29 23 9 0
30 22 8 0
28 22 8 0
28 22 9 0
29 21 8 0
32 23 9 0
31 23 8 0
31 24 9 0
31 24 8 0
30 24 9 0
30 25 9 0
7 0 5 1
7 0 1 6
26 38 8 1
25 33 6 1
24 34 6 1
24 33 6 1
24 32 6 1
25 33 7 8
25 33 12 0
21 49 14 0
20 49 14 0
21 49 15 0
22 49 14 0
22 48 14 0
15 2 2 1
22 48 15 0
23 33 9 0
24 33 11 0
23 33 10 0
24 33 10 0
24 34 9 0
24 34 11 0
20 48 14 0
23 48 15 0
23 48 14 0
23 49 15 0
30 26 8 0
5 37 8 1
4 37 8 1
4 36 9 2
2 41 9 0
14 22 8 1
13 22 8 1
3 42 5 1
21 45 11 1
22 45 9 1
22 42 11 0
21 42 12 0
22 45 11 0
0 14 3 1
0 14 4 1
0 14 5 1
23 12 8 0
23 12 7 0
24 11 5 0
26 10 8 1
26 10 7 1
26 10 6 1
26 9 8 1
26 9 7 1
26 9 6 1
25 9 8 1
25 9 7 4
25 9 6 1
23 5 5 0
22 5 5 0
22 4 8 1
21 4 8 1
21 4 7 3
21 4 6 1
20 5 8 1
20 5 6 1
20 4 8 1
20 4 7 1
20 4 6 3
23 4 8 1
24 5 7 1
24 5 6 0
24 6 6 0
24 6 2 1
25 5 7 2
25 5 6 1
24 5 8 1
11 3 6 0
21 17 10 1
11 3 1 2
12 2 0 1
24 18 8 1
25 18 6 1
25 18 7 1
27 27 7 1
8 1 4 0
8 1 2 0
7 1 3 1
10 32 5 2
5 34 9 1
5 34 10 1
6 33 8 1
6 34 10 1
14 30 9 1
13 30 9 1
12 30 9 2
21 20 10 1
12 28 9 1
21 21 10 1
14 28 7 0
34 11 8 0
34 11 4 1
33 12 3 1
34 12 3 1
35 14 6 0
18 4 12 0
19 3 11 0
19 3 12 0
20 3 11 0
10 33 6 1
10 26 4 1
9 26 4 1
10 27 9 1
14 25 8 1
14 25 7 1
14 24 8 1
13 24 8 1
31 18 7 0
12 26 3 1
18 22 6 0
17 21 5 0
17 21 6 0
24 20 8 1
24 20 9 1
24 21 8 1
24 21 9 1
20 17 4 3
12 27 10 1
12 27 14 0
13 26 11 0
13 26 13 0
28 29 9 0
14 29 4 1
8 0 5 1
1 38 12 0
1 39 12 0
2 42 13 0
28 35 11 0
0 38 7 1
24 22 9 1
0 39 7 1
5 36 8 1
5 36 7 0
0 7 16 0
0 7 15 0
2 7 17 0
9 32 8 0
36 11 5 0
34 7 2 1
4 3 2 1
18 14 6 0
18 37 14 0
18 38 14 0
16 38 15 0
16 38 14 0
16 39 15 0
17 39 15 0
16 39 14 0
17 39 14 0
16 41 15 0
16 41 14 0
20 39 15 0
20 39 14 0
19 41 12 0
19 41 13 0
19 41 16 0
20 40 15 0
20 40 14 0
19 39 15 0
19 40 15 0
19 39 14 0
19 40 14 0
17 40 15 0
18 40 15 0
17 40 14 0
18 40 14 0
17 41 15 0
18 41 15 0
17 41 14 0
17 42 14 0
17 42 15 0
18 42 14 0
20 41 15 0
20 41 14 0
0 5 3 1
2 8 3 0
5 5 3 0
5 4 3 1
17 0 3 0
2 12 10 0
19 0 4 0
18 49 9 1
19 48 14 0
14 12 1 1
15 12 1 1
16 10 1 1
16 11 1 1
16 19 5 0
18 20 6 0
13 0 2 1
26 39 6 1
25 39 6 1
24 39 6 1
24 38 6 1
24 37 6 1
25 38 7 1
13 32 4 1
12 33 6 2
12 31 7 1
14 32 6 1
14 33 7 1
15 32 7 1
15 33 5 1
15 33 6 1
15 33 7 1
37 5 5 0
37 6 5 0
37 5 6 0
18 16 6 1
9 27 7 1
9 27 8 1
21 43 11 1
8 34 10 1
13 11 3 1
15 2 5 0
15 3 4 0
19 2 1 1
8 4 5 0
8 4 4 0
1 38 9 1
18 16 7 1
18 17 7 2
19 16 7 3
19 17 7 2
22 13 11 0
22 13 12 0
19 11 11 0
19 11 12 0
20 12 11 0
20 11 11 0
20 12 12 0
20 11 12 0
21 12 11 0
21 11 11 0
21 12 12 0
6 4 15 0
6 2 16 0
0 38 12 0
3 41 13 0
3 41 12 0
2 26 2 1
2 25 2 1
2 24 2 1
1 25 3 2
2 23 4 0
1 23 5 0
1 23 4 0
1 27 5 0
4 28 5 1
4 28 4 1
4 28 3 1
4 27 5 1
4 27 4 1
4 27 3 1
8 27 7 1
5 28 7 0
38 3 6 0
27 41 8 1
27 40 9 1
18 29 6 1
14 28 5 1
14 27 6 0
3 42 6 1
2 3 3 1
2 3 2 1
16 18 11 0
19 20 12 0
18 20 12 0
19 20 11 0
20 7 7 1
34 10 6 0
34 11 7 0
19 7 7 1
19 6 7 1
19 5 7 1
20 6 8 1
20 6 13 0
22 5 11 0
22 5 12 0
28 24 6 1
28 24 11 0
26 24 8 0
17 16 3 3
4 14 11 0
1 15 8 1
4 14 10 0
2 14 9 3
2 14 10 4
4 17 9 1
17 24 3 1
18 24 3 1
19 24 3 1
19 25 5 1
19 25 6 0
20 26 5 1
20 26 4 1
20 27 4 1
20 27 5 1
20 27 6 1
21 25 4 1
21 26 4 1
13 20 7 1
13 20 6 1
11 10 5 1
11 10 4 1
14 21 7 3
13 22 5 1
13 22 6 1
14 24 5 0
15 23 3 1
14 23 3 1
13 23 3 1
14 24 4 2
11 2 5 0
9 2 0 1
9 1 0 1
9 0 0 1
8 2 0 1
25 10 8 1
25 11 6 1
25 42 11 0
24 42 11 0
24 41 11 0
32 15 4 1
8 5 1 2
5 39 8 0
19 0 7 1
19 0 8 1
20 0 8 1
21 1 5 0
12 27 15 0
13 26 14 0
23 1 6 2
12 25 13 0
23 0 5 1
23 0 6 3
11 18 5 0
17 6 3 0
13 19 5 1
14 17 5 1
16 3 3 0
13 18 5 1
0 9 3 0
18 12 4 0
18 12 5 0
12 18 6 0
14 18 5 1
14 18 3 1
14 17 3 1
16 12 3 2
16 9 2 2
18 10 4 0
18 10 5 0
18 11 4 0
18 11 5 0
11 19 4 1
12 20 4 1
17 14 3 1
12 19 6 0
11 19 6 0
10 21 5 1
10 21 4 3
19 26 5 2
18 26 6 1
19 27 6 1
13 28 14 0
23 2 3 1
17 25 5 1
17 26 5 1
17 25 6 1
20 13 8 1
21 12 6 1
16 28 4 1
20 3 5 1
24 43 11 0
9 5 0 1
10 4 1 2
10 4 5 0
10 4 4 0
0 10 17 0
1 15 6 1
1 15 7 1
1 15 9 1
1 15 10 1
16 32 14 0
17 32 14 0
16 32 15 0
16 32 13 0
15 33 13 0
13 34 15 0
16 11 3 1
0 11 16 0
1 9 14 0
1 9 18 0
1 9 17 0
1 8 17 0
0 9 15 0
0 9 16 0
31 14 6 0
10 31 13 0
10 31 11 0
9 32 12 0
10 33 12 0
13 31 7 0
4 38 12 0
3 38 13 0
3 38 12 0
1 38 13 0
28 34 6 1
1 40 11 2
1 40 14 0
13 26 7 0
27 30 10 0
5 26 7 0
5 26 8 0
6 27 7 1
6 27 8 1
5 28 9 1
5 28 6 0
5 28 5 0
8 28 8 1
8 27 9 1
8 28 9 2
8 29 9 1
12 7 6 0
11 3 4 0
9 3 1 5
18 14 4 0
17 15 5 1
17 15 6 0
17 15 4 1
16 15 6 0
15 15 6 0
14 14 6 0
16 12 6 0
2 45 10 0
10 5 0 1
0 6 6 1
30 15 9 0
30 15 7 0
29 15 8 0
35 8 8 0
28 15 7 0
29 17 8 0
2 11 7 0
10 7 1 1
9 7 1 1
9 6 1 1
8 7 1 1
8 6 1 1
2 11 8 0
6 13 11 2
7 31 12 0
32 11 4 1
8 13 13 1
6 31 11 0
16 17 3 1
1 14 5 1
1 14 4 1
1 14 3 1
24 5 5 0
0 11 8 0
23 7 4 1
35 0 7 0
27 41 10 1
21 12 5 1
10 26 12 0
19 13 12 0
22 12 5 1
13 11 2 1
22 13 7 1
21 13 5 1
30 25 5 1
23 6 2 1
8 26 10 1
23 46 10 1
23 46 9 2
22 46 10 1
10 34 8 0
9 35 7 0
9 35 8 0
7 34 7 0
8 33 7 0
7 33 7 0
8 33 8 0
7 33 8 1
9 31 9 1
10 31 8 1
10 31 9 1
11 31 8 1
9 33 9 1
8 34 4 1
9 34 4 1
13 2 0 1
21 42 9 1
21 42 10 1
21 42 11 1
22 40 12 0
22 40 10 0
23 39 12 0
20 2 11 0
0 15 3 1
6 11 7 1
5 12 7 1
5 12 11 1
19 1 5 1
19 1 4 1
20 2 5 3
19 5 6 1
19 5 5 1
19 4 7 1
19 4 6 1
19 4 5 1
14 28 12 0
14 28 11 0
4 38 11 1
4 39 11 1
1 10 4 0
2 10 4 0
1 10 5 0
2 10 5 0
0 13 4 33
12 17 5 0
12 17 4 0
0 6 8 0
0 7 8 0
8 17 11 0
8 17 12 0
5 17 11 0
5 39 5 1
26 40 12 0
21 22 5 1
27 19 8 0
28 19 8 0
0 41 9 1
1 40 12 1
0 40 12 1
21 9 12 0
29 18 4 1
37 1 1 1
36 2 1 1
36 1 1 1
13 29 5 3
13 29 4 1
6 0 3 3
6 2 2 5
6 2 3 4
10 19 12 0
9 19 13 0
9 19 11 0
13 30 8 1
7 29 3 1
7 28 3 1
7 27 3 1
27 33 6 1
24 32 7 1
26 26 8 1
6 8 0 1
21 15 3 1
22 15 3 1
10 2 1 3
14 14 5 1
15 14 3 3
18 16 5 0
9 28 7 1
9 27 9 2
3 8 5 0
23 40 8 1
0 48 10 0
0 48 11 0
16 3 5 0
14 5 6 0
12 20 3 1
13 4 0 1
14 9 3 0
12 9 5 0
2 13 6 1
18 24 8 4
16 24 6 0
8 8 1 1
10 8 5 1
9 8 5 1
8 8 5 1
0 41 10 1
18 3 6 1
6 7 4 0
21 1 6 0
3 11 7 1
1 14 7 1
13 12 5 1
13 12 4 6
14 12 5 0
16 12 5 0
16 12 4 0
31 21 6 1
30 27 6 1
30 26 6 1
22 43 10 4
22 40 11 0
24 45 12 0
16 24 3 1
16 23 3 1
17 24 4 1
16 25 9 1
5 30 8 0
5 31 5 1
16 24 9 1
16 23 9 1
17 24 8 1
11 26 9 1
15 24 6 0
11 27 5 1
11 27 4 1
11 26 6 1
11 26 5 1
11 26 4 1
13 27 6 0
13 30 6 1
13 30 5 1
13 30 4 1
12 30 6 1
14 26 6 0
13 26 5 1
12 25 4 2
12 25 5 1
12 25 6 1
12 26 4 1
27 37 10 1
13 9 5 0
13 11 4 1
15 10 3 0
15 10 5 0
15 9 3 0
17 1 4 0
17 28 6 1
17 28 5 3
20 3 0 1
6 39 7 0
13 31 10 1
13 30 10 1
16 4 4 0
9 22 5 1
15 5 3 0
15 4 3 0
16 4 3 0
15 5 1 1
16 6 3 0
10 22 5 1
13 18 6 0
13 18 3 1
12 18 3 1
16 7 1 1
16 6 1 1
6 11 2 1
15 8 2 1
15 7 2 1
23 37 11 0
8 4 3 0
18 25 5 1
8 14 11 1
8 14 12 1
7 14 12 1
6 13 13 1
7 13 13 1
15 20 12 0
7 32 6 2
25 8 6 2
25 8 7 3
17 27 3 1
1 3 6 1
1 3 7 1
18 25 6 1
0 3 9 1
0 4 9 1
22 9 11 0
20 13 12 0
21 11 12 0
10 32 4 1
20 1 8 1
21 1 8 1
11 26 13 0
11 24 14 0
11 25 14 0
11 24 13 0
6 36 10 1
6 35 10 1
6 29 6 1
17 13 6 0
17 14 6 0
13 3 2 1
14 31 4 1
14 31 5 1
14 31 6 1
4 42 5 1
18 0 3 0
15 14 2 1
4 11 4 3
2 43 10 0
5 8 7 1
22 12 2 1
24 13 6 0
22 14 7 0
23 12 5 0
23 12 6 0
21 11 8 1
6 31 6 2
1 12 5 1
16 12 1 1
6 8 4 1
6 6 6 0
7 7 3 1
9 27 12 0
10 28 12 0
9 29 11 0
20 15 10 1
20 16 10 1
21 47 12 0
26 41 8 1
26 40 8 1
16 49 12 0
17 48 13 0
20 2 2 1
20 2 1 1
3 44 10 0
2 44 10 0
4 5 0 1
12 34 6 1
12 34 7 1
13 34 5 1
13 34 6 1
13 1 4 0
21 8 11 0
22 8 11 0
22 8 12 0
18 45 11 0
20 9 13 0
20 9 10 0
20 9 9 0
21 5 12 0
20 5 7 1
20 6 7 1
19 44 12 0
24 45 10 0
2 44 6 1
19 44 13 0
1 13 12 1
2 14 11 1
9 25 10 1
9 26 10 1
10 25 8 1
10 25 9 1
10 25 10 1
10 26 8 1
10 26 9 2
10 26 10 1
10 27 10 1
7 28 9 1
8 27 10 1
8 28 10 1
8 29 10 1
7 28 4 1
6 27 3 1
6 28 3 1
6 29 3 1
26 8 7 1
26 8 6 1
25 8 8 1
8 27 3 1
8 28 3 1
8 29 3 1
18 23 6 0
25 17 6 1
25 17 7 1
16 21 5 0
13 5 2 0
28 21 9 0
30 23 10 0
30 23 11 0
30 23 6 1
29 24 5 1
28 37 10 1
28 37 9 1
20 17 7 1
2 3 7 1
6 2 5 1
19 15 7 2
15 17 6 0
17 17 6 0
18 17 6 0
15 15 4 1
22 44 11 1
18 26 4 1
19 19 4 1
27 28 8 1
18 18 6 0
18 17 11 0
18 20 8 1
19 21 9 2
17 1 0 1
13 14 5 1
13 14 4 1
17 18 7 1
18 18 7 1
19 18 7 1
19 19 7 1
19 20 7 1
20 17 11 0
19 17 12 0
20 17 12 0
3 11 6 1
4 10 6 9
4 11 6 1
1 10 7 0
3 9 8 0
19 43 15 0
20 44 14 0
20 43 14 0
20 44 15 0
20 43 15 0
0 5 9 1
0 3 5 1
0 4 5 1
1 3 5 1
20 45 16 0
18 44 14 0
18 44 15 0
18 43 14 0
17 43 14 0
16 31 13 0
15 32 16 0
15 32 12 0
13 29 10 1
12 31 10 1
1 39 9 1
1 39 8 1
1 39 7 1
11 7 0 1
12 7 0 1
13 5 0 1
13 6 0 1
13 7 0 1
5 8 2 1
4 8 2 1
5 7 3 2
2 6 3 2
14 31 14 0
14 31 13 0
12 32 14 0
12 32 13 0
12 31 14 0
12 31 13 0
13 30 14 0
12 29 14 0
13 30 13 0
14 30 14 0
14 29 14 0
14 30 13 0
14 29 13 0
15 29 14 0
24 8 6 0
14 31 15 0
14 31 16 0
3 16 10 4
31 19 6 1
31 19 9 0
31 19 8 0
30 19 8 0
29 19 7 0
31 18 8 0
13 33 5 1
8 31 12 0
7 30 12 0
20 4 13 0
20 4 10 0
15 23 8 1
14 22 7 1
1 14 12 1
14 24 7 1
15 22 7 1
15 23 7 1
22 45 12 0
21 46 9 1
13 32 5 1
14 20 8 2
20 19 5 1
13 27 3 1
13 28 3 1
13 29 3 1
14 29 3 1
37 0 4 0
38 1 3 0
24 12 2 1
28 20 8 0
28 20 9 0
18 22 4 2
28 33 12 0
26 33 9 0
26 33 11 0
26 34 9 0
26 34 11 0
26 34 10 0
9 29 13 0
27 33 7 4
28 32 8 1
28 32 12 0
28 32 11 0
29 31 11 0
27 31 11 0
26 32 9 0
25 36 11 0
27 21 9 0
29 21 9 0
29 22 10 0
29 22 6 1
28 26 11 0
25 29 9 0
25 32 10 0
25 32 11 0
25 32 9 0
22 13 2 1
22 14 2 1
22 15 2 1
23 13 2 1
23 14 2 1
23 15 2 1
17 12 6 0
8 31 6 2
18 47 12 0
37 5 2 1
34 5 6 0
34 5 7 0
34 5 5 0
25 10 5 0
1 42 12 0
12 11 4 6
24 32 11 0
26 41 10 1
9 2 4 0
8 2 2 0
9 2 2 0
8 3 4 0
8 3 2 0
7 2 4 1
4 2 3 3
4 2 4 2
4 2 5 3
5 2 4 3
5 2 5 4
8 1 5 0
8 1 1 7
7 2 0 1
5 4 0 1
5 4 5 1
34 15 6 0
34 14 7 0
34 14 6 0
34 14 3 1
34 13 3 1
37 4 2 1
37 3 2 1
36 5 2 1
36 4 2 1
35 5 2 1
35 4 2 1
35 3 2 1
36 4 3 1
36 4 7 0
37 3 6 0
6 5 6 0
6 5 3 0
1 47 11 0
5 17 12 0
8 21 10 0
8 19 13 0
4 34 11 0
4 35 13 0
4 34 12 0
4 35 12 0
3 35 13 0
11 23 14 0
20 45 14 0
20 43 13 0
3 39 9 1
5 9 6 15
5 10 6 1
5 11 6 1
18 45 13 0
21 47 9 1
18 21 12 0
17 22 11 0
18 23 11 0
17 22 12 0
15 20 11 0
8 31 7 1
14 1 0 1
28 24 9 0
29 24 9 0
30 25 8 0
27 27 8 1
10 34 4 1
32 11 7 0
14 11 5 0
20 13 10 0
20 13 13 0
20 3 1 1
26 13 7 1
14 35 15 0
15 36 13 0
15 36 15 0
17 36 13 0
2 28 5 1
2 28 6 0
2 28 9 0
1 12 15 0
19 43 13 0
19 43 16 0
20 42 15 0
21 41 14 0
20 42 14 0
19 41 15 0
19 41 14 0
18 42 15 0
19 42 15 0
18 41 14 0
19 42 14 0
17 43 15 0
18 43 15 0
14 25 5 0
15 25 6 0
16 25 8 1
15 24 9 1
32 9 2 1
32 8 2 1
15 25 9 1
15 26 9 1
18 11 12 0
20 8 6 1
20 8 7 1
2 37 12 0
2 38 12 0
9 30 4 1
1 37 13 0
2 38 13 0
1 37 12 0
2 9 3 0
9 32 4 1
16 23 12 0
15 23 12 0
16 23 11 0
18 26 5 1
21 27 6 3
11 24 6 0
12 23 6 0
7 10 6 1
21 42 13 0
32 4 2 1
21 27 5 1
1 13 7 2
1 13 6 6
2 14 5 1
36 9 7 0
10 34 7 0
10 34 6 0
9 33 7 0
9 33 8 0
14 4 6 0