DAV_OBMAP v3 cell_size=10
-47 -94 4 1
-47 -93 2 1
-47 -95 1 5
-47 -94 1 1
-45 -96 3 0
-44 -96 4 0
-44 -96 2 0
-42 -96 3 1
-42 -96 4 0
-41 -96 2 1
-40 -97 1 1
-40 -97 2 1
-40 -97 3 1
-40 -96 1 1
-40 -96 2 1
-40 -96 3 1
-40 -95 1 1
-35 -88 2 1
-38 -82 2 0
-38 -82 3 0
-38 -82 4 0
-42 -95 3 1
-42 -94 4 0
-42 -94 2 1
-41 -94 2 1
-42 -93 4 0
-20 -58 7 1
-20 -56 9 1
-20 -55 9 1
-19 -56 9 1
-19 -55 9 1
-42 -94 -1 1
-41 -94 -1 1
-21 -58 6 0
-42 -92 4 0
-34 -86 3 1
-42 -86 1 1
-41 -92 2 0
-45 -93 2 3
-46 -94 1 3
-46 -94 2 4
-46 -94 3 2
-46 -93 2 1
-45 -94 1 2
-44 -95 3 0
-44 -95 4 0
-44 -95 2 0
-42 -95 4 0
-42 -96 2 1
-43 -97 1 1
-43 -97 2 5
-43 -97 3 1
-43 -96 1 3
-43 -96 2 5
-42 -97 1 1
-42 -97 2 2
-42 -97 3 1
-42 -96 1 1
-41 -97 1 1
-41 -97 2 1
-41 -97 3 1
-41 -96 1 1
-41 -95 3 0
-41 -95 4 0
-41 -95 2 2
-40 -92 4 0
-41 -87 2 5
-42 -87 3 1
-42 -87 0 1
-46 -95 2 11
-46 -95 3 8
-46 -95 4 1
-46 -94 4 1
-44 -94 3 1
-43 -90 3 1
-45 -94 2 6
-46 -95 1 7
-45 -95 1 1
-43 -95 3 0
-43 -96 3 1
-43 -96 4 0
-44 -98 1 5
-44 -98 2 5
-44 -98 3 1
-44 -97 1 6
-43 -91 4 0
-36 -84 1 0
-26 -55 5 1
-21 -58 9 1
-21 -57 8 1
-21 -57 9 1
-40 -88 -1 1
-40 -87 -1 1
-34 -89 3 1
-37 -89 0 1
-36 -89 1 1
-44 -75 16 0
-44 -75 14 0
-45 -74 15 0
-45 -74 16 0
-46 -74 15 0
-46 -73 15 0
-46 -73 16 0
-46 -73 14 0
-47 -74 15 0
-24 -93 25 0
-23 -93 25 0
-23 -94 25 0
-23 -92 26 1000
-22 -83 4 1
-22 -83 5 2
-22 -83 6 1
-19 -88 3 1
-19 -88 4 1
-24 -92 6 0
-24 -93 6 0
-24 -94 6 0
-22 -95 6 0
-22 -93 7 1
-23 -90 27 1
-22 -91 27 4
-22 -90 27 1
-21 -92 27 1
-21 -91 27 1
-21 -90 27 1
-24 -91 26 0
-25 -92 26 0
-24 -93 26 0
-23 -94 26 0
-23 -92 27 1000
-21 -94 7 1
-21 -93 7 1
-21 -92 7 1
-20 -94 7 1
-20 -93 7 1
-20 -92 7 1
-23 -91 7 6
-23 -90 7 1
-22 -91 7 8
-22 -90 7 1
-21 -91 7 1
-21 -90 7 1
-39 -79 14 0
-39 -79 16 0
-36 -82 14 0
-38 -80 15 0
-38 -78 14 0
-38 -78 16 0
-38 -78 15 0
-36 -80 14 0
-36 -80 16 0
-34 -80 16 0
-34 -80 15 0
-36 -81 13 0
-36 -81 17 0
-38 -82 14 0
-38 -82 16 0
-38 -82 15 0
-37 -82 15 0
-38 -81 14 0
-38 -81 16 0
-38 -81 15 0
-38 -80 14 0
-38 -80 16 0
-38 -79 15 0
-36 -79 14 0
-36 -79 16 0
-36 -79 15 0
-45 -52 12 1
-45 -51 12 1
-35 -81 13 0
-35 -81 17 0
-34 -83 14 0
-34 -83 16 0
-35 -81 14 0
-20 -54 3 1
-21 -53 3 1
-21 -54 3 1
-22 -52 3 1
-22 -53 3 1
-22 -54 3 1
-21 -54 6 1000
-21 -54 5 1000
-21 -54 4 1
-22 -54 6 9
-32 -68 20 0
-39 -90 2 2
-39 -90 1 1
-41 -87 0 1
-42 -85 2 1
-40 -79 8 0
-40 -79 7 0
-41 -79 7 0
-42 -80 6 0
-42 -80 8 0
-42 -80 7 0
-43 -79 6 0
-42 -79 6 0
-43 -79 8 0
-43 -79 7 0
-42 -79 7 0
-44 -76 14 0
-44 -76 16 0
-44 -76 15 0
-43 -75 14 0
-6 -55 4 0
-5 -55 4 0
-6 -53 6 0
-41 -78 4 0
-34 -83 4 1
-34 -82 4 1
-35 -81 1 1
-41 -80 4 0
-41 -80 5 0
-41 -79 4 0
-41 -79 5 0
-40 -82 6 0
-40 -82 7 0
-40 -81 6 0
-40 -81 7 0
-39 -82 6 0
-39 -82 7 0
-39 -81 6 0
-39 -81 7 0
-38 -73 8 0
-34 -66 7 0
-34 -62 5 1
-34 -65 7 1
-34 -65 6 1
-30 -64 4 0
-30 -63 5 1
-29 -59 6 1
-37 -55 3 0
-37 -83 3 1
-42 -84 4 1
-38 -83 0 4
-39 -84 -1 1
-38 -84 -1 1
-37 -84 -1 1
-30 -78 16 0
-17 -55 5 1
-11 -52 3 0
-46 -51 13 1
-45 -64 0 2
-45 -64 1 1
-18 -69 7 0
-26 -61 5 0
-27 -59 7 0
-48 -51 26 9
-44 -68 2 1
-48 -87 5 0
-15 -73 7 0
-45 -51 6 1
-34 -69 18 0
-46 -88 7 1
-47 -88 7 0
-48 -89 8 0
-48 -88 8 0
-46 -83 7 0
-48 -89 7 0
-48 -88 7 0
-49 -88 8 0
-22 -92 31 1
-21 -92 32 0
-22 -91 32 0
-23 -91 31 1
-23 -90 32 0
-44 -66 3 1
-40 -83 4 4
-38 -81 4 0
-32 -56 8 0
-44 -67 4 1
-35 -86 3 1
-34 -70 21 0
-37 -86 4 2
-38 -86 4 1
-45 -65 3 1
-35 -87 3 1
-36 -88 3 1
-35 -87 4 3
-34 -88 4 1
-2 -59 6 0
-1 -59 7 0
-35 -89 4 1
-2 -59 8 0
-36 -87 5 1
-36 -84 3 1
-36 -86 3 3
-34 -68 5 0
-37 -85 4 3
-37 -87 6 0
-37 -87 5 0
-33 -67 4 0
-33 -67 5 0
-37 -86 5 1
-37 -84 3 1
-37 -85 3 4
-37 -86 3 3
-45 -65 2 1
-47 -93 3 1
-39 -84 3 13
-45 -65 4 2
-48 -93 1 1
-46 -93 3 1
-35 -66 6 0
-46 -93 1 1
-46 -92 1 1
-38 -69 6 0
-38 -69 7 0
-36 -70 8 0
-37 -86 6 0
-39 -86 6 0
-35 -69 8 0
-46 -65 4 1
-36 -70 4 0
-36 -70 5 0
-36 -83 5 0
-1 -59 8 0
-37 -73 8 0
-35 -69 4 0
-35 -69 5 0
-38 -86 5 1
-39 -73 7 0
-40 -72 7 0
-1 -83 7 0
-50 -65 3 1
-2 -84 7 0
-38 -85 5 1
-49 -65 2 1
-49 -65 3 1
-48 -67 3 0
-37 -68 6 0
-37 -68 7 0
-50 -65 0 1
-37 -85 5 1000
-40 -71 6 0
-37 -81 6 0
-46 -52 27 1
-32 -77 20 0
-32 -77 19 0
-48 -70 2 1
-47 -72 0 1
-47 -71 0 1
-47 -71 1 1
-32 -65 7 0
-34 -65 5 1
-34 -64 5 1
-34 -64 6 1
-34 -64 7 1
-34 -63 5 1
-34 -63 6 1
-34 -63 7 1
-32 -65 6 0
-32 -66 7 0
-32 -67 7 0
-46 -51 25 1
-32 -66 6 0
-32 -67 6 0
-31 -67 7 0
-31 -67 6 0
-30 -67 7 0
-30 -67 6 0
-31 -65 8 0
-31 -65 9 0
-31 -65 5 0
-40 -91 1 1
-40 -86 2 1
-40 -86 3 1
-41 -85 3 1
-44 -88 2 1
-39 -86 3 1
-44 -92 4 0
-45 -93 3 2
-45 -92 4 1
-45 -92 2 1
-37 -87 3 1
-36 -83 4 0
-41 -95 1 1
-41 -94 1 1
-40 -95 2 1
-40 -95 3 1
-40 -94 1 1
-40 -94 2 1
-40 -94 3 1
-43 -93 2 0
-47 -96 2 1
-47 -96 3 1
-47 -96 4 1
-45 -95 4 1
-47 -96 1 1
-46 -96 1 1
-45 -96 4 0
-45 -96 2 0
-41 -98 1 1
-41 -98 2 1
-41 -98 3 1
-43 -95 4 0
-43 -95 5 0
-27 -61 6 0
-28 -62 6 0
-43 -96 -1 1
-26 -62 6 0
-26 -60 5 0
-26 -60 4 0
-28 -61 6 0
-29 -60 6 1
-29 -61 6 3
-31 -62 5 1
-31 -62 6 4
-31 -62 7 1
-31 -61 5 1
-31 -61 6 3
-31 -61 7 1
-31 -60 5 1
-31 -60 6 1
-30 -62 5 1
-29 -63 6 0
-29 -63 7 0
-27 -62 6 0
-27 -63 6 0
-50 -61 6 0
-43 -57 1 1
-50 -62 5 0
-42 -57 1 1
-42 -57 2 1
-41 -58 1 1
-41 -57 2 1
-44 -60 1 2
-44 -60 2 1
-44 -60 3 1
-44 -59 1 1
-44 -59 2 1
-44 -59 3 1
-36 -53 0 1
-43 -59 3 1
-38 -51 0 1
-36 -66 25 0
-36 -66 23 0
-36 -67 23 0
-37 -52 5 0
-35 -66 25 0
-31 -57 5 0
-31 -57 6 0
-36 -65 22 0
-37 -54 3 0
-5 -55 6 0
-6 -55 5 0
-5 -55 5 0
-32 -57 8 0
-33 -57 7 0
-34 -64 23 0
-37 -67 23 0
-37 -67 24 0
-31 -55 8 0
-34 -67 24 0
-36 -65 21 0
-31 -56 7 0
-31 -51 1 1
-35 -51 2 1000
-34 -51 2 1
-34 -66 23 0
-33 -66 23 0
-34 -66 22 0
-33 -66 22 0
-34 -65 22 0
-35 -65 22 0
-35 -64 22 0
-36 -66 22 0
-37 -65 22 0
-37 -66 22 0
-37 -68 23 0
-34 -51 1 1
-36 -67 22 0
-37 -68 22 0
-35 -67 23 0
-35 -68 23 0
-35 -67 22 0
-35 -68 22 0
-34 -68 23 0
-34 -67 22 0
-34 -68 22 0
-35 -66 22 0
-35 -66 21 0
-40 -55 23 0
-43 -75 16 0
-43 -75 15 0
-43 -77 16 0
-39 -79 13 0
-39 -79 17 0
-39 -81 14 0
-39 -81 15 0
-31 -79 16 0
-36 -64 22 0
-30 -80 16 0
-33 -52 0 1
-35 -65 25 0
-11 -72 7 0
-36 -65 23 0
-36 -65 25 0
-31 -55 7 0
-36 -66 24 0
-36 -65 24 0
-38 -65 23 0
-38 -65 25 0
-35 -69 23 0
-38 -65 24 0
-38 -64 24 0
-38 -62 23 0
-36 -62 25 0
-3 -53 6 1
-2 -54 3 0
-3 -54 2 0
-3 -54 3 0
-45 -52 26 1
-4 -53 3 0
-3 -51 2 0
-3 -52 2 0
-3 -51 3 0
-3 -52 3 0
-46 -61 0 1
-46 -60 6 0
-45 -62 5 0
-1 -95 6 0
-2 -94 7 0
-1 -94 7 0
-1 -94 6 0
-1 -93 7 0
-2 -53 6 1
-2 -55 3 0
-2 -55 2 0
-3 -53 3 0
-2 -53 3 0
-43 -59 6 0
-44 -58 5 0
-44 -58 6 0
-44 -60 5 0
-45 -60 5 0
-29 -57 7 0
-36 -69 22 0
-1 -53 -1 1
-1 -54 -1 1
-1 -55 -1 1
-46 -74 14 0
-7 -53 5 0
-47 -73 15 0
-47 -72 15 0
-47 -72 16 0
-47 -73 14 0
-47 -72 14 0
-48 -74 15 0
-48 -73 15 0
-48 -73 16 0
-48 -74 14 0
-48 -73 14 0
-49 -74 15 0
-49 -74 16 0
-49 -74 14 0
-48 -76 15 0
-48 -76 16 0
-48 -76 14 0
-47 -75 14 0
-47 -74 17 0
-47 -74 13 0
-1 -55 3 0
-1 -54 3 0
-2 -54 2 0
-1 -53 3 0
-15 -51 -1 1
-1 -53 2 0
-1 -54 2 1
-14 -52 3 0
-15 -51 2 0
-39 -71 7 0
-15 -51 3 0
-38 -72 6 0
-39 -71 6 0
-39 -72 7 0
-47 -52 26 1
-39 -72 6 0
-39 -74 7 0
-4 -98 7 0
-5 -98 3 1
-5 -99 3 1
-25 -54 9 1
-25 -53 8 1
-25 -53 9 1
-46 -87 7 0
-26 -54 5 1
-47 -85 6 0
-26 -53 5 1
-40 -80 6 0
-40 -80 7 0
-39 -80 6 0
-39 -80 7 0
-39 -79 6 0
-39 -79 7 0
-44 -82 6 0
-44 -82 9 0
-40 -85 1 1
-40 -84 1 1
-39 -85 1 1
-39 -84 1 1
-38 -85 1 1
-41 -82 6 0
-41 -82 7 0
-41 -81 6 0
-41 -81 7 0
-35 -53 3 0
-44 -83 6 0
-4 -51 6 1
-2 -51 0 1
-2 -51 5 1
-1 -51 0 2
-1 -51 5 2
-1 -52 0 1
-3 -51 6 1
-1 -51 -1 1
-2 -52 0 2
-3 -51 0 1
-3 -51 5 0
-50 -51 30 0
-48 -67 -1 1
-46 -67 -1 1
-44 -67 2 0
-41 -52 26 0
-41 -52 28 0
-40 -52 27 0
-41 -52 27 0
-43 -51 25 0
-43 -51 29 0
-42 -52 26 0
-42 -52 28 0
-43 -53 26 0
-30 -74 20 0
-2 -57 6 0
-30 -74 19 0
-31 -74 20 0
-31 -75 19 0
-31 -74 19 0
-33 -74 20 0
-33 -74 19 0
-30 -71 20 0
-30 -73 20 0
-29 -73 19 0
-30 -73 19 0
-32 -72 17 0
-32 -72 18 0
-31 -73 20 0
-32 -74 20 0
-32 -74 19 0
-33 -73 20 0
-33 -73 19 0
-30 -72 20 0
-30 -72 19 0
-32 -71 17 0
-32 -71 18 0
-31 -73 19 0
-32 -73 20 0
-32 -72 20 0
-32 -73 19 0
-32 -72 19 0
-34 -73 19 0
-28 -60 5 0
-30 -80 15 0
-29 -81 15 0
-28 -57 8 0
-29 -82 15 0
-29 -82 17 0
-29 -57 8 0
-30 -58 7 0
-31 -57 7 0
-30 -58 8 0
-45 -51 8 1
-49 -51 24 1
-46 -70 2 0
-46 -70 3 0
-46 -70 1 0
-47 -69 3 0
-48 -68 2 0
-48 -68 3 0
-49 -66 0 1
-49 -66 1 3
-49 -66 2 2
-48 -66 0 1
-48 -66 1 1
-48 -66 2 1
-47 -67 0 1
-47 -67 1 1
-47 -66 0 1
-47 -66 1 2
-47 -66 2 1
-49 -51 23 1
-49 -73 0 1
-49 -73 1 1
-47 -74 0 1
-47 -74 1 1
-47 -74 2 1
-47 -73 0 1
-48 -70 4 0
-49 -69 -1 1
-48 -69 -1 1
-47 -71 -1 1
-47 -70 -1 1
-47 -69 -1 1
-23 -61 7 0
-29 -82 16 0
-46 -75 13 0
-46 -75 17 0
-45 -76 16 0
-47 -76 14 0
-47 -76 16 0
-47 -76 15 0
-48 -75 14 0
-48 -75 16 0
-48 -75 15 0
-47 -75 15 0
-47 -74 14 0
-47 -74 16 0
-44 -76 13 0
-44 -76 17 0
-46 -69 2 0
-45 -69 2 0
-46 -69 3 0
-45 -69 1 0
-47 -68 2 0
-46 -68 2 1
-46 -68 3 1
-46 -68 1 0
-47 -67 2 0
-47 -67 3 0
-48 -65 0 1
-48 -65 1 4
-48 -65 2 3
-47 -65 0 1
-47 -65 1 2
-47 -65 2 1
-46 -66 0 2
-46 -66 1 1
-46 -65 0 1
-46 -65 1 1
-46 -65 2 1
-50 -66 0 1
-50 -66 1 1
-50 -66 2 1
-49 -70 3 0
-49 -70 1 0
-47 -69 4 0
-48 -68 -1 1
-47 -68 -1 1
-46 -70 -1 1
-46 -69 -1 1
-46 -68 -1 1
-44 -77 15 0
-50 -64 5 0
-45 -89 6 1
-49 -63 3 1
-48 -63 1 1
-48 -63 2 1
-48 -63 3 1
-44 -68 1 0
-46 -65 -1 1
-33 -54 8 0
-33 -56 7 0
-38 -85 0 2
-39 -86 -1 1
-38 -86 -1 1
-37 -86 -1 1
-39 -87 1 0
-50 -70 15 0
-35 -89 1 1
-35 -87 2 1
-35 -86 2 1
-47 -62 2 1
-42 -87 1 1
-42 -87 2 1
-42 -86 0 1
-42 -86 2 1
-31 -73 17 0
-31 -73 18 0
-31 -73 21 0
-40 -88 0 1
-11 -75 8 0
-41 -88 1 1
-41 -88 0 1
-40 -87 1 1
-40 -87 3 0
-42 -88 2 2
-42 -88 1 1
-40 -88 2 0
-40 -87 0 1
-41 -87 1 3
-23 -51 5 1
-42 -85 3 1
-25 -57 6 0
-35 -89 0 1
-36 -89 0 1
-40 -59 3 0
-37 -90 3 1
-16 -82 16 0
-17 -83 16 1
-17 -83 17 1
-17 -83 18 1
-17 -83 19 1
-18 -85 15 1
-18 -84 15 1
-18 -83 15 1
-17 -85 15 1
-17 -84 15 3
-17 -83 15 1
-17 -86 15 1
-16 -86 15 1
-16 -85 15 5
-15 -86 15 4
-16 -87 15 1
-15 -87 15 1
-14 -87 15 1
-14 -86 15 1
-13 -85 16 0
-15 -84 15 0
-21 -81 3 0
-23 -81 3 0
-23 -81 4 0
-24 -81 3 0
-24 -81 4 0
-14 -83 8 0
-13 -84 15 0
-13 -82 15 0
-15 -82 15 0
-16 -82 15 0
-18 -85 14 1
-18 -84 14 1
-18 -83 14 1
-17 -85 14 1
-17 -84 14 3
-17 -83 14 2
-17 -86 14 1
-16 -86 14 1
-16 -85 14 3
-15 -86 14 4
-16 -87 14 1
-15 -87 14 1
-14 -87 14 1
-14 -86 14 1
-13 -85 15 0
-15 -84 14 0
-22 -82 2 0
-22 -81 2 0
-24 -80 3 0
-24 -80 4 0
-24 -80 2 0
-25 -81 3 0
-25 -81 4 0
-25 -81 2 0
-25 -82 3 0
-14 -84 15 0
-13 -84 14 0
-14 -83 15 0
-13 -82 14 0
-15 -83 15 0
-15 -82 14 0
-16 -82 14 0
-18 -85 13 1
-18 -84 13 1
-18 -83 13 1
-17 -85 13 1
-17 -84 13 1
-17 -83 13 2
-16 -87 13 1
-16 -86 13 1
-15 -87 13 2
-15 -86 13 3
-14 -87 13 1
-14 -86 13 1
-13 -85 14 0
-15 -84 13 0
-16 -86 6 1
-15 -86 6 1
-14 -86 6 1
-14 -85 6 1
-14 -84 7 0
-13 -85 7 0
-15 -83 5 0
-14 -84 14 0
-14 -83 14 0
-15 -83 14 0
-16 -84 14 0
-17 -86 13 2
-18 -87 12 1
-18 -87 13 1
-18 -87 14 1
-18 -86 12 1
-18 -86 13 1
-18 -86 14 1
-18 -85 12 1
-17 -87 12 1
-17 -87 13 1
-17 -87 14 1
-17 -86 12 1
-16 -87 12 1
-16 -88 12 1
-16 -88 13 1
-16 -88 14 1
-15 -88 12 1
-15 -88 13 1
-28 -82 3 0
-13 -83 6 0
-13 -82 6 0
-15 -81 6 0
-16 -82 6 0
-18 -84 5 5
-18 -83 5 5
-18 -82 5 1
-17 -84 5 4
-17 -83 5 4
-17 -82 5 1
-17 -85 5 7
-16 -85 5 2
-16 -84 5 5
-15 -85 5 5
-14 -85 9 1
-16 -86 5 1
-15 -86 5 1
-14 -86 5 1
-14 -85 5 1
-13 -85 6 0
-14 -83 6 0
-15 -82 6 0
-16 -84 8 1
-14 -84 6 0
-15 -83 4 0
-27 -78 3 0
-27 -78 4 0
-22 -84 31 1
-22 -83 29 1
-22 -83 30 1
-22 -83 31 1
-22 -82 29 1
-22 -82 30 1
-22 -82 31 1
-21 -84 29 1
-21 -83 29 1
-21 -82 29 1
-21 -82 30 1
-17 -83 33 0
-17 -83 29 2
-29 -82 2 0
-27 -82 4 0
-27 -82 2 0
-27 -80 4 0
-27 -80 5 0
-27 -80 0 1
-28 -81 -1 1
-28 -80 -1 1
-28 -79 -1 1
-15 -83 30 0
-20 -85 29 1
-20 -85 30 1
-20 -84 30 1
-19 -85 29 1
-21 -89 3 2
-20 -90 3 1
-20 -90 4 1
-20 -90 5 1
-20 -89 3 1
-20 -89 4 1
-20 -89 5 1
-20 -90 6 1
-22 -89 2 1
-21 -89 2 1
-20 -91 2 1
-20 -90 2 1
-20 -89 2 1
-24 -91 6 1
-24 -90 4 1
-24 -90 5 1
-24 -90 6 1
-23 -90 5 1
-24 -91 5 1
-25 -92 4 0
-20 -82 30 1
-25 -92 5 0
-23 -92 2 0
-20 -81 30 1
-19 -81 28 1
-16 -84 29 1
-30 -80 2 0
-31 -80 2 0
-30 -81 3 0
-30 -81 4 0
-30 -81 2 0
-29 -81 3 0
-29 -81 4 0
-29 -81 2 0
-29 -80 5 0
-29 -80 0 1
-30 -81 -1 1
-30 -80 -1 1
-30 -79 -1 1
-29 -81 -1 1
-29 -80 -1 1
-29 -79 -1 1
-15 -82 29 0
-16 -82 28 0
-16 -81 28 0
-17 -80 28 0
-18 -81 29 0
-20 -83 27 1
-20 -82 27 2
-20 -81 27 1
-19 -83 27 1
-19 -82 27 3
-19 -81 27 1
-18 -84 27 1
-18 -83 27 5
-17 -84 27 3
-17 -83 27 1
-16 -84 27 1
-16 -83 27 1
-17 -82 27 0
-15 -82 28 0
-16 -82 27 0
-17 -81 28 0
-16 -81 27 0
-17 -80 27 0
-18 -81 28 0
-20 -83 26 1
-20 -82 26 4
-20 -81 26 1
-19 -83 26 2
-19 -82 26 2
-19 -81 26 1
-19 -84 27 1
-16 -83 29 0
-17 -82 26 0
-3 -100 7 0
-3 -100 5 0
-3 -100 6 0
-3 -100 9 0
-3 -100 8 0
-5 -100 8 0
-4 -100 6 0
-4 -99 8 0
-3 -99 6 0
-2 -99 6 0
-2 -100 6 0
-1 -99 5 1
-1 -100 5 1
-22 -84 -1 1
-23 -82 -1 1
-23 -83 -1 1
-24 -86 3 1
-37 -52 3 0
-38 -52 3 1
-37 -52 4 0
-12 -51 -1 1
-12 -52 -1 1
-11 -51 5 0
-10 -52 2 0
-11 -52 2 0
-13 -52 3 0
-2 -97 8 0
-2 -97 6 0
-2 -97 7 0
-2 -97 10 0
-2 -97 9 0
-1 -100 6 2
-1 -98 9 0
-1 -98 8 0
-2 -99 7 0
-2 -99 9 0
-2 -99 8 0
-3 -98 9 0
-2 -98 8 0
-26 -63 6 0
-48 -75 0 1
-48 -75 1 1
-48 -75 2 1
-48 -74 0 1
-1 -95 10 0
-1 -97 9 0
-1 -96 9 0
-1 -97 8 0
-2 -96 9 0
-1 -94 10 0
-1 -95 9 0
-1 -96 8 0
-2 -95 9 0
-2 -95 8 0
-1 -94 9 0
-3 -94 8 0
-1 -85 8 0
-1 -86 7 0
-2 -86 7 0
-1 -91 9 0
-1 -90 9 0
-46 -80 8 0
-46 -80 7 0
-45 -81 7 0
-37 -81 5 0
-38 -83 3 1
-24 -91 32 0
-24 -92 31 0
-25 -92 32 0
-24 -93 32 0
-23 -93 31 0
-23 -94 32 0
-22 -93 32 0
-15 -99 4 1
-15 -100 5 1
-15 -99 5 1
-15 -98 5 1
-14 -100 5 1
-14 -99 5 1
-14 -98 5 1
-16 -98 3 0
-15 -97 3 0
-16 -97 3 0
-16 -97 4 0
-16 -97 2 0
-18 -97 3 0
-23 -92 33 0
-18 -98 4 0
-18 -97 2 0
-17 -99 3 0
-18 -99 3 0
-18 -99 4 0
-18 -99 2 0
-18 -100 3 0
-18 -100 4 0
-18 -100 2 0
-16 -100 4 1
-22 -92 32 0
-21 -92 33 0
-17 -100 5 1
-45 -68 -1 1
-16 -100 5 1
-18 -52 7 0
-16 -99 4 0
-16 -99 5 0
-16 -99 0 1
-17 -100 -1 1
-17 -99 -1 1
-17 -98 -1 1
-16 -98 -1 1
-15 -98 -1 1
-36 -88 2 4
-40 -85 2 1
-17 -53 9 1
-17 -53 8 1
-18 -53 9 1
-21 -67 7 0
-20 -67 7 0
-20 -66 7 0
-19 -65 8 0
-19 -66 8 0
-19 -65 7 0
-19 -66 7 0
-18 -66 8 0
-49 -97 2 0
-43 -52 27 0
-32 -51 0 1
-32 -52 0 1
-47 -63 2 1
-38 -89 3 1
-31 -83 15 0
-32 -83 16 0
-33 -81 15 0
-18 -87 4 2
-19 -87 6 1
-24 -90 7 1
-22 -92 7 2
-22 -94 7 1
-23 -93 2 0
-23 -93 3 0
-23 -93 6 1000
-25 -91 4 0
-4 -81 8 0
-4 -81 7 0
-3 -80 7 0
-21 -85 5 1
-23 -94 3 0
-20 -95 5 0
-22 -94 5 0
-22 -94 6 0
-22 -94 3 0
-22 -94 2 0
-21 -86 6 1
-20 -86 5 3
-19 -87 4 3
-19 -87 5 4
-21 -82 27 1
-21 -82 28 1
-21 -81 26 1
-21 -81 27 1
-21 -81 28 1
-21 -81 29 1
-21 -83 25 1
-21 -81 25 1
-20 -82 25 1
-20 -81 25 1
-19 -84 26 1
-25 -91 8 0
-18 -83 26 5
-23 -93 9 0
-18 -85 26 1
-18 -85 27 1
-17 -85 26 1
-17 -85 27 1
-16 -85 26 1
-16 -85 27 1
-18 -85 25 1
-18 -84 25 4
-18 -81 26 0
-19 -80 26 0
-19 -84 25 1
-15 -83 25 0
-14 -82 23 0
-15 -82 23 0
-16 -82 23 0
-19 -85 23 1
-19 -85 22 1
-19 -84 22 1
-19 -83 22 1
-18 -85 22 1
-18 -84 22 3
-14 -85 23 1
-13 -85 24 0
-14 -85 25 0
-20 -85 -1 1
-20 -84 -1 1
-20 -83 -1 1
-19 -85 -1 1
-19 -84 -1 1
-19 -83 -1 1
-23 -84 4 1
-23 -84 5 3
-23 -83 6 1
-18 -86 3 0
-21 -83 3 0
-22 -86 4 2
-22 -86 5 1
-21 -85 3 0
-19 -86 3 1
-18 -87 3 1
-19 -86 2 1
-20 -87 1 1
-20 -86 1 1
-19 -87 1 1
-19 -86 1 1
-18 -86 1 1
-20 -93 4 1
-21 -93 5 4
-21 -94 6 1
-21 -93 6 2
-20 -94 5 1
-20 -94 6 1
-20 -93 5 1
-20 -93 6 1
-21 -92 4 1
-22 -90 5 6
-23 -90 6 1
-42 -53 25 0
-23 -89 4 1
-23 -89 5 1
-23 -89 6 1
-22 -90 6 1
-22 -89 4 1
-22 -89 5 1
-22 -89 6 1
-21 -90 5 1
-21 -90 6 1
-21 -89 4 2
-21 -89 5 1
-21 -89 6 1
-24 -91 4 1
-23 -92 5 0
-24 -92 5 0
-24 -92 4 0
-23 -93 4 0
-24 -93 4 0
-24 -93 5 0
-24 -94 5 0
-22 -95 5 0
-21 -94 5 1
-22 -93 6 2
-22 -93 2 0
-50 -80 0 1
-45 -63 0 1
-49 -82 1 1
-49 -82 2 1
-49 -62 3 0
-49 -81 0 1
-50 -63 3 0
-50 -64 3 0
-49 -81 1 1
-49 -81 2 1
-50 -66 4 0
-48 -65 3 0
-50 -64 1 1
-50 -63 1 1
-43 -53 25 0
-43 -55 26 0
-50 -90 5 0
-50 -90 6 0
-50 -90 9 0
-49 -92 8 0
-49 -92 7 0
-50 -92 8 0
-50 -91 8 0
-50 -92 7 0
-50 -91 7 0
-41 -53 24 0
-40 -54 25 0
-39 -54 25 0
-39 -54 26 0
-40 -53 25 0
-41 -52 25 0
-42 -54 25 0
-43 -54 25 0
-42 -55 25 0
-48 -90 7 0
-41 -56 25 0
-43 -57 4 0
-42 -59 7 0
-43 -57 3 0
-49 -74 0 1
-49 -75 0 1
-34 -71 19 0
-32 -69 19 0
-33 -84 14 0
-34 -82 14 0
-34 -82 16 0
-34 -82 15 0
-33 -81 14 0
-32 -81 14 0
-27 -81 4 0
-27 -81 2 0
-30 -81 14 0
-30 -82 14 0
-30 -84 16 0
-30 -84 15 0
-33 -83 15 0
-31 -82 13 0
-31 -82 14 0
-42 -58 2 1
-23 -91 4 1
-23 -91 5 5
-23 -91 6 4
-22 -91 3 1
-23 -91 2 1
-31 -84 15 0
-23 -90 2 1
-50 -63 2 1
-23 -90 4 1
-22 -91 2 1
-22 -90 2 1
-22 -90 3 1
-22 -90 4 1
-21 -91 2 1
-21 -91 3 1
-21 -90 2 1
-21 -90 3 4
-21 -90 4 4
-23 -92 4 1000
-23 -93 5 0
-23 -92 3 0
-23 -94 4 0
-24 -94 4 0
-32 -83 15 0
-22 -94 4 1
-23 -94 5 0
-43 -58 2 1
-33 -82 15 0
-43 -58 0 1
-43 -59 0 1
-44 -58 2 1
-44 -58 1 1
-44 -58 0 1
-15 -71 8 0
-14 -72 8 0
-14 -72 7 0
-13 -70 8 0
-45 -61 4 0
-13 -70 7 0
-13 -71 7 0
-12 -71 8 0
-17 -51 5 0
-7 -53 3 0
-17 -51 6 0
-7 -55 5 0
-7 -55 4 0
-9 -54 5 0
-8 -54 5 0
-9 -54 4 0
-8 -54 4 0
-39 -52 1 1
-40 -52 3 1
-40 -52 2 1
-43 -51 26 0
-43 -51 28 0
-43 -51 27 0
-50 -81 0 1
-50 -82 0 1
-50 -83 0 1
-16 -53 1 1
-17 -52 1 1
-17 -53 3 1
-50 -72 13 0
-39 -88 5 0
-39 -88 4 0
-40 -89 4 0
-41 -88 4 0
-41 -88 3 0
-40 -87 4 0
-9 -74 7 0
-9 -75 8 0
-9 -74 8 0
-44 -82 7 0
-44 -83 8 0
-39 -75 3 1
-39 -76 3 1
-39 -77 3 1
-40 -75 3 1
-40 -76 3 1
-40 -77 3 1
-41 -75 3 1
-41 -76 3 1
-41 -77 3 1
-47 -52 3 1
-2 -94 3 1
-2 -95 3 1
-4 -94 3 1
-3 -95 4 1
-45 -51 26 1
-23 -55 9 1
-8 -100 6 0
-45 -51 10 1
-34 -65 23 0
-5 -99 6 0
-10 -78 7 0
-9 -78 8 0
-10 -78 8 0
-30 -60 8 0
-21 -65 7 0
-5 -98 6 0
-18 -87 5 1
-21 -85 6 1
-21 -81 6 1
-21 -81 5 1
-17 -83 28 4
-16 -83 28 1
-17 -89 29 1
-21 -89 30 4
-21 -88 31 0
-21 -81 4 1
-23 -93 19 0
-23 -94 20 0
-16 -82 32 0
-20 -85 3 0
-24 -91 21 0
-24 -92 20 0
-22 -87 3 1
-22 -87 4 1
-22 -87 5 1
-22 -86 3 1
-15 -84 23 0
-15 -84 22 0
-21 -88 3 1
-22 -88 2 1
-25 -90 4 0
-26 -91 7 1
-26 -90 5 1
-26 -90 7 1
-26 -89 5 1
-26 -89 6 1
-26 -89 7 1
-25 -90 7 1
-21 -93 23 1
-21 -92 23 1
-21 -91 23 1
-20 -93 21 1
-20 -93 22 1
-20 -93 23 1
-20 -92 21 1
-20 -92 22 2
-20 -92 23 1
-20 -91 21 1
-20 -91 22 1
-20 -91 23 1
-22 -90 22 1
-21 -91 22 1
-21 -90 22 1
-22 -91 22 4
-23 -90 23 1
-24 -93 22 0
-23 -93 21 0
-23 -94 22 0
-22 -93 22 0
-23 -92 23 1000
-45 -92 1 1
-43 -92 2 0
-37 -84 4 1
-45 -94 3 2
-39 -91 4 0
-46 -93 4 2
-45 -93 4 1
-45 -94 4 1
-44 -92 1 1
-38 -86 3 1
-47 -93 1 1
-38 -80 4 0
-43 -95 0 1
-44 -96 -1 1
-42 -96 -1 1
-42 -93 1 1
-41 -93 1 1
-44 -94 2 1
-44 -93 1 1
-45 -95 3 1
-44 -97 3 0
-45 -98 1 1
-45 -98 2 1
-38 -74 5 0
-38 -74 9 0
-45 -98 3 1
-45 -97 1 1
-44 -95 0 2
-45 -96 -1 1
-46 -94 0 1
-46 -93 0 1
-45 -93 0 1
-46 -96 2 0
-29 -79 16 0
-9 -52 0 1
-41 -92 3 0
-38 -81 3 0
-41 -77 8 0
-6 -54 4 0
-43 -83 6 0
-44 -89 2 1
-47 -100 2 1
-47 -99 0 1
-46 -100 0 1
-46 -100 1 1
-46 -100 2 1
-46 -99 0 1
-22 -51 5 1
-23 -52 4 1
-23 -52 5 1
-23 -52 6 1
-22 -55 6 1000
-18 -85 -1 1
-18 -84 -1 1
-18 -83 -1 1
-23 -85 4 2
-23 -85 5 1
-23 -85 6 1
-20 -83 1 1
-19 -85 21 1
-19 -84 21 1
-19 -83 21 1
-18 -83 7 1
-18 -84 7 1
-16 -82 8 0
-15 -82 8 0
-15 -81 9 0
-13 -82 8 0
-13 -83 8 0
-23 -92 8 1000
-25 -92 7 0
-24 -92 7 0
-25 -92 6 0
-23 -92 7 1000
-21 -90 8 1
-21 -91 8 1
-21 -92 8 1
-14 -83 9 0
-21 -93 8 1
-22 -92 8 1
-22 -93 8 1
-23 -93 8 0
-23 -93 7 0
-23 -94 7 0
-23 -95 6 0
-17 -87 32 0
-15 -87 30 1
-15 -88 29 1
-15 -87 29 1
-15 -86 29 1
-14 -88 29 1
-14 -88 30 1
-14 -88 31 1
-14 -87 29 1
-14 -87 30 1
-14 -87 31 1
-14 -86 29 1
-14 -86 30 1
-14 -86 31 1
-17 -86 32 0
-18 -85 31 1
-18 -85 32 0
-18 -85 30 1
-20 -85 31 1
-20 -86 32 0
-17 -88 32 0
-18 -87 32 0
-18 -87 33 0
-18 -87 29 1
-23 -94 6 0
-24 -94 7 0
-24 -93 7 0
-25 -93 6 0
-24 -64 8 0
-24 -63 8 0
-25 -63 7 0
-25 -63 8 0
-25 -65 7 0
-25 -65 8 0
-23 -63 9 0
-25 -61 8 0
-25 -60 8 0
-26 -62 8 0
-27 -62 8 0
-16 -87 32 0
-17 -85 32 0
-19 -85 32 0
-18 -88 32 0
-19 -86 29 1
-18 -88 29 1
-18 -86 29 3
-26 -63 7 0
-48 -51 28 0
-50 -52 28 0
-16 -86 32 0
-18 -84 31 0
-18 -90 32 1
-18 -86 32 0
-18 -86 33 0
-19 -86 28 1
-19 -85 28 1
-18 -87 28 1
-18 -86 28 1
-17 -87 28 1
-50 -52 29 0
-26 -63 8 0
-16 -85 32 0
-18 -84 32 0
-19 -86 32 0
-25 -64 7 0
-15 -86 31 0
-15 -86 32 0
-15 -86 30 0
-16 -84 31 0
-16 -84 32 0
-16 -84 30 1
-17 -84 31 0
-17 -84 32 0
-17 -84 30 1
-19 -84 31 0
-19 -84 32 0
-17 -86 33 0
-25 -64 8 0
-25 -62 9 0
-25 -62 6 0
-49 -51 28 0
-25 -62 5 0
-28 -61 7 0
-15 -85 31 0
-15 -85 32 0
-15 -85 30 0
-17 -83 31 0
-17 -83 32 0
-17 -83 30 1
-17 -85 33 0
-17 -84 28 3
-16 -84 28 1
-7 -52 3 0
-10 -51 4 0
-45 -67 3 1
-48 -51 3 1
-49 -52 27 0
-16 -83 31 0
-16 -83 32 0
-16 -83 30 1
-19 -83 32 0
-48 -51 22 1
-5 -97 7 0
-31 -83 16 0
-9 -76 8 0
-15 -84 31 0
-17 -82 31 0
-39 -51 0 1
-17 -82 32 0
-17 -82 30 0
-17 -84 33 0
-17 -84 29 2
-26 -82 3 0
-25 -82 4 0
-26 -82 4 0
-26 -82 2 0
-25 -83 2 0
-24 -84 2 0
-22 -83 2 0
-24 -82 4 0
-24 -82 5 0
-24 -82 1 1
-25 -83 0 1
-25 -82 0 1
-25 -81 0 2
-24 -83 0 1
-24 -82 0 1
-24 -81 0 1
-23 -82 0 1
-23 -81 0 1
-24 -82 3 0
-21 -88 32 0
-20 -91 32 0
-21 -90 32 0
-21 -90 33 0
-20 -90 28 1
-20 -89 28 3
-18 -82 31 0
-18 -82 32 0
-18 -82 30 0
-19 -82 31 0
-20 -84 31 1
-18 -84 33 0
-38 -74 8 0
-23 -81 2 0
-25 -80 3 0
-25 -79 3 0
-23 -92 21 1000
-25 -80 4 0
-25 -80 2 0
-26 -81 3 0
-26 -80 3 0
-26 -80 4 0
-26 -80 2 0
-27 -81 3 0
-16 -82 30 0
-18 -81 31 0
-45 -83 7 0
-19 -82 32 0
-19 -82 30 1
-18 -83 32 0
-18 -83 33 0
-19 -82 28 3
-18 -82 28 1
-17 -82 28 1
-22 -93 21 1
-22 -92 21 1
-22 -91 21 3
-21 -93 21 1
-21 -92 21 2
-21 -91 21 1
-22 -90 21 1
-21 -90 21 1
-23 -90 21 2
-18 -81 32 0
-18 -81 30 0
-25 -92 21 0
-24 -93 21 0
-23 -93 20 0
-23 -94 21 0
-23 -92 22 1000
-45 -83 5 0
-45 -83 6 0
-45 -83 9 0
-42 -58 1 3
-47 -87 8 0
-45 -87 7 1
-46 -87 8 0
-19 -90 32 1
-20 -88 31 0
-23 -88 31 1
-21 -88 4 1
-21 -88 5 1
-20 -88 3 1
-20 -88 4 1
-20 -88 5 1
-16 -81 31 0
-21 -88 2 1
-20 -88 2 1
-17 -81 32 0
-17 -81 30 0
-19 -81 31 0
-25 -90 6 2
-21 -83 30 1
-22 -84 29 1
-22 -84 30 1
-26 -90 6 1
-19 -88 31 0
-20 -88 32 0
-19 -88 30 0
-22 -88 32 0
-21 -91 32 0
-25 -89 5 1
-25 -89 6 1
-25 -89 7 1
-24 -89 7 1
-25 -93 4 0
-25 -93 5 0
-19 -89 31 1
-18 -89 31 1
-19 -89 32 1
-19 -89 30 1
-19 -88 32 0
-20 -87 31 0
-20 -87 32 0
-20 -87 30 0
-20 -89 33 0
-21 -89 27 1
-21 -88 27 1
-20 -90 27 1
-20 -89 27 1
-20 -88 27 1
-19 -90 27 1
-19 -89 27 1
-19 -88 27 1
-22 -91 23 5
-22 -90 23 1
-21 -90 23 1
-23 -90 22 2
-24 -90 23 1
-24 -89 21 1
-24 -89 22 1
-24 -89 23 1
-23 -89 21 1
-23 -89 22 1
-23 -89 23 1
-22 -89 21 1
-22 -89 22 1
-22 -89 23 1
-24 -91 22 0
-24 -92 21 0
-25 -92 22 0
-18 -89 32 0
-18 -89 30 1
-19 -87 31 0
-19 -90 31 1
-19 -90 30 2
-47 -85 9 0
-47 -85 5 0
-42 -59 1 2
-43 -58 1 1
-42 -61 2 0
-41 -62 1 0
-41 -62 3 0
-41 -62 2 0
-6 -80 8 0
-7 -79 7 0
-21 -58 5 1
-37 -56 1 0
-41 -60 1 3
-41 -60 0 1
-41 -61 2 1
-41 -61 1 1
-21 -51 4 1
-48 -69 1 1
-48 -69 2 1
-47 -69 0 2
-47 -69 1 1
-47 -69 2 1
-19 -93 21 1
-19 -93 22 1
-19 -93 23 1
-19 -92 21 1
-19 -92 22 1
-19 -92 23 1
-19 -91 21 1
-19 -91 22 1
-19 -91 23 1
-22 -92 22 1
-22 -93 23 1
-22 -92 23 2
-21 -93 22 1
-20 -93 20 1
-20 -92 20 1
-20 -91 20 1
-49 -70 2 0
-50 -67 0 1
-24 -90 20 1
-24 -89 20 1
-23 -89 20 1
-22 -89 20 1
-24 -91 23 0
-24 -92 22 0
-25 -92 23 0
-24 -93 23 0
-23 -93 22 0
-23 -94 23 0
-23 -92 24 1000
-50 -67 1 2
-49 -67 0 1
-49 -67 1 2
-49 -67 2 1
-43 -87 2 1
-48 -68 1 1
-44 -92 3 0
-48 -67 1 2
-2 -56 7 0
-39 -90 4 0
-38 -91 3 1
-38 -91 4 1
-2 -57 7 0
-3 -57 7 0
-2 -57 8 0
-2 -59 7 0
-35 -88 4 1
-29 -64 7 0
-29 -64 6 0
-28 -63 6 0
-28 -64 6 0
-28 -63 7 0
-28 -64 7 0
-27 -64 6 0
-27 -64 7 0
-28 -62 5 0
-28 -62 4 0
-45 -95 -1 1
-45 -94 -1 1
-30 -63 6 0
-30 -63 7 0
-32 -63 5 1
-32 -62 5 1
-22 -93 24 1
-22 -92 24 2
-22 -91 24 4
-21 -93 24 1
-21 -92 24 1
-21 -91 24 1
-22 -90 24 1
-21 -90 24 1
-23 -90 24 1
-24 -91 24 0
-24 -92 23 0
-25 -92 24 0
-24 -93 24 0
-23 -93 23 0
-23 -94 24 0
-23 -92 25 1000
-32 -62 6 1
-32 -62 7 1
-32 -61 5 1
-32 -61 6 1
-32 -61 7 1
-31 -63 6 1
-31 -63 7 1
-32 -64 5 1
-22 -93 25 1
-22 -92 25 3
-22 -91 25 5
-21 -93 25 1
-21 -92 25 1
-21 -91 25 1
-19 -51 6 1
-20 -51 5 2
-21 -52 4 1
-41 -54 26 0
-21 -52 5 4
-21 -52 6 15
-25 -55 9 1
-21 -51 5 4
-21 -51 6 1
-20 -52 4 1
-20 -52 5 1000
-20 -52 6 1000
-20 -51 4 1
-19 -52 4 1
-41 -55 26 0
-41 -55 27 0
-41 -55 25 0
-40 -55 26 0
-40 -55 27 0
-40 -55 25 0
-20 -51 6 1
-18 -52 6 0
-41 -53 25 0
-30 -78 17 0
-42 -55 26 0
-49 -64 1 1
-45 -63 2 1
-46 -84 5 0
-22 -53 4 1
-33 -72 19 0
-31 -72 20 0
-32 -72 21 0
-31 -72 19 0
-42 -62 0 1
-42 -62 1 1
-42 -62 2 1
-45 -64 2 0
-45 -63 3 0
-49 -51 8 1
-45 -61 0 1
-31 -71 19 0
-30 -71 19 0
-31 -71 20 0
-47 -51 8 1
-50 -92 2 1
-46 -68 4 1
-45 -68 4 1
-45 -67 4 1
-44 -68 3 1
-44 -68 4 2
-43 -66 2 0
-43 -66 3 0
-30 -76 17 0
-30 -76 18 0
-30 -76 21 0
-29 -77 18 0
-29 -78 19 0
-30 -78 18 0
-30 -78 20 0
-30 -78 19 0
-31 -77 18 0
-42 -63 3 0
-42 -62 3 0
-47 -62 5 0
-48 -62 5 0
-48 -63 6 0
-48 -63 5 0
-46 -63 6 0
-46 -64 6 0
-50 -83 1 1
-50 -83 2 1
-50 -83 3 1
-50 -82 1 1
-50 -82 2 1
-17 -53 1 1
-17 -53 2 1
-31 -59 7 1
-31 -59 8 0
-13 -73 8 0
-7 -54 5 0
-7 -54 6 0
-49 -99 -1 1
-50 -99 -1 1
-12 -72 8 0
-48 -51 18 1
-36 -69 20 0
-50 -100 0 1
-50 -100 4 0
-45 -51 4 2
-45 -51 3 1
-46 -51 5 1
-46 -51 4 2
-46 -51 3 7
-47 -51 5 1
-3 -97 3 1
-47 -51 27 1
-4 -96 3 1
-30 -60 7 1
-46 -51 27 1
-11 -75 6 0
-26 -61 8 0
-43 -80 5 0
-40 -93 2 0
-44 -93 2 1
-43 -94 3 0
-43 -94 4 0
-43 -94 2 0
-42 -94 3 0
-43 -82 8 0
-43 -82 7 0
-43 -81 7 0
-45 -82 6 0
-45 -82 8 0
-45 -51 27 1
-45 -82 7 0
-44 -81 7 0
-45 -80 6 0
-45 -80 8 0
-45 -80 7 0
-45 -79 6 0
-45 -79 8 0
-44 -59 6 0
-43 -59 4 0
-44 -59 4 0
-43 -60 5 0
-43 -60 6 0
-49 -51 3 1
-42 -61 5 0
-42 -61 6 0
-42 -60 4 0
-3 -95 6 0
-48 -52 26 10
-49 -51 6 1
-42 -59 6 0
-48 -53 27 0
-50 -52 26 0
-43 -57 5 0
-48 -51 7 1
-46 -51 28 0
-42 -57 3 0
-44 -61 5 0
-44 -60 6 0
-37 -79 14 0
-41 -56 5 0
-39 -57 5 0
-50 -51 28 0
-4 -94 7 0
-43 -61 5 0
-43 -62 5 0
-4 -95 7 0
-39 -79 15 0
-32 -68 21 0
-49 -51 18 1
-20 -68 8 0
-37 -67 20 0
-46 -66 3 0
-46 -51 24 1
-40 -78 14 0
-49 -51 13 1
-49 -51 7 1
-37 -79 15 0
-48 -51 13 1
-38 -88 1 4
-38 -88 0 1
-34 -62 6 1
-34 -62 7 1
-33 -62 6 1
-33 -62 7 1
-45 -92 3 1
-41 -81 5 0
-41 -81 4 1
-42 -88 3 1
-35 -90 3 1
-35 -90 4 1
-37 -88 1 1
-38 -88 -1 1
-37 -88 -1 1
-40 -88 3 0
-38 -88 2 0
-37 -90 5 1
-36 -90 5 1
-36 -89 5 1
-35 -90 5 1
-40 -83 6 0
-40 -83 7 0
-40 -81 5 0
-40 -81 4 1
-42 -85 0 1
-42 -85 1 1
-41 -86 0 1
-40 -85 5 1
-37 -89 5 1
-40 -86 -1 1
-36 -86 4 14
-18 -56 9 1
-18 -55 9 1
-17 -55 8 1
-17 -55 9 1
-39 -82 3 0
-40 -90 1 1
-44 -93 3 1
-48 -92 2 1
-21 -55 7 1
-22 -54 8 3
-22 -54 9 1
-22 -53 9 1
-21 -54 8 1
-21 -53 9 1
-42 -90 3 0
-43 -93 3 0
-42 -92 3 0
-40 -82 3 1
-34 -88 3 1
-35 -88 3 1
-38 -84 4 3
-1 -59 6 0
-45 -52 25 1
-39 -85 5 1
-39 -86 5 1
-38 -85 3 6
-36 -85 4 1
-39 -85 3 1
-40 -84 4 1
-40 -84 3 2
-40 -85 4 1
-41 -85 4 1
-43 -92 4 0
-39 -90 3 1
-34 -67 20 0
-34 -66 20 0
-36 -67 20 0
-42 -91 4 0
-42 -91 3 0
-43 -91 3 0
-36 -87 4 2
-49 -93 3 1
-49 -64 4 0
-31 -74 21 0
-31 -74 18 0
-31 -74 17 0
-29 -75 19 0
-4 -52 4 0
-6 -52 2 0
-28 -60 6 0
-47 -51 26 4
-30 -56 8 0
-30 -56 7 0
-11 -77 7 0
-29 -56 7 0
-50 -72 3 0
-47 -60 5 0
-48 -61 5 0
-49 -61 5 0
-49 -63 5 0
-35 -51 3 0
-50 -96 2 0
-49 -63 6 0
-47 -63 5 0
-47 -64 5 0
-47 -64 6 0
-47 -62 7 0
-47 -62 4 0
-5 -98 7 0
-48 -74 13 0
-16 -70 8 0
-4 -99 6 0
-12 -73 7 0
-32 -71 21 0
-4 -55 3 0
-45 -61 8 0
-48 -62 7 0
-39 -57 23 0
-47 -64 4 0
-39 -59 24 0
-1 -57 9 0
-48 -64 6 0
-2 -94 6 0
-3 -94 7 0
-47 -62 3 0
-48 -74 1 1
-28 -57 7 0
-38 -79 16 0
-4 -94 8 0
-5 -95 8 0
-3 -97 8 0
-39 -53 0 1
-50 -73 14 0
-50 -73 -1 1
-49 -93 5 1
-49 -93 4 1
-49 -94 5 1
-49 -94 4 1
-49 -95 5 1
-50 -93 5 1
-50 -93 4 1
-50 -94 5 1
-48 -71 0 1
-50 -94 4 1
-48 -72 1 1
-48 -72 0 1
-48 -73 0 1
-49 -71 2 1
-49 -71 1 1
-49 -71 0 2
-49 -72 0 1
-50 -71 0 1
-49 -72 1 1
-49 -72 3 0
-49 -72 2 0
-49 -74 1 1
-49 -74 3 0
-49 -74 2 1
-36 -52 0 1
-22 -66 8 0
-7 -55 6 0
-39 -57 22 0
-5 -54 7 0
-50 -99 3 0
-50 -98 2 0
-50 -99 2 1
-48 -99 3 0
-48 -99 2 0
-31 -59 6 1
-29 -60 7 1
-29 -58 7 0
-50 -61 4 0
-44 -62 7 0
-45 -61 7 0
-44 -67 1 0
-45 -66 2 0
-43 -71 5 0
-41 -77 6 0
-43 -71 6 0
-43 -71 4 0
-42 -72 5 0
-42 -72 6 0
-42 -72 4 0
-41 -72 6 0
-41 -71 6 0
-41 -71 7 0
-41 -71 3 0
-40 -77 7 0
-40 -77 8 0
-40 -77 6 0
-39 -76 7 0
-38 -77 7 0
-39 -76 6 0
-38 -77 6 0
-40 -75 9 0
-40 -75 5 0
-41 -60 5 0
-40 -60 4 0
-41 -58 6 0
-41 -58 2 0
-22 -91 33 0
-23 -91 32 0
-23 -90 33 0
-24 -91 33 0
-24 -92 32 0
-25 -92 33 0
-24 -93 33 0
-23 -93 32 0
-23 -94 33 0
-22 -93 33 0
-23 -92 34 0
-16 -51 3 0
-16 -51 4 0
-17 -52 2 1
-18 -53 1 1
-18 -53 2 1
-46 -80 6 0
-49 -74 13 0
-50 -74 13 0
-8 -75 7 0
-35 -53 1 0
-8 -55 4 0
-23 -56 9 1
-40 -77 4 0
-40 -77 5 0
-41 -68 5 0
-23 -91 33 0
-41 -68 6 0
-41 -68 4 0
-42 -68 5 0
-42 -68 6 0
-42 -68 4 0
-43 -69 5 0
-43 -68 5 0
-43 -68 6 0
-43 -68 4 0
-43 -70 5 0
-44 -70 5 0
-39 -59 23 0
-44 -70 6 0
-44 -70 4 0
-42 -70 6 0
-42 -70 7 0
-42 -70 4 0
-42 -70 3 0
-32 -51 1 1
-38 -59 23 0
-36 -59 23 0
-4 -57 6 0
-4 -57 7 0
-4 -57 5 0
-3 -58 5 0
-3 -56 8 0
-3 -56 5 0
-3 -56 4 0
-4 -97 3 1
-3 -96 7 0
-2 -96 7 0
-3 -96 6 0
-1 -91 6 0
-1 -91 8 0
-1 -90 7 0
-1 -91 7 0
-2 -93 6 0
-6 -51 3 0
-1 -92 8 0
-41 -56 0 1
-41 -57 0 1
-40 -56 1 3
-40 -56 5 0
-39 -58 4 0
-39 -58 3 0
-27 -59 8 0
-26 -58 7 0
-18 -53 3 1
-18 -52 1 1
-18 -52 2 1
-18 -52 3 1
-18 -51 1 1
-38 -71 5 0
-38 -71 4 0
-39 -70 4 0
-40 -70 5 0
-40 -69 5 0
-18 -94 4 1
-40 -70 6 0
-40 -70 4 0
-40 -69 4 0
-41 -71 5 0
-41 -70 5 0
-41 -70 6 0
-41 -71 4 0
-41 -70 4 0
-42 -71 5 0
-17 -93 2 1
-42 -71 6 0
-17 -93 4 1
-20 -94 3 0
-20 -94 4 1
-21 -94 3 0
-21 -94 4 1
-21 -96 3 0
-22 -96 3 0
-44 -68 5 0
-21 -96 4 0
-20 -96 3 0
-20 -96 4 0
-21 -97 4 0
-20 -96 5 0
-20 -96 0 1
-45 -69 4 0
-45 -70 5 0
-45 -70 4 0
-43 -69 6 0
-43 -69 7 0
-43 -69 4 0
-43 -69 3 1
-47 -51 18 1
-31 -81 14 0
-1 -87 7 0
-1 -86 8 0
-2 -92 9 0
-1 -93 8 0
-1 -93 9 0
-1 -85 7 0
-40 -58 2 1
-40 -58 1 2
-31 -82 16 0
-45 -63 -1 1
-46 -63 -1 1
-38 -58 3 0
-38 -56 2 0
-44 -95 1 0
-44 -94 1 1
-46 -92 0 1
-45 -92 0 1
-44 -93 0 1
-44 -92 0 1
-46 -98 3 0
-46 -98 1 0
-44 -99 1 1
-44 -99 2 1
-44 -99 3 1
-43 -99 1 1
-43 -99 2 1
-43 -99 3 1
-45 -99 0 1
-44 -99 0 1
-44 -98 0 1
-20 -58 9 1
-20 -57 9 1
-19 -58 8 1
-19 -58 9 1
-19 -57 9 1
-25 -54 8 1
-24 -54 7 1
-23 -54 8 1
-25 -55 4 1
-25 -54 4 1
-23 -51 3 1
-23 -51 4 1
-41 -85 2 1
-42 -86 3 1
-41 -87 3 0
-22 -51 3 1
-2 -51 6 1
-1 -51 6 1
-41 -79 6 0
-40 -79 6 0
-42 -78 9 0
-42 -78 5 0
-42 -83 2 1
-42 -84 2 1
-35 -85 4 1
-35 -85 6 0
-35 -85 5 0
-35 -86 5 1
-35 -86 4 1
-21 -57 6 0
-21 -57 5 1
-19 -58 5 1
-41 -69 4 0
-42 -70 5 0
-42 -69 5 0
-42 -69 6 0
-42 -69 4 0
-21 -67 8 0
-47 -51 6 1
-19 -69 7 0
-46 -52 3 1
-17 -67 7 0
-19 -95 5 0
-19 -93 4 0
-19 -93 5 1
-19 -70 8 0
-20 -92 6 1
-19 -93 6 1
-3 -56 7 0
-3 -55 7 0
-19 -92 6 1
-18 -94 6 1
-18 -93 5 1
-18 -93 6 1
-18 -92 4 1
-18 -92 5 1
-18 -92 6 1
-22 -65 8 0
-21 -93 4 1
-23 -66 7 0
-21 -66 8 0
-4 -55 5 0
-21 -66 7 0
-4 -55 4 0
-4 -55 7 0
-4 -56 5 0
-6 -56 5 0
-6 -55 6 0
-2 -56 5 1
-1 -57 5 1
-1 -57 6 1
-20 -91 5 1
-20 -91 6 1
-21 -93 3 0
-22 -93 4 1
-22 -93 5 1000
-22 -93 3 0
-22 -95 4 0
-23 -95 4 0
-19 -64 7 0
-23 -95 5 0
-22 -95 3 0
-23 -95 3 0
-21 -95 4 0
-22 -96 4 0
-22 -96 5 0
-21 -95 3 0
-21 -96 5 0
-19 -96 5 0
-21 -95 5 0
-21 -95 6 0
-21 -95 2 0
-21 -66 5 0
-21 -66 6 0
-17 -82 8 1
-17 -86 8 1
-17 -85 8 1
-16 -86 8 1
-50 -63 6 0
-50 -64 4 0
-48 -64 5 0
-35 -54 2 0
-35 -54 3 0
-46 -84 6 0
-46 -84 9 0
-45 -86 7 0
-46 -86 8 0
-46 -85 8 0
-46 -86 7 0
-46 -85 7 0
-47 -85 8 0
-47 -86 7 0
-47 -85 7 0
-50 -100 2 1
-26 -61 7 0
-28 -58 7 0
-28 -59 8 0
-28 -58 8 0
-29 -59 7 0
-10 -51 3 0
-35 -62 23 0
-29 -60 8 0
-7 -76 7 0
-2 -55 6 2
-3 -55 5 1
-3 -54 5 1
-3 -54 6 1
-42 -60 6 0
-7 -79 5 0
-7 -79 6 0
-38 -81 5 0
-41 -82 5 1
-39 -84 6 0
-39 -84 7 0
-39 -84 5 1
-39 -82 5 0
-39 -82 4 0
-39 -58 24 0
-33 -51 4 1
-41 -59 24 0
-37 -57 25 0
-37 -57 24 0
-39 -62 25 0
-39 -62 24 0
-40 -61 23 0
-39 -61 25 0
-39 -61 24 0
-40 -56 23 0
-3 -51 4 0
-9 -51 0 1
-10 -51 0 2
-10 -52 0 1
-11 -51 0 2
-42 -89 3 0
-42 -89 4 0
-42 -92 2 0
-40 -92 2 0
-39 -92 3 0
-11 -51 4 0
-12 -51 3 0
-11 -51 3 0
-49 -71 -1 1
-49 -72 -1 1
-49 -73 -1 1
-50 -71 -1 1
-50 -72 -1 1
-37 -82 5 0
-41 -84 5 1
-38 -84 6 0
-38 -84 7 0
-34 -54 7 0
-49 -73 2 0
-50 -74 3 0
-35 -53 8 0
-35 -54 8 0
-50 -72 2 0
-35 -56 7 0
-49 -68 0 1
-35 -55 8 0
-33 -54 9 0
-5 -51 -1 1
-5 -52 -1 1
-4 -51 0 3
-44 -78 14 0
-5 -51 2 0
-5 -51 3 0
-11 -51 2 0
-12 -51 2 0
-14 -51 2 0
-14 -51 4 0
-5 -100 3 1
-47 -51 3 1
-47 -51 4 1
-1 -52 4 1
-1 -53 6 1
-1 -53 5 3
-2 -52 6 1
-2 -52 5 2
-40 -92 3 0
-2 -53 5 2
-39 -60 25 0
-37 -60 24 0
-38 -59 25 0
-38 -60 25 0
-39 -58 26 0
-36 -74 3 0
-36 -75 4 0
-37 -75 4 0
-37 -60 25 0
-36 -75 5 0
-37 -75 3 0
-36 -77 4 0
-36 -77 5 0
-36 -77 3 0
-35 -77 4 0
-35 -77 5 0
-35 -77 3 0
-33 -77 5 0
-35 -75 5 0
-35 -75 6 0
-35 -75 2 0
-30 -75 21 0
-3 -93 7 0
-3 -93 8 0
-3 -94 6 0
-3 -93 6 0
-46 -52 4 1
-6 -53 4 0
-4 -53 4 0
-5 -98 9 0
-5 -98 8 0
-1 -52 6 1
-4 -53 5 0
-6 -96 7 0
-32 -60 7 1
-32 -60 6 1
-27 -62 7 0
-25 -59 7 0
-26 -60 8 0
-5 -97 6 0
-45 -64 3 1
-38 -57 25 0
-8 -97 7 0
-34 -74 4 0
-34 -74 5 0
-35 -73 5 0
-36 -73 4 0
-36 -72 4 0
-35 -52 3 0
-36 -73 5 0
-37 -74 4 0
-37 -73 4 0
-37 -74 5 0
-37 -73 5 0
-38 -74 4 0
-46 -51 7 1
-37 -76 4 0
-37 -75 5 0
-37 -76 5 0
-36 -76 4 0
-36 -76 5 0
-8 -52 -1 1
-34 -66 21 0
-34 -65 21 0
-34 -82 13 0
-34 -82 17 0
-33 -83 14 0
-36 -67 21 0
-37 -67 21 0
-36 -68 22 0
-36 -68 23 0
-36 -68 21 0
-33 -83 16 0
-36 -83 14 0
-36 -83 16 0
-35 -68 21 0
-35 -69 21 0
-33 -68 22 0
-34 -68 21 0
-35 -67 24 0
-35 -67 21 0
-26 -60 7 0
-18 -82 4 1
-17 -84 4 1
-17 -83 4 1
-17 -82 4 1
-16 -86 4 1
-16 -85 4 1
-15 -86 4 1
-15 -85 4 1
-14 -86 4 1
-14 -85 4 1
-16 -85 8 5
-15 -86 8 1
-15 -85 10 2
-15 -85 11 1
-15 -85 12 1
-14 -86 12 1
-14 -85 12 1
-34 -54 1 0
-34 -54 2 0
-38 -51 1 1
-40 -54 0 1
-45 -52 3 1
-46 -52 5 1
-9 -52 -1 1
-9 -53 -1 1
-10 -51 -1 1
-21 -68 8 0
-21 -66 9 0
-14 -83 5 0
-13 -83 5 0
-13 -82 5 0
-15 -82 5 0
-15 -81 5 0
-16 -82 5 0
-16 -83 5 0
-10 -53 -1 1
-8 -53 3 0
-9 -53 3 0
-11 -52 4 0
-14 -84 5 0
-3 -95 8 0
-2 -96 8 0
-1 -97 7 0
-37 -51 7 0
-37 -51 8 0
-36 -52 7 0
-37 -52 7 0
-36 -52 8 0
-37 -52 8 0
-35 -51 9 0
-35 -51 6 0
-35 -51 5 0
-35 -51 7 0
-14 -82 6 0
-15 -84 5 1
-38 -51 8 0
-47 -52 2 1
-47 -51 2 1
-46 -52 2 1
-46 -51 2 1
-41 -58 5 0
-40 -58 5 0
-19 -83 6 1
-42 -58 5 0
-43 -58 4 0
-43 -58 5 0
-43 -60 4 0
-43 -59 5 0
-41 -60 4 0
-34 -69 19 0
-41 -54 23 0
-35 -66 23 0
-50 -93 0 1
-32 -66 4 0
-32 -66 5 0
-33 -67 8 0
-34 -68 4 0
-40 -82 8 0
-40 -81 8 0
-39 -82 8 0
-46 -64 4 1
-18 -85 5 4
-44 -64 1 0
-41 -64 2 0
-43 -62 3 0
-43 -62 4 0
-43 -61 0 1
-46 -62 8 0
-40 -55 4 0
-39 -55 4 0
-40 -55 3 0
-39 -55 3 0
-40 -54 4 0
-41 -54 3 0
-40 -54 3 1
-40 -53 4 0
-40 -53 3 1
-39 -53 4 0
-39 -53 3 1
-38 -54 4 0
-38 -54 3 0
-35 -65 20 0
-32 -56 5 0
-32 -56 6 0
-36 -69 21 0
-33 -57 8 0
-34 -56 8 0
-35 -69 20 0
-34 -56 7 0
-34 -81 15 0
-27 -58 8 0
-46 -51 11 4
-47 -52 10 1
-47 -52 11 1
-47 -52 12 1
-36 -53 3 0
-36 -52 3 0
-35 -79 15 0
-35 -80 15 0
-6 -97 6 0
-6 -97 7 0
-27 -61 8 0
-19 -81 6 1
-19 -81 7 1
-16 -82 3 0
-26 -61 9 0
-26 -61 6 0
-31 -78 18 0
-30 -79 18 0
-30 -79 19 0
-29 -78 18 0
-30 -77 17 0
-30 -77 16 0
-30 -77 18 0
-40 -81 16 0
-40 -81 15 0
-41 -79 14 0
-41 -79 16 0
-41 -79 15 0
-40 -56 0 1
-40 -78 16 0
-40 -78 15 0
-40 -79 15 0
-39 -78 14 0
-28 -78 18 0
-29 -78 17 0
-33 -55 8 0
-33 -54 7 0
-40 -61 2 0
-40 -61 3 0
-40 -61 1 0
-32 -54 7 0
-32 -55 7 0
-31 -54 8 0
-31 -54 7 0
-46 -51 17 1
-39 -59 1 1
-17 -80 4 0
-17 -80 5 0
-19 -82 4 0
-19 -84 4 1
-19 -83 4 1
-18 -85 4 1
-17 -82 3 0
-17 -82 2 0
-1 -82 8 0
-37 -72 5 0
-37 -72 9 0
-37 -72 8 0
-36 -74 6 0
-36 -74 8 0
-36 -74 7 0
-37 -74 6 0
-37 -73 6 0
-37 -74 8 0
-37 -74 7 0
-37 -73 7 0
-39 -74 6 0
-39 -74 8 0
-20 -83 4 1
-20 -82 4 1
-20 -81 4 1
-19 -81 5 1
-19 -85 4 1
-18 -86 4 1
-18 -86 5 3
-18 -86 6 1
-40 -56 25 0
-1 -93 6 0
-19 -81 4 1
-21 -51 1 1
-46 -51 19 4
-37 -83 4 1
-37 -87 4 1
-35 -88 5 1
-34 -87 5 1
-42 -56 5 0
-6 -80 7 0
-33 -68 21 0
-20 -84 4 1
-20 -84 5 3
-20 -84 6 1
-20 -85 4 1
-20 -85 5 3
-20 -85 6 1
-17 -83 3 0
-17 -83 2 0
-46 -66 2 0
-45 -66 1 0
-48 -51 10 1
-20 -64 7 0
-50 -65 2 1
-49 -65 1 1
-49 -51 30 0
-48 -69 3 0
-47 -70 3 0
-45 -70 2 0
-47 -68 3 0
-44 -53 27 0
-46 -53 25 1
-32 -77 18 0
-31 -76 18 0
-29 -76 18 0
-28 -77 19 0
-28 -77 18 0
-2 -83 7 0
-2 -83 8 0
-37 -55 0 1
-42 -61 1 2
-43 -60 0 1
-42 -61 0 1
-42 -60 0 1
-3 -82 8 0
-42 -60 2 1
-41 -62 0 1
-41 -61 0 1
-4 -83 7 0
-5 -83 7 0
-4 -83 8 0
-3 -84 7 0
-41 -60 2 1
-46 -62 3 1
-44 -63 2 0
-45 -62 3 0
-48 -62 1 1
-48 -62 2 1
-45 -65 1 0
-42 -65 2 0
-42 -65 3 0
-42 -65 1 0
-44 -63 3 0
-44 -63 4 0
-44 -64 0 1
-40 -53 1 1
-40 -53 2 1
-37 -56 3 0
-6 -82 7 0
-5 -82 8 0
-37 -54 2 1000
-4 -79 8 0
-5 -78 7 0
-48 -51 15 1
-47 -51 15 1
-31 -53 0 1
-14 -70 8 0
-41 -54 4 0
-41 -55 3 0
-41 -55 4 0
-41 -57 3 0
-41 -57 4 0
-42 -61 3 0
-42 -59 0 1
-41 -59 0 1
-41 -59 1 1
-41 -59 2 1
-40 -61 0 1
-40 -60 0 1
-40 -60 1 1
-40 -60 2 1
-40 -59 0 1
-40 -59 1 3
-40 -59 2 1
-43 -61 2 0
-38 -55 3 0
-39 -56 4 0
-39 -56 3 0
-40 -51 2 1
-40 -51 1 1
-31 -70 20 0
-6 -100 6 0
-5 -100 6 0
-48 -51 24 1
-35 -65 21 0
-19 -57 6 1
-19 -57 5 1
-19 -57 4 1
-20 -57 6 8
-20 -57 5 1
-20 -57 4 1
-22 -57 6 0
-22 -56 6 1000
-22 -57 5 0
-22 -56 5 1
-18 -56 8 1
-18 -56 7 1
-19 -56 8 1
-18 -56 6 1
-18 -56 5 1
-30 -77 19 0
-30 -76 19 0
-39 -85 6 0
-39 -81 5 0
-37 -83 5 0
-37 -83 7 0
-37 -83 6 0
-40 -61 24 0
-36 -60 24 0
-39 -58 22 0
-39 -58 23 0
-15 -85 8 5
-14 -86 8 1
-14 -85 8 1
-14 -84 10 0
-13 -85 9 0
-15 -83 8 0
-3 -58 6 0
-3 -57 6 0
-23 -57 4 1
-24 -57 6 1
-24 -57 5 1
-24 -57 4 1
-18 -53 8 1
-18 -54 8 3
-18 -55 8 1
-3 -58 7 0
-4 -56 7 0
-3 -55 6 0
-20 -67 8 0
-21 -58 4 1
-22 -57 7 0
-19 -58 7 1
-19 -58 6 1
-18 -82 7 1
-17 -84 7 1
-17 -83 7 8
-17 -82 7 1
-14 -85 11 1
-16 -86 7 1
-16 -85 7 1
-15 -86 7 1
-15 -85 7 7
-14 -86 7 1
-14 -85 7 1
-14 -84 9 0
-13 -85 8 0
-15 -83 7 0
-15 -81 8 0
-18 -84 6 2
-18 -83 6 4
-18 -82 6 1
-17 -84 6 2
-17 -83 6 6
-17 -82 6 1
-17 -86 7 1
-17 -85 7 1
-14 -85 10 1
-14 -84 8 0
-19 -95 -1 1
-20 -95 -1 1
-21 -95 -1 1
-21 -96 -1 1
-21 -97 -1 1
-17 -93 3 1
-17 -94 4 1
-17 -94 3 1
-17 -94 2 1
-18 -93 4 1
-18 -93 3 1
-18 -93 2 1
-18 -94 2 1
-19 -93 2 1
-18 -94 3 1
-17 -85 6 1
-16 -85 6 2
-16 -84 6 11
-17 -55 6 1
-25 -58 4 0
-17 -55 4 1
-18 -55 6 1
-18 -55 5 1
-18 -55 4 1
-18 -54 5 2
-20 -54 6 0
-25 -58 8 0
-16 -52 4 1
-16 -53 6 1
-16 -53 5 1
-16 -53 4 1
-16 -54 6 1
-16 -54 5 1
-16 -54 4 1
-17 -53 4 1
-17 -54 6 1
-17 -54 5 1
-17 -54 4 1
-18 -54 4 1
-49 -95 3 1
-49 -96 3 1
-39 -88 3 0
-40 -85 0 1
-40 -86 0 1
-36 -87 0 1
-35 -88 1 1
-35 -88 0 1
-36 -88 1 2
-36 -88 0 1
-42 -91 2 0
-47 -93 0 1
-47 -94 0 1
-47 -95 0 1
-41 -93 0 1
-41 -94 0 1
-41 -95 0 1
-42 -94 0 1
-43 -93 0 1
-37 -87 -1 1
-38 -87 -1 1
-39 -87 -1 1
-38 -86 0 2
-35 -85 2 1
-45 -97 3 0
-45 -92 5 1
-46 -92 5 1
-46 -93 5 1
-47 -92 5 1
-47 -93 5 1
-47 -94 5 1
-42 -95 2 1
-43 -95 2 0
-37 -87 1 0
-35 -89 2 1
-39 -87 3 0
-33 -65 7 1
-33 -65 6 1
-33 -65 5 1
-31 -64 6 1
-31 -64 7 0
-29 -61 5 1
-29 -62 5 1
-30 -61 7 1
-29 -63 4 0
-29 -63 5 0
-29 -63 8 0
-28 -65 7 0
-28 -65 6 0
-29 -65 7 0
-19 -67 8 0
-18 -87 1 1
-19 -81 30 1
-17 -81 31 0
-16 -81 30 0
-15 -83 31 0
-41 -73 5 0
-42 -71 4 0
-32 -51 4 1
-16 -82 31 0
-30 -78 3 0
-29 -78 2 0
-29 -78 4 0
-33 -68 19 0
-46 -51 14 1
-41 -60 3 0
-45 -51 14 1
-47 -51 9 1
-34 -72 20 0
-5 -99 7 0
-30 -80 17 0
-9 -78 7 0
-32 -56 7 0
-35 -63 24 0
-43 -57 2 1
-43 -59 2 1
-36 -51 7 0
-35 -52 8 0
-36 -51 8 0
-49 -51 15 1
-43 -60 1 1
-36 -53 8 0
-36 -54 8 0
-34 -53 7 0
-34 -53 9 0
-34 -53 6 0
-46 -51 15 1
-50 -95 1 5
-45 -51 15 1
-39 -90 0 1
-37 -82 3 0
-46 -51 10 1
-38 -92 2 1
-38 -92 1 1
-6 -99 4 1
-7 -98 3 1
-6 -98 3 1
-1 -90 8 0
-13 -72 8 0
-48 -51 16 1
-32 -58 7 0
-45 -79 7 0
-44 -78 15 0
-43 -78 15 0
-43 -76 14 0
-29 -61 8 0
-43 -76 15 0
-42 -76 14 0
-48 -51 27 1
-33 -80 16 0
-31 -81 16 0
-32 -81 16 0
-32 -81 17 0
-31 -80 16 0
-9 -52 3 0
-31 -81 17 0
-31 -82 17 0
-8 -53 -1 1
-29 -81 17 0
-31 -80 14 0
-10 -52 -1 1
-50 -97 0 1
-50 -96 3 0
-49 -93 0 1
-50 -92 0 1
-46 -62 1 1
-46 -62 2 1
-45 -62 0 1
-50 -92 1 1
-44 -61 0 1
-46 -63 3 1
-47 -62 0 1
-47 -62 1 1
-50 -82 3 1
-50 -81 1 2
-50 -81 2 1
-50 -81 3 1
-37 -52 2 0
-37 -53 2 0
-36 -53 1 0
-36 -53 2 1000
-50 -73 2 0
-50 -73 3 0
-30 -66 6 0
-29 -66 7 0
-29 -66 6 0
-30 -64 8 0
-30 -64 9 0
-30 -64 5 0
-48 -70 0 2
-48 -70 1 2
-8 -52 5 0
-8 -52 6 0
-7 -53 4 0
-8 -52 4 0
-8 -53 5 0
-8 -53 6 0
-9 -53 4 0
-9 -53 5 0
-37 -69 7 0
-37 -69 8 0
-37 -69 6 0
-37 -70 7 0
-37 -70 8 0
-37 -70 6 0
-36 -71 7 0
-37 -71 7 0
-37 -71 8 0
-36 -71 6 0
-37 -71 6 0
-35 -71 7 0
-35 -72 7 0
-15 -71 7 0
-40 -80 16 0
-42 -80 14 0
-41 -80 16 0
-42 -80 15 0
-42 -79 14 0
-18 -81 6 1
-20 -86 4 7
-21 -87 3 1
-21 -87 4 1
-21 -87 5 1
-21 -86 3 3
-21 -86 4 2
-21 -86 5 2
-20 -87 3 1
-20 -87 4 1
-20 -87 5 1
-14 -97 2 1
-21 -87 2 1
-14 -97 3 1
-14 -97 4 1
-13 -97 2 1
-13 -97 3 1
-13 -97 4 1
-15 -98 4 1
-15 -99 3 0
-15 -98 3 0
-15 -97 2 2
-16 -97 1 1
-29 -78 3 0
-16 -96 1 1
-16 -96 2 1
-16 -96 3 1
-15 -97 1 1
-15 -96 1 1
-15 -96 2 1
-15 -96 3 1
-14 -97 1 1
-14 -96 1 1
-14 -96 2 1
-14 -96 3 1
-17 -98 3 0
-26 -79 -1 1
-17 -99 4 0
-17 -98 2 0
-16 -100 3 1
-17 -100 3 0
-17 -100 4 1
-17 -100 2 0
-40 -91 4 0
-42 -90 2 0
-15 -100 0 1
-42 -90 4 0
-16 -100 -1 1
-16 -99 -1 1
-15 -99 -1 1
-14 -99 -1 1
-43 -87 3 1
-48 -68 0 1
-34 -53 5 0
-40 -88 4 0
-38 -90 -1 1
-39 -90 -1 1
-40 -90 -1 1
-39 -89 5 0
-37 -90 4 1
-37 -91 4 1
-14 -100 4 1
-14 -99 2 1
-14 -99 3 2
-14 -99 4 1
-13 -99 2 2
-13 -99 4 1
-15 -100 3 1000
-30 -78 4 0
-15 -100 2 1
-15 -100 4 1
-14 -100 2 1
-14 -100 3 1
-23 -92 11 1000
-24 -86 4 1
-24 -86 5 1
-24 -83 -1 1
-24 -84 -1 1
-23 -83 0 1
-24 -82 6 1
-25 -83 5 1
-25 -84 5 1
-18 -82 29 0
-17 -80 29 0
-17 -81 29 0
-17 -80 30 0
-16 -81 29 0
-31 -51 4 1
-16 -82 29 0
-15 -82 30 0
-50 -63 -1 1
-25 -84 4 1
-25 -84 3 1
-25 -85 5 1
-25 -85 4 1
-25 -85 3 1
-19 -52 7 0
-20 -51 7 1
-17 -51 7 0
-24 -84 3 0
-25 -83 4 0
-25 -83 3 0
-21 -82 -1 1
-17 -54 9 1
-17 -54 8 1
-22 -82 -1 1
-18 -54 9 1
-20 -66 8 0
-23 -82 3 0
-25 -89 29 1
-25 -89 30 1
-25 -88 28 1
-25 -88 29 1
-25 -88 30 1
-24 -88 28 1
-24 -88 29 1
-24 -88 30 1
-23 -88 28 1
-23 -91 28 1
-50 -62 1 1
-50 -61 3 0
-22 -83 1 1
-13 -82 7 0
-15 -81 7 0
-16 -82 7 0
-19 -90 29 1
-18 -92 29 1
-18 -92 30 1
-18 -92 31 1
-18 -91 29 1
-18 -91 30 1
-18 -91 31 1
-18 -90 29 1
-18 -90 30 10
-18 -90 31 6
-20 -89 31 0
-21 -89 31 0
-20 -89 30 0
-20 -92 31 0
-16 -84 7 5
-15 -82 7 0
-22 -84 1 1
-22 -85 1 1
-21 -84 2 1
-22 -86 6 1
-22 -87 6 1
-22 -86 2 1
-22 -87 2 1
-42 -67 4 0
-20 -90 31 0
-20 -90 32 0
-20 -90 30 1
-20 -89 32 0
-22 -88 31 0
-22 -89 32 0
-23 -89 32 0
-20 -92 32 0
-22 -90 33 0
-21 -89 28 1
-43 -67 5 0
-43 -67 6 0
-43 -67 4 0
-13 -83 7 0
-14 -83 7 0
-15 -83 6 1
-23 -85 3 1
-22 -85 3 0
-23 -84 3 0
-22 -82 3 0
-33 -81 17 0
-33 -81 16 0
-32 -80 15 0
-33 -80 17 0
-43 -53 28 0
-41 -54 24 0
-39 -55 26 0
-39 -55 25 0
-41 -56 26 0
-42 -52 25 0
-42 -52 29 0
-41 -53 26 0
-41 -53 28 0
-41 -53 27 0
-42 -54 26 0
-42 -53 28 0
-42 -54 27 0
-42 -53 27 0
-44 -53 26 0
-44 -53 28 0
-17 -91 30 1
-17 -91 31 1
-17 -91 32 1
-17 -90 30 3
-17 -90 31 1
-17 -90 32 1
-17 -89 30 3
-17 -89 31 1
-17 -89 32 1
-18 -89 29 1
-17 -91 29 1
-17 -90 29 1
-50 -51 29 0
-29 -62 7 0
-29 -62 6 1
-42 -94 1 2
-43 -93 1 1
-27 -61 4 0
-27 -61 5 0
-48 -87 6 0
-48 -87 9 0
-47 -88 8 0
-25 -54 7 1
-25 -53 5 1
-25 -53 6 1
-25 -53 7 1
-24 -53 5 1
-24 -53 6 1
-24 -53 7 1
-24 -54 4 1
-24 -54 5 1
-25 -56 6 0
-25 -56 5 0
-23 -58 6 0
-23 -58 5 0
-36 -85 3 1
-36 -85 5 1
-36 -86 5 1
-48 -96 2 1
-48 -98 2 0
-48 -98 1 0
-46 -98 4 0
-46 -98 0 2
-47 -99 -1 1
-46 -99 -1 1
-45 -99 -1 1
-47 -92 4 1
-47 -92 3 1
-33 -62 5 1
-43 -82 4 1
-43 -82 5 1
-43 -81 4 1
-43 -81 5 1
-42 -83 6 0
-41 -84 6 0
-41 -84 7 0
-41 -83 6 0
-41 -83 7 0
-22 -56 9 1
-22 -55 8 2
-22 -55 9 1
-21 -56 9 1
-21 -55 8 1
-21 -55 9 1
-22 -56 4 0
-41 -85 0 1
-41 -85 1 1
-16 -98 4 0
-16 -98 2 0
-17 -97 3 0
-16 -96 4 0
-18 -96 3 0
-18 -96 4 0
-18 -96 2 0
-19 -96 3 0
-39 -87 2 0
-19 -96 4 0
-19 -96 2 0
-19 -98 3 0
-20 -98 3 0
-29 -56 8 0
-18 -98 3 0
-19 -98 4 0
-19 -98 2 0
-19 -99 3 0
-19 -99 4 0
-19 -99 2 0
-18 -98 5 0
-18 -98 0 1
-19 -99 -1 1
-19 -98 -1 1
-19 -97 -1 1
-18 -99 -1 1
-18 -98 -1 1
-18 -97 -1 1
-17 -97 -1 1
-30 -62 6 4
-43 -77 14 0
-43 -77 17 0
-44 -78 16 0
-45 -77 14 0
-45 -77 16 0
-45 -77 15 0
-47 -62 6 0
-48 -62 6 0
-39 -88 2 0
-34 -53 2 0
-35 -53 2 0
-6 -98 7 0
-22 -59 6 0
-22 -59 7 0
-43 -96 0 1
-42 -97 0 1
-42 -96 0 1
-42 -95 0 1
-43 -95 1 0
-45 -95 2 1
-47 -96 0 1
-46 -95 0 1
-45 -94 0 1
-46 -98 2 0
-46 -97 3 0
-46 -97 1 0
-45 -96 0 2
-46 -97 -1 1
-46 -96 -1 1
-46 -95 -1 1
-48 -61 4 0
-45 -51 25 1
-47 -51 25 1
-48 -51 25 1
-28 -60 9 0
-39 -54 4 0
-38 -53 4 0
-39 -54 3 0
-38 -53 3 1
-39 -52 4 0
-39 -52 3 1
-38 -58 2 1
-38 -57 0 1
-40 -57 0 1
-39 -57 0 1
-19 -69 8 0
-34 -51 4 0
-34 -51 3 1
-35 -51 4 0
-24 -55 9 1
-24 -56 9 1
-37 -51 4 0
-37 -51 3 0
-49 -64 6 0
-49 -63 4 0
-34 -84 16 0
-49 -62 7 0
-49 -62 1 1
-50 -63 0 1
-50 -62 0 1
-50 -61 0 1
-49 -63 0 1
-18 -97 4 0
-17 -97 4 0
-15 -98 1 1
-17 -95 3 0
-8 -52 2 0
-17 -95 4 0
-17 -95 2 1
-19 -95 3 0
-19 -95 4 0
-19 -95 2 0
-20 -95 3 0
-20 -95 4 0
-20 -95 2 0
-20 -97 3 0
-21 -97 3 0
-48 -70 -1 1
-19 -97 4 0
-20 -97 4 0
-19 -97 3 0
-20 -97 2 0
-20 -98 4 0
-20 -98 2 0
-17 -98 4 0
-19 -97 5 0
-19 -97 0 1
-20 -98 -1 1
-20 -97 -1 1
-20 -96 -1 1
-19 -96 -1 1
-18 -96 -1 1
-48 -71 -1 1
-48 -72 -1 1
-49 -70 -1 1
-50 -70 -1 1
-49 -71 4 0
-48 -73 1 1
-48 -73 3 0
-48 -73 2 0
-3 -96 8 0
-3 -96 9 0
-4 -97 8 0
-4 -97 9 0
-3 -98 8 0
-41 -89 -1 1
-41 -90 -1 1
-41 -91 -1 1
-40 -90 0 2
-40 -90 5 0
-36 -61 24 0
-11 -100 7 0
-38 -93 1 1
-39 -93 1 1
-11 -100 6 0
-37 -92 4 1
-37 -92 3 1
-48 -72 13 0
-37 -93 4 1
-37 -93 3 1
-37 -93 2 1
-38 -93 4 1
-38 -93 3 1
-38 -93 2 1
-38 -92 3 1
-13 -99 3 3
-2 -52 4 1
-41 -91 4 0
-14 -98 2 1
-14 -98 3 2
-14 -98 4 1
-13 -98 2 1
-13 -98 3 1
-13 -98 4 1
-12 -99 2 1
-12 -99 3 1
-12 -99 4 1
-12 -98 2 1
-12 -98 3 1
-12 -98 4 1
-2 -56 6 2
-41 -90 2 0
-41 -90 4 0
-42 -82 2 1
-42 -89 1 1
-43 -88 3 1
-43 -88 2 1
-43 -88 1 1
-43 -89 3 1
-43 -89 2 2
-43 -89 1 1
-43 -90 2 1
-43 -90 1 1
-42 -89 2 1
-41 -89 4 0
-41 -89 3 0
-43 -57 0 1
-39 -89 -1 1
-50 -70 13 0
-50 -72 12 0
-39 -62 23 0
-38 -89 4 0
-1 -57 8 0
-38 -63 24 0
-49 -98 2 0
-50 -98 3 0
-9 -75 7 0
-39 -87 0 1
-40 -90 2 1
-40 -91 3 1
-37 -91 3 1
-40 -89 2 0
-27 -63 7 0
-4 -85 7 0
-25 -91 10 0
-24 -91 11 0
-24 -92 11 0
-25 -92 11 0
-25 -93 10 0
-24 -93 11 0
-23 -93 11 0
-23 -94 11 0
-22 -93 11 0
-23 -92 12 1000
-3 -84 8 0
-50 -75 0 1
-49 -73 3 0
-1 -53 4 1
-50 -70 3 0
-50 -70 2 0
-48 -67 2 1
-4 -53 2 0
-1 -55 6 1
-1 -55 8 0
-45 -83 8 0
-44 -84 8 0
-45 -85 8 0
-40 -74 8 0
-50 -67 2 1
-45 -85 7 0
-45 -84 7 0
-46 -84 8 0
-46 -84 7 0
-47 -83 8 0
-47 -83 7 0
-46 -81 8 0
-46 -81 7 0
-48 -69 0 1
-48 -70 3 0
-47 -71 3 0
-17 -67 8 0
-48 -54 26 0
-48 -54 27 0
-46 -53 28 0
-49 -53 28 0
-46 -53 26 1
-46 -53 27 1
-49 -53 26 0
-49 -53 27 0
-46 -52 28 0
-48 -53 28 0
-48 -53 26 0
-37 -51 0 1
-3 -94 3 1
-3 -95 9 0
-36 -51 5 0
-36 -51 4 0
-35 -52 4 0
-37 -86 1 0
-43 -78 8 0
-43 -78 6 0
-44 -78 6 0
-39 -80 15 0
-40 -80 15 0
-39 -80 16 0
-40 -80 14 0
-39 -82 15 0
-39 -81 16 0
-49 -51 25 1
-9 -51 2 0
-31 -60 8 0
-29 -59 8 0
-29 -58 9 0
-29 -58 6 0
-13 -51 3 0
-30 -57 7 0
-13 -51 2 0
-1 -98 7 0
-13 -52 2 0
-2 -98 7 0
-4 -98 8 0
-3 -99 7 0
-4 -100 7 0
-3 -99 8 0
-4 -100 8 0
-2 -100 7 0
-2 -100 8 0
-38 -51 4 0
-38 -51 3 0
-31 -51 2 1
-11 -52 -1 1
-32 -51 2 2
-12 -52 3 0
-12 -51 4 0
-6 -52 3 0
-7 -51 3 0
-48 -62 3 0
-6 -97 3 1
-5 -98 4 1
-5 -53 4 0
-1 -52 5 2
-6 -99 6 0
-6 -96 6 0
-4 -53 6 0
-5 -54 5 0
-47 -63 4 0
-50 -62 4 0
-47 -64 3 0
-49 -65 4 0
-50 -62 6 0
-49 -65 5 0
-49 -67 4 0
-49 -67 3 0
-47 -65 5 0
-22 -92 11 1
-22 -93 12 1
-22 -92 12 2
-13 -100 5 1
-21 -93 10 1
-21 -93 11 1
-12 -100 5 1
-21 -92 10 1
-21 -92 11 1
-14 -98 1 1
-13 -99 1 1
-26 -54 7 1
-26 -53 6 1
-26 -53 7 1
-24 -54 9 1
-24 -53 8 1
-24 -53 9 1
-37 -57 1 0
-37 -57 3 0
-37 -57 2 0
-36 -63 25 0
-36 -63 23 0
-37 -63 25 0
-37 -63 23 0
-37 -65 24 0
-37 -65 23 0
-37 -66 24 0
-50 -71 13 0
-37 -66 23 0
-6 -81 8 0
-7 -82 7 0
-22 -62 8 0
-35 -83 15 0
-41 -54 1 1
-48 -100 1 1
-48 -99 0 1
-49 -97 3 0
-49 -97 0 1
-50 -98 -1 1
-50 -75 1 1
-50 -70 1 0
-30 -59 8 0
-45 -52 2 1
-45 -51 2 1
-48 -74 2 1
-46 -51 6 1
-50 -53 26 0
-47 -53 27 1
-49 -51 16 1
-22 -65 7 0
-22 -64 9 0
-41 -89 2 0
-44 -90 1 1
-44 -89 3 1
-43 -91 2 0
-41 -93 3 1
-41 -93 4 0
-41 -93 2 1
-41 -91 0 1
-42 -92 -1 1
-42 -91 -1 1
-42 -90 -1 1
-41 -92 -1 1
-40 -92 -1 1
-50 -62 3 0
-31 -53 2 1
-31 -52 0 1
-31 -52 1 1
-31 -52 2 1
-32 -80 16 0
-32 -80 18 0
-33 -53 2 0
-38 -62 25 0
-45 -51 18 1
-39 -58 25 0
-46 -51 18 1
-38 -61 22 0
-48 -60 4 0
-48 -64 4 0
-50 -90 7 0
-47 -68 4 0
-35 -62 25 0
-50 -90 8 0
-37 -60 23 0
-49 -91 7 0
-49 -91 8 0
-48 -91 7 0
-48 -90 8 0
-49 -89 9 0
-49 -89 6 0
-49 -89 5 0
-49 -99 3 0
-49 -99 2 1
-48 -100 2 1
-50 -100 3 0
-6 -54 5 0
-50 -61 5 0
-48 -51 17 1
-32 -55 8 0
-32 -54 8 0
-28 -60 8 0
-3 -92 6 0
-47 -63 6 0
-47 -61 5 0
-47 -61 7 0
-45 -51 17 1
-39 -53 1 2
-40 -52 0 1
-39 -52 0 1
-37 -58 2 0
-37 -58 3 0
-37 -58 1 0
-14 -51 3 0
-33 -55 7 0
-46 -63 5 0
-45 -63 6 0
-31 -84 16 0
-45 -63 7 0
-37 -56 2 0
-36 -56 2 0
-36 -56 3 0
-36 -56 1 0
-36 -54 2 0
-37 -54 1 0
-38 -55 2 0
-38 -54 2 0
-38 -54 1 0
-36 -57 2 0
-8 -51 4 0
-37 -56 0 1
-8 -51 5 0
-8 -51 3 0
-9 -51 4 0
-9 -51 5 0
-9 -51 3 0
-10 -52 4 0
-10 -52 5 0
-10 -52 3 0
-45 -63 5 0
-47 -52 5 1
-8 -100 3 1
-9 -100 3 1
-10 -99 7 0
-9 -100 7 0
-10 -99 6 0
-43 -78 16 0
-5 -95 6 0
-3 -97 7 0
-3 -97 6 0
-4 -96 8 0
-4 -96 9 0
-4 -96 4 1
-5 -96 3 1
-5 -95 3 1
-8 -76 8 0
-8 -77 8 0
-8 -76 7 0
-8 -77 7 0
-7 -76 8 0
-9 -79 7 0
-8 -79 7 0
-8 -78 8 0
-8 -78 7 0
-3 -53 2 0
-2 -53 2 0
-2 -52 3 0
-2 -52 2 0
-1 -52 3 0
-44 -61 6 0
-1 -51 2 0
-1 -52 2 0
-35 -67 19 0
-47 -51 7 1
-45 -51 5 1
-48 -51 5 1
-48 -51 4 1
-8 -99 3 1
-7 -100 4 1
-46 -51 26 3
-34 -67 21 0
-33 -67 21 0
-35 -64 23 0
-35 -64 25 0
-34 -64 24 0
-35 -64 24 0
-23 -63 6 0
-23 -63 5 0
-24 -62 7 0
-24 -62 8 0
-24 -61 7 0
-24 -61 8 0
-25 -61 7 0
-25 -60 7 0
-37 -62 22 0
-37 -62 23 0
-37 -62 26 0
-36 -64 23 0
-36 -64 25 0
-36 -64 24 0
-36 -63 24 0
-37 -64 23 0
-37 -64 25 0
-37 -64 24 0
-37 -63 24 0
-38 -64 23 0
-38 -64 25 0
-10 -53 4 0
-33 -52 1 0
-33 -52 3 0
-34 -52 1 0
-36 -52 1 0
-35 -62 24 0
-33 -54 6 0
-33 -54 5 0
-32 -53 8 0
-35 -81 16 0
-35 -81 15 0
-37 -83 16 0
-37 -83 15 0
-37 -81 14 0
-37 -81 16 0
-37 -81 15 0
-37 -80 14 0
-50 -64 6 0
-37 -80 15 0
-36 -81 15 0
-49 -64 5 0
-18 -87 6 1
-17 -87 4 1
-17 -87 5 1
-17 -87 6 1
-18 -84 3 0
-18 -84 2 0
-22 -85 4 2
-22 -85 5 1
-22 -85 6 1
-22 -84 4 1
-13 -82 24 0
-13 -84 23 0
-13 -84 25 0
-13 -84 24 0
-49 -51 10 1
-46 -67 0 1
-48 -51 23 1
-47 -51 23 1
-46 -51 23 1
-38 -73 4 0
-38 -73 5 0
-46 -66 -1 1
-32 -51 3 1
-27 -79 -1 1
-29 -82 4 0
-29 -82 3 0
-29 -80 2 0
-29 -80 4 0
-29 -80 3 0
-29 -79 2 0
-28 -80 2 0
-29 -79 4 0
-29 -79 3 0
-28 -80 3 0
-27 -78 2 0
-27 -79 2 0
-27 -79 3 0
-27 -80 2 0
-27 -80 -1 1
-27 -81 -1 1
-27 -82 -1 1
-26 -81 0 1
-26 -81 5 0
-26 -81 4 0
-25 -82 2 0
-28 -82 2 0
-28 -82 4 0
-27 -82 3 0
-28 -81 2 0
-28 -81 4 0
-28 -81 3 0
-28 -79 2 0
-28 -80 4 0
-28 -79 3 0
-27 -80 3 0
-26 -79 2 0
-26 -79 4 0
-26 -79 3 0
-26 -81 -1 1
-26 -82 -1 1
-25 -81 5 0
-24 -83 2 0
-21 -85 1 1
-21 -84 1 1
-21 -83 1 1
-21 -57 7 1
-20 -57 7 1
-19 -57 7 1
-21 -57 4 1
-22 -55 7 2
-20 -57 8 3
-20 -56 8 7
-20 -55 8 3
-19 -57 8 1
-24 -54 6 7
-25 -54 5 1
-25 -54 6 2
-20 -85 1 1
-20 -84 1 1
-29 -73 20 0
-29 -75 20 0
-31 -77 20 0
-31 -78 19 0
-32 -76 18 0
-30 -74 18 0
-29 -75 18 0
-28 -76 18 0
-30 -78 2 0
-30 -80 3 0
-31 -80 3 0
-30 -80 4 0
-2 -53 4 0
-4 -54 3 0
-49 -51 9 1
-5 -52 2 0
-4 -52 2 0
-5 -52 3 0
-4 -52 3 0
-4 -51 2 0
-4 -51 4 0
-4 -51 3 0
-2 -51 4 0
-3 -52 -1 1
-3 -53 -1 1
-3 -54 -1 1
-2 -53 0 1
-3 -52 6 1
-32 -60 5 1
-31 -59 5 1
-20 -54 7 0
-19 -53 7 0
-20 -52 8 1
-20 -51 8 1
-19 -51 8 0
-17 -53 6 1
-22 -54 7 5
-38 -89 -1 1
-44 -97 2 10
-43 -98 1 1
-43 -98 2 1
-43 -98 3 1
-42 -98 1 1
-42 -98 2 1
-42 -98 3 1
-43 -94 5 0
-43 -94 0 2
-44 -95 -1 1
-44 -94 -1 1
-44 -93 -1 1
-43 -95 -1 1
-42 -95 -1 1
-40 -85 6 0
-1 -87 8 0
-2 -86 8 0
-34 -65 24 0
-49 -61 4 0
-36 -66 20 0
-37 -67 22 0
-36 -83 15 0
-47 -60 6 0
-1 -89 6 0
-36 -82 16 0
-36 -82 15 0
-22 -64 6 0
-36 -81 14 0
-36 -81 16 0
-23 -66 8 0
-23 -65 8 0
-33 -70 18 0
-37 -80 16 0
-36 -66 21 0
-23 -63 8 0
-39 -53 25 0
-12 -76 8 0
-29 -79 15 0
-50 -54 26 0
-47 -54 27 0
-47 -54 26 0
-47 -51 11 1
-42 -51 26 0
-48 -51 11 1
-44 -51 27 0
-44 -51 26 0
-5 -80 5 0
-32 -53 7 0
-39 -77 15 0
-46 -51 29 0
-34 -65 25 0
-49 -75 15 0
-49 -75 14 0
-48 -74 16 0
-49 -51 5 1
-40 -60 5 0
-41 -60 6 0
-46 -69 1 0
-39 -53 26 0
-39 -53 27 0
-44 -51 28 0
-40 -52 26 0
-44 -61 4 0
-44 -61 8 0
-40 -52 25 0
-41 -51 25 0
-47 -52 4 1
-2 -54 7 1
-2 -55 7 0
-41 -57 6 0
-1 -56 6 1
-39 -78 16 0
-40 -59 5 0
-39 -59 4 0
-41 -59 3 0
-41 -58 3 0
-41 -59 5 0
-41 -59 4 0
-42 -59 3 0
-37 -58 24 0
-37 -58 25 0
-41 -58 24 0
-41 -58 25 0
-40 -60 24 0
-44 -59 5 0
-39 -82 14 0
-38 -80 17 0
-38 -80 13 0
-43 -61 7 0
-35 -90 1 1
-40 -89 -1 1
-36 -89 2 2
-36 -90 2 1
-50 -71 14 0
-49 -71 13 0
-37 -92 2 1
-37 -91 1 1
-37 -92 1 1
-33 -53 7 0
-33 -52 7 0
-35 -82 16 0
-38 -90 0 1
-43 -93 4 0
-41 -94 3 1
-41 -94 4 0
-40 -93 3 0
-40 -93 4 0
-37 -90 2 1
-37 -91 2 1
-42 -93 -1 1
-41 -93 -1 1
-40 -93 -1 1
-35 -65 24 0
-9 -77 7 0
-9 -76 7 0
-38 -91 2 2
-35 -80 14 0
-9 -77 8 0
-44 -60 0 1
-19 -67 9 0
-19 -67 6 0
-22 -67 7 0
-22 -67 8 0
-21 -68 7 0
-39 -60 2 0
-39 -60 3 0
-37 -53 3 0
-33 -67 23 0
-30 -83 16 0
-36 -51 3 0
-35 -51 0 1
-1 -57 7 1000
-7 -56 5 0
-8 -51 -1 1
-42 -57 4 0
-1 -90 3 1
-36 -51 1 1
-37 -52 0 1
-37 -53 4 0
-37 -54 4 0
-36 -54 3 0
-36 -54 4 0
-37 -52 1 1
-38 -53 0 1
-38 -52 0 1
-37 -53 0 1
-49 -52 25 1
-48 -52 25 1
-49 -52 26 0
-12 -72 7 0
-2 -93 7 0
-2 -92 7 0
-2 -92 8 0
-45 -51 7 1
-22 -64 5 0
-3 -93 3 1
-2 -93 3 1
-1 -95 3 1
-5 -54 6 0
-6 -53 5 0
-5 -96 6 0
-39 -51 3 1
-47 -51 16 1
-22 -81 3 0
-23 -82 4 0
-23 -83 3 0
-24 -83 3 0
-1 -100 7 1
-24 -85 3 1
-23 -82 6 1
-22 -83 0 1
-23 -84 -1 1
-2 -98 9 0
-2 -98 6 0
-2 -98 5 0
-22 -83 -1 1
-24 -82 -1 1
-17 -80 26 0
-17 -81 26 0
-29 -79 17 0
-33 -51 3 1
-49 -52 28 0
-49 -52 29 0
-40 -53 0 1
-39 -55 0 1
-39 -54 0 1
-48 -52 27 0
-38 -60 22 0
-38 -55 0 1
-38 -60 23 0
-38 -60 26 0
-37 -61 25 0
-37 -61 24 0
-38 -60 24 0
-38 -61 25 0
-38 -62 24 0
-38 -54 0 1
-34 -55 8 0
-38 -61 24 0
-34 -55 7 0
-34 -54 8 0
-48 -52 28 0
-48 -51 9 1
-47 -52 18 1
-47 -52 19 1
-47 -52 20 1
-47 -51 19 1
-40 -61 25 0
-46 -52 18 1
-47 -51 20 1
-46 -52 20 1
-46 -51 20 1
-45 -52 18 1
-45 -52 19 1
-45 -52 20 1
-45 -51 20 1
-46 -63 1 2
-30 -81 15 0
-46 -76 14 0
-45 -69 3 1
-46 -67 3 1
-46 -52 10 1
-47 -51 12 1
-31 -78 16 0
-49 -51 19 1
-50 -63 4 0
-48 -51 19 1
-49 -51 20 1
-29 -80 15 0
-32 -57 7 0
-48 -51 20 1
-5 -80 9 0
-45 -51 19 1
-7 -82 8 0
-34 -80 14 0
-4 -95 3 1
-1 -91 3 1
-1 -92 3 1
-2 -91 3 1
-2 -92 3 1
-1 -92 4 1
-1 -92 9 0
-3 -95 3 1
-3 -92 7 0
-4 -99 7 0
-21 -64 7 0
-49 -51 21 1
-44 -63 6 0
-47 -51 28 0
-48 -51 21 1
-47 -51 10 1
-47 -51 21 1
-22 -64 8 0
-7 -99 6 0
-1 -92 6 0
-31 -75 17 0
-31 -75 18 0
-31 -75 21 0
-15 -70 7 0
-15 -69 7 0
-15 -70 8 0
-15 -69 8 0
-16 -70 7 0
-16 -69 7 0
-30 -79 17 0
-32 -82 14 0
-32 -82 13 0
-34 -81 16 0
-34 -81 14 0
-46 -62 4 0
-26 -59 8 0
-27 -60 7 0
-28 -59 7 0
-27 -60 8 0
-1 -84 7 0
-1 -84 8 0
-47 -51 22 1
-3 -83 8 0
-2 -85 7 0
-3 -85 7 0
-2 -85 8 0
-3 -85 8 0
-3 -86 7 0
-3 -86 8 0
-1 -85 9 0
-1 -85 6 0
-1 -85 5 0
-45 -51 21 1
-46 -51 21 1
-36 -54 7 0
-36 -53 7 0
-34 -51 8 0
-34 -51 7 0
-33 -51 8 0
-34 -52 8 0
-33 -51 7 0
-34 -52 7 0
-34 -53 8 0
-7 -51 -1 1
-6 -51 -1 1
-6 -52 -1 1
-5 -51 0 1
-5 -51 5 0
-5 -51 4 0
-3 -53 4 0
-5 -53 2 0
-5 -53 3 0
-6 -51 2 0
-6 -51 4 0
-49 -73 15 0
-45 -64 4 1
-1 -83 8 0
-3 -83 7 0
-2 -84 8 0
-3 -52 0 1
-3 -52 5 0
-3 -52 4 0
-16 -80 26 0
-16 -81 26 0
-15 -82 26 0
-17 -84 26 6
-18 -84 26 2
-21 -82 26 1
-49 -95 1 3
-49 -95 0 1
-49 -96 0 1
-50 -94 2 2
-50 -94 1 2
-50 -94 0 1
-20 -81 29 1
-20 -81 28 1
-20 -82 29 1
-20 -82 28 3
-19 -82 29 3
-19 -81 29 1
-50 -94 -1 1
-22 -58 6 0
-24 -59 5 0
-24 -58 5 0
-24 -59 7 0
-17 -82 29 0
-25 -58 5 0
-25 -58 7 0
-25 -58 6 0
-24 -85 4 1
-50 -60 3 0
-21 -82 3 0
-20 -82 3 0
-19 -85 3 0
-50 -76 2 0
-23 -53 6 1
-23 -53 5 1
-23 -54 7 1
-30 -82 16 0
-50 -93 3 2
-38 -90 4 1
-38 -90 3 4
-39 -89 4 0
-39 -89 3 1
-37 -82 4 0
-39 -51 2 1
-21 -87 29 1
-21 -88 30 1
-21 -88 29 1
-22 -87 31 1
-22 -87 30 1
-22 -87 29 1
-22 -88 29 1
-23 -87 31 1
-23 -87 30 1
-23 -87 29 1
-39 -51 1 1
-23 -88 29 1
-22 -88 30 3
-40 -51 3 1
-25 -91 31 0
-6 -54 6 0
-5 -80 8 0
-21 -93 30 0
-21 -93 31 0
-24 -90 30 0
-24 -90 32 0
-22 -90 32 0
-4 -79 7 0
-6 -78 8 0
-34 -69 22 0
-35 -78 4 0
-35 -78 3 0
-24 -90 31 0
-4 -95 6 0
-21 -51 2 1
-20 -51 2 1
-31 -51 3 1
-46 -52 25 1
-19 -51 1 1
-47 -66 -1 1
-49 -80 0 1
-33 -70 21 0
-4 -94 6 0
-5 -79 7 0
-45 -51 9 1
-45 -51 23 1
-46 -51 9 1
-46 -67 4 1
-46 -77 16 0
-46 -77 15 0
-50 -51 26 0
-4 -53 -1 1
-24 -64 7 0
-50 -53 27 0
-23 -64 8 0
-46 -54 26 1
-38 -51 2 1
-32 -52 2 1
-33 -51 0 1
-33 -51 1 1
-21 -64 8 0
-21 -65 8 0
-49 -93 2 2
-32 -84 14 0
-30 -84 14 0
-13 -51 4 0
-46 -83 6 0
-34 -81 2 1
-31 -57 9 0
-46 -82 6 0
-46 -82 8 0
-34 -81 3 1
-43 -87 1 1
-49 -88 7 0
-34 -82 3 1
-45 -88 10 1
-50 -87 7 0
-49 -87 7 0
-35 -82 14 0
-40 -53 27 0
-39 -75 6 0
-40 -73 7 0
-40 -73 6 0
-41 -74 7 0
-40 -53 26 0
-41 -74 6 0
-41 -75 7 0
-42 -75 7 0
-41 -75 8 0
-41 -75 6 0
-40 -76 7 0
-41 -77 7 0
-45 -89 9 1
-41 -76 8 0
-40 -76 6 0
-29 -65 6 0
-30 -65 7 0
-30 -64 7 0
-50 -73 13 0
-47 -84 8 0
-47 -84 7 0
-16 -72 7 0
-16 -72 8 0
-50 -84 0 1
-50 -84 1 1
-50 -84 2 1
-15 -71 6 0
-15 -71 5 0
-18 -70 8 0
-18 -71 7 0
-45 -84 8 0
-31 -79 18 0
-32 -78 17 0
-31 -78 17 0
-23 -57 8 0
-32 -78 18 0
-31 -77 17 0
-29 -77 17 0
-28 -78 17 0
-49 -63 2 1
-29 -79 18 0
-26 -59 4 0
-47 -68 1 0
-47 -65 3 0
-19 -70 7 0
-24 -61 6 0
-19 -68 8 0
-16 -70 5 0
-47 -63 1 2
-43 -53 27 0
-6 -52 5 0
-6 -51 5 0
-46 -62 0 1
-6 -53 3 0
-7 -52 4 0
-39 -51 4 0
-5 -53 5 0
-50 -93 2 1
-50 -93 1 1
-35 -52 7 0
-43 -64 3 0
-40 -57 4 0
-5 -54 4 0
-10 -75 8 0
-10 -74 7 0
-50 -74 14 0
-49 -72 15 0
-38 -58 1 1
-33 -66 7 0
-33 -66 6 0
-33 -67 7 0
-34 -67 7 0
-33 -67 6 0
-34 -67 6 0
-33 -68 7 0
-41 -56 2 1
-33 -68 6 0
-32 -68 7 0
-32 -69 7 0
-45 -60 1 1
-32 -68 6 0
-32 -69 6 0
-31 -68 7 0
-31 -68 6 0
-32 -67 8 0
-32 -67 9 0
-32 -67 5 0
-38 -59 0 1
-39 -57 2 1
-39 -57 1 2
-39 -60 1 0
-38 -59 2 0
-38 -59 3 0
-38 -59 1 0
-40 -57 2 0
-31 -68 8 0
-32 -66 8 0
-33 -66 8 0
-35 -66 7 0
-34 -66 8 0
-34 -66 6 0
-34 -68 7 0
-35 -68 7 0
-35 -68 8 0
-34 -68 6 0
-35 -68 6 0
-35 -69 7 0
-34 -69 8 0
-34 -69 6 0
-33 -69 7 0
-33 -70 7 0
-44 -63 -1 1
-33 -70 8 0
-33 -69 6 0
-33 -70 6 0
-32 -69 8 0
-33 -68 8 0
-33 -68 9 0
-33 -68 5 0
-41 -54 2 1
-40 -54 1 1
-40 -54 2 1
-39 -54 2 1
-40 -60 3 0
-45 -52 27 1
-43 -62 2 1
-43 -62 1 2
-43 -62 0 1
-43 -63 3 0
-32 -69 20 0
-32 -69 21 0
-32 -67 20 0
-32 -70 20 0
-7 -80 8 0
-6 -81 7 0
-34 -67 8 0
-36 -67 7 0
-36 -68 6 0
-36 -69 7 0
-36 -69 8 0
-35 -69 6 0
-36 -69 6 0
-35 -70 7 0
-36 -70 7 0
-35 -70 8 0
-35 -70 6 0
-36 -70 6 0
-34 -70 7 0
-34 -71 7 0
-37 -55 2 0
-34 -71 8 0
-34 -70 6 0
-34 -71 6 0
-34 -69 7 0
-34 -69 9 0
-34 -69 5 0
-39 -52 2 2
-38 -53 1 2
-38 -53 2 2
-38 -52 1 2
-38 -52 2 1
-39 -56 2 0
-6 -52 6 0
-6 -52 4 0
-41 -54 0 1
-45 -100 1 1
-45 -100 2 1
-48 -96 1 1
-48 -99 1 0
-38 -85 4 2
-48 -94 4 1
-50 -95 2 3
-50 -95 3 1
-49 -96 1 1
-48 -97 -1 1
-48 -98 -1 1
-47 -97 0 1
-47 -97 4 0
-49 -97 1 0
-50 -94 3 2
-46 -96 4 1
-46 -96 0 1
-48 -93 0 1
-48 -93 2 1
-50 -96 1 0
-49 -98 1 0
-35 -72 8 0
-35 -71 6 0
-35 -72 6 0
-35 -70 9 0
-35 -70 5 0
-46 -96 3 0
-46 -97 2 0
-44 -96 0 1
-45 -97 -1 1
-44 -97 -1 1
-43 -97 -1 1
-40 -79 14 0
-32 -82 17 0
-32 -82 15 0
-31 -82 15 0
-44 -96 1 0
-48 -94 3 2
-48 -94 2 1
-48 -94 1 4
-48 -95 3 2
-35 -71 8 0
-38 -70 7 0
-38 -70 8 0
-38 -70 6 0
-38 -71 7 0
-38 -71 8 0
-38 -71 6 0
-37 -72 7 0
-38 -73 7 0
-42 -79 16 0
-38 -72 8 0
-37 -72 6 0
-38 -73 6 0
-36 -72 7 0
-36 -73 7 0
-42 -79 15 0
-42 -77 14 0
-41 -77 16 0
-42 -77 15 0
-41 -78 15 0
-40 -77 14 0
-40 -77 16 0
-40 -77 15 0
-39 -77 14 0
-39 -77 16 0
-38 -79 14 0
-22 -53 5 1
-22 -53 6 1
-22 -52 4 1
-22 -52 5 1
-22 -52 6 1
-21 -53 4 2
-21 -53 5 2
-21 -53 6 1000
-20 -53 4 1
-20 -53 5 1000
-20 -53 6 1000
-19 -53 4 1
-18 -52 5 0
-23 -53 7 1
-25 -55 8 1
-20 -58 8 1
-16 -70 9 0
-7 -51 4 0
-7 -51 5 0
-9 -52 4 0
-9 -52 5 0
-8 -53 4 0
-40 -57 3 0
-40 -58 3 0
-13 -74 8 0
-40 -58 4 0
-12 -74 9 0
-12 -74 6 0
-36 -90 4 1
-38 -87 0 3
-39 -88 -1 1
-43 -55 25 0
-39 -91 1 1
-39 -91 2 1
-40 -81 3 1
-38 -91 1 1
-49 -100 3 0
-48 -100 3 0
-14 -51 -1 1
-13 -52 4 0
-21 -51 7 1
-48 -51 12 1
-31 -56 8 0
-45 -51 11 1
-38 -56 24 0
-6 -98 6 0
-49 -51 12 1
-40 -59 4 0
-42 -57 5 0
-42 -57 6 0
-36 -65 26 0
-36 -67 24 0
-38 -54 25 0
-42 -78 13 0
-42 -78 14 0
-42 -78 17 0
-42 -78 16 0
-2 -96 3 1
-41 -77 15 0
-46 -60 5 0
-22 -62 7 0
-38 -56 25 0
-39 -57 24 0
-2 -56 9 0
-1 -59 5 1
-9 -100 6 0
-2 -58 6 0
-2 -58 7 0
-1 -54 6 1
-1 -54 5 1
-1 -55 5 1
-2 -54 6 1
-2 -54 5 1
-2 -55 5 3
-3 -54 7 1
-40 -58 0 1
-41 -58 0 1
-42 -56 0 1
-42 -57 0 1
-42 -58 0 1
-41 -57 1 3
-42 -56 24 0
-41 -57 5 0
-39 -59 3 0
-42 -55 24 0
-42 -53 24 0
-40 -53 24 0
-39 -53 24 0
-38 -55 24 0
-38 -55 26 0
-38 -55 25 0
-42 -59 5 0
-49 -62 0 1
-49 -61 0 1
-35 -51 8 0
-2 -56 8 0
-36 -61 23 0
-1 -53 0 2
-35 -83 14 0
-40 -79 17 0
-35 -83 16 0
-40 -79 16 0
-39 -80 14 0
-37 -83 14 0
-46 -51 12 1
-35 -80 16 0
-12 -85 22 0
-13 -83 22 0
-14 -83 22 0
-15 -83 22 0
-15 -87 21 1
-15 -86 21 1
-14 -87 21 2
-14 -86 21 3
-13 -87 21 1
-13 -86 21 1
-33 -82 13 0
-33 -82 14 0
-43 -60 7 0
-41 -61 6 0
-41 -61 5 0
-43 -61 6 0
-33 -82 17 0
-31 -84 14 0
-34 -84 14 0
-48 -100 -1 1
-49 -100 -1 1
-50 -100 -1 1
-13 -84 22 0
-12 -84 22 0
-17 -83 21 1
-16 -83 21 1
-15 -85 21 2
-13 -85 22 0
-14 -84 21 0
-34 -84 15 0
-35 -82 15 0
-35 -67 20 0
-40 -91 2 1
-37 -88 2 2
-44 -78 7 0
-35 -82 1 1
-34 -81 4 1
-46 -82 7 0
-46 -83 8 0
-41 -77 4 0
-36 -88 5 1
-35 -87 5 1
-50 -92 3 1
-34 -82 2 1
-41 -78 5 0
-34 -83 3 1
-34 -83 2 1
-47 -96 -1 1
-14 -82 22 0
-47 -97 -1 1
-47 -98 -1 1
-46 -97 0 3
-46 -97 4 0
-46 -99 1 1
-41 -76 5 0
-41 -76 9 0
-39 -71 5 0
-39 -78 6 0
-39 -70 5 0
-39 -78 8 0
-39 -71 4 0
-40 -71 5 0
-39 -78 7 0
-40 -71 4 0
-40 -72 5 0
-41 -72 5 0
-16 -90 31 1
-40 -72 4 0
-41 -72 4 0
-40 -74 5 0
-40 -74 4 0
-39 -72 3 0
-18 -83 21 1
-14 -84 20 0
-19 -87 32 0
-19 -87 30 0
-20 -88 30 0
-21 -87 32 0
-12 -84 21 0
-13 -83 21 0
-14 -82 21 0
-17 -87 20 1
-17 -87 21 1
-17 -87 22 1
-17 -86 20 1
-17 -85 20 1
-16 -87 20 1
-16 -87 21 1
-16 -87 22 1
-16 -86 20 1
-15 -87 20 1
-15 -88 20 1
-15 -88 21 1
-15 -88 22 1
-14 -88 20 1
-14 -88 21 1
-14 -88 22 1
-14 -87 20 1
-13 -88 20 1
-13 -88 21 1
-13 -88 22 1
-13 -87 20 1
-13 -85 21 0
-37 -88 0 1
-38 -89 1 3
-13 -84 21 0
-14 -83 21 0
-13 -82 21 0
-15 -83 21 0
-16 -82 21 0
-15 -84 21 0
-18 -84 20 5
-19 -85 19 1
-19 -85 20 1
-19 -84 19 1
-19 -84 20 1
-19 -83 19 1
-19 -83 20 1
-18 -85 19 1
-18 -84 19 4
-18 -83 19 1
-18 -83 20 1
-16 -85 20 5
-16 -84 20 1
-15 -86 20 2
-15 -85 20 1
-14 -86 20 4
-13 -86 20 1
-14 -84 19 0
-20 -88 33 0
-20 -88 29 0
-13 -84 20 0
-12 -84 20 0
-14 -83 20 0
-13 -82 20 0
-14 -82 20 0
-15 -83 20 0
-16 -82 20 0
-17 -86 19 1
-17 -85 19 1
-16 -86 19 1
-17 -87 23 1
-16 -87 23 1
-17 -84 19 1
-16 -85 19 5
-15 -86 19 3
-15 -87 19 1
-14 -87 19 1
-13 -87 19 1
-14 -86 19 2
-13 -86 19 1
-13 -85 20 0
-14 -84 18 0
-38 -89 0 1
-39 -88 1 1
-13 -84 19 0
-14 -83 19 0
-13 -82 19 0
-14 -82 19 0
-15 -83 19 0
-16 -82 19 0
-15 -84 20 0
-19 -85 18 1
-19 -84 18 1
-19 -83 18 1
-18 -85 18 1
-18 -84 18 3
-18 -83 18 1
-17 -86 18 1
-17 -85 18 1
-17 -84 18 2
-16 -86 18 1
-16 -85 18 4
-15 -86 18 4
-15 -87 18 1
-14 -87 18 1
-14 -86 18 1
-13 -87 18 1
-13 -86 18 1
-13 -85 19 0
-18 -86 30 1
-17 -86 29 3
-13 -84 18 0
-14 -83 18 0
-13 -82 18 0
-15 -82 19 0
-15 -82 20 0
-15 -83 18 0
-15 -82 18 0
-16 -82 18 0
-18 -85 21 1
-18 -84 21 1
-19 -85 17 1
-19 -84 17 1
-19 -83 17 1
-18 -85 17 1
-18 -84 17 2
-18 -83 17 1
-16 -91 31 1
-17 -86 17 1
-17 -85 17 1
-17 -84 17 3
-16 -86 17 1
-16 -85 17 4
-15 -86 17 4
-16 -87 18 1
-16 -87 19 1
-16 -87 17 1
-15 -87 17 1
-14 -87 17 1
-14 -86 17 1
-13 -85 18 0
-15 -84 18 0
-15 -84 17 0
-15 -84 19 0
-21 -91 9 1
-18 -86 31 1
-21 -89 29 1
-24 -92 8 0
-14 -84 17 0
-13 -84 17 0
-14 -83 17 0
-13 -82 17 0
-15 -83 17 0
-19 -80 27 0
-21 -83 26 1
-21 -83 27 1
-21 -83 28 1
-17 -86 30 1
-17 -86 31 1
-18 -85 29 1
-17 -85 31 1
-16 -86 31 1
-16 -85 31 1
-19 -85 30 1
-19 -84 29 1
-21 -82 25 1
-20 -84 28 1
-20 -83 25 1
-20 -83 28 1
-20 -83 29 1
-20 -83 30 1
-19 -84 28 1
-19 -83 28 1
-19 -83 29 2
-19 -83 30 1
-18 -84 28 1
-18 -84 29 1
-18 -83 28 4
-18 -83 29 5
-18 -83 30 1
-19 -87 29 1
-19 -87 28 1
-17 -85 25 1
-17 -84 25 3
-16 -85 25 4
-16 -84 25 4
-17 -82 25 0
-46 -88 10 1
-46 -89 10 1
-46 -88 9 1
-49 -100 0 1
-49 -99 0 1
-35 -53 7 0
-16 -82 26 0
-19 -85 31 1
-19 -84 30 3
-20 -84 29 1
-20 -83 31 1
-19 -83 31 1
-18 -84 30 1
-18 -83 31 1
-19 -87 33 0
-19 -83 25 2
-19 -82 25 2
-18 -83 25 3
-16 -83 26 1
-17 -83 26 1
-17 -82 24 0
-45 -60 2 1
-45 -59 0 1
-15 -51 4 0
-36 -55 2 0
-36 -73 8 0
-36 -72 6 0
-36 -73 6 0
-40 -83 1 1
-35 -73 6 0
-40 -55 1 2
-40 -55 2 1
-39 -56 1 1
-39 -55 2 1
-42 -60 3 0
-38 -88 3 0
-15 -82 25 0
-15 -81 26 0
-15 -81 25 0
-17 -80 25 0
-18 -81 25 0
-19 -81 25 1
-20 -83 24 1
-20 -82 24 1
-20 -81 24 1
-19 -83 24 2
-19 -82 24 1
-19 -81 24 1
-19 -84 24 1
-18 -84 24 2
-18 -83 24 2
-17 -84 24 2
-18 -85 24 1
-17 -85 24 1
-16 -85 24 7
-16 -84 24 5
-15 -84 26 0
-4 -84 8 0
-3 -83 9 0
-3 -83 6 0
-3 -83 5 0
-2 -82 8 0
-36 -83 1 0
-38 -82 1 0
-39 -83 1 1
-38 -86 1 0
-36 -86 2 1
-14 -83 25 0
-15 -83 26 0
-14 -83 26 0
-16 -82 25 0
-16 -81 25 0
-20 -84 24 1
-20 -84 25 1
-20 -84 26 1
-20 -84 27 1
-20 -84 23 1
-20 -83 23 1
-20 -82 23 1
-19 -84 23 1
-19 -83 23 1
-19 -82 23 1
-19 -85 24 1
-19 -85 25 1
-19 -85 26 1
-19 -85 27 1
-15 -85 24 7
-15 -85 25 2
-15 -85 26 1
-16 -84 26 1
-15 -85 27 1
-15 -84 27 1
-15 -84 24 1
-16 -83 25 1
-15 -84 25 0
-16 -83 24 1
-16 -83 23 1
-49 -98 0 1
-33 -82 16 0
-30 -83 15 0
-42 -60 1 1
-15 -83 24 0
-14 -83 24 0
-14 -82 25 0
-15 -82 24 0
-14 -82 24 0
-16 -82 24 0
-16 -81 24 0
-18 -82 24 1
-18 -82 25 1
-18 -82 26 1
-18 -82 27 1
-18 -84 23 2
-18 -83 23 1
-18 -82 23 1
-18 -85 23 1
-17 -85 23 1
-17 -84 23 1
-16 -85 23 5
-17 -86 24 1
-17 -86 25 1
-17 -86 26 1
-16 -86 24 1
-16 -86 25 1
-16 -86 26 1
-15 -86 24 1
-15 -86 25 1
-15 -86 26 1
-17 -86 23 1
-16 -86 23 1
-15 -86 23 1
-15 -85 23 17
-14 -84 25 0
-14 -84 24 0
-16 -70 6 0
-7 -78 8 0
-35 -90 2 1
-36 -59 24 0
-36 -90 3 1
-50 -70 14 0
-36 -90 1 1
-37 -90 0 1
-34 -83 15 0
-35 -63 25 0
-40 -88 1 0
-38 -56 3 0
-20 -65 7 0
-50 -75 2 1
-49 -75 2 1
-49 -75 3 0
-49 -75 1 1
-50 -95 0 1
-18 -83 22 1
-14 -86 23 15
-14 -86 24 6
-14 -86 25 1
-14 -86 26 1
-14 -85 26 1
-49 -95 2 2
-49 -94 0 1
-49 -94 1 2
-49 -94 2 2
-50 -76 -1 1
-50 -75 -1 1
-50 -74 -1 1
-41 -77 14 0
-43 -77 15 0
-35 -52 0 1
-36 -51 0 1
-47 -67 -1 1
-34 -69 20 0
-49 -94 3 2
-46 -51 16 1
-49 -93 1 1
-45 -51 16 1
-12 -84 24 0
-12 -84 25 0
-12 -84 23 0
-13 -83 24 0
-13 -83 25 0
-14 -83 23 0
-48 -84 7 0
-48 -84 8 0
-30 -57 8 0
-29 -58 5 0
-12 -75 8 0
-12 -76 7 0
-42 -58 4 0
-42 -59 4 0
-17 -68 7 0
-49 -80 1 1
-49 -80 2 1
-46 -63 0 1
-7 -80 7 0
-46 -63 2 1
-49 -60 5 0
-48 -61 6 0
-49 -61 6 0
-45 -63 1 2
-49 -62 5 0
-49 -62 6 0
-49 -64 2 2
-49 -64 3 1
-48 -64 3 1
-48 -66 3 0
-49 -64 0 1
-5 -78 8 0
-7 -78 7 0
-7 -77 7 0
-47 -51 24 1
-7 -77 8 0
-9 -79 8 0
-8 -78 9 0
-8 -78 6 0
-8 -78 5 0
-16 -71 7 0
-17 -71 7 0
-16 -71 8 0
-17 -71 8 0
-15 -88 14 1
-15 -87 12 1
-14 -88 12 1
-14 -88 13 1
-14 -88 14 1
-14 -87 12 1
-15 -84 12 0
-15 -68 7 0
-16 -69 8 0
-15 -68 8 0
-16 -68 7 0
-16 -68 8 0
-17 -69 7 0
-18 -68 7 0
-17 -69 8 0
-17 -68 8 0
-17 -70 7 0
-18 -70 7 0
-17 -70 8 0
-14 -83 13 0
-13 -83 13 0
-13 -83 14 0
-31 -80 15 0
-31 -80 18 0
-45 -51 13 1
-16 -67 7 0
-16 -67 8 0
-18 -67 7 0
-18 -66 7 0
-18 -67 8 0
-19 -67 7 0
-18 -68 8 0
-49 -63 1 1
-19 -68 7 0
-20 -68 7 0
-28 -60 7 0
-49 -51 27 1
-40 -76 15 0
-40 -76 14 0
-42 -76 15 0
-42 -76 16 0
-49 -51 14 1
-46 -66 4 0
-47 -65 -1 1
-48 -51 14 1
-45 -65 -1 1
-47 -51 14 1
-39 -88 0 2
-39 -89 2 1
-37 -82 2 0
-39 -89 0 2
-38 -87 3 0
-38 -87 2 0
-38 -83 1 1
-37 -83 1 0
-36 -85 1 0
-41 -76 7 0
-23 -92 6 1
-22 -92 5 6
-22 -92 4 1
-20 -92 3 0
-19 -91 6 1
-19 -91 5 1
-19 -91 4 1
-20 -92 4 1
-18 -94 5 1
-18 -95 6 1
-18 -95 5 1
-39 -75 8 0
-39 -76 8 0
-44 -98 -1 1
-45 -98 -1 1
-37 -85 -1 1
-38 -85 -1 1
-39 -85 -1 1
-38 -84 0 2
-36 -85 2 1
-48 -51 30 0
-47 -98 1 0
-47 -98 3 0
-47 -98 2 0
-47 -97 1 0
-47 -97 3 0
-47 -97 2 0
-48 -94 0 1
-48 -95 0 1
-48 -96 0 1
-39 -87 5 0
-39 -87 4 0
-38 -87 4 1
-38 -87 5 0
-39 -79 1 1
-39 -79 0 1
-39 -80 0 1
-38 -80 1 1
-36 -84 2 1
-36 -71 5 0
-36 -71 9 0
-36 -71 8 0
-42 -83 3 1
-42 -84 3 1
-39 -83 4 3
-39 -83 5 1
-39 -83 8 0
-23 -61 8 0
-35 -66 24 0
-35 -69 22 0
-12 -75 7 0
-13 -71 8 0
-3 -96 3 1
-46 -52 11 1
-45 -53 26 1
-47 -61 6 0
-40 -51 26 0
-49 -51 4 1
-31 -81 15 0
-33 -67 22 0
-2 -94 8 0
-40 -56 26 0
-40 -57 24 0
-8 -100 7 0
-30 -76 20 0
-30 -77 20 0
-29 -77 19 0
-29 -77 20 0
-38 -52 4 0
-40 -58 25 0
-11 -52 0 1
-10 -51 1 1
-10 -51 5 0
-27 -58 7 0
-48 -74 12 0
-33 -68 20 0
-49 -51 22 1
-40 -79 13 0
-33 -51 2 1
-35 -63 23 0
-43 -64 2 0
-49 -51 26 1
-44 -64 -1 1
-44 -65 -1 1
-44 -66 -1 1
-45 -64 -1 1
-45 -65 0 1
-44 -67 3 1
-46 -64 3 1
-44 -62 0 1
-45 -62 1 4
-47 -63 3 0
-48 -63 4 0
-50 -62 -1 1
-50 -61 -1 1
-19 -84 0 3
-17 -86 3 0
-18 -85 3 0
-21 -84 3 0
-22 -81 6 1
-22 -81 5 1
-22 -81 4 1
-22 -82 6 1
-22 -82 5 1
-22 -82 4 1
-19 -83 3 0
-19 -84 2 0
-19 -84 3 0
-17 -85 3 0
-16 -87 6 1
-16 -87 5 1
-16 -87 4 1
-18 -87 2 1
-18 -88 2 1
-19 -88 2 1
-18 -88 6 1
-19 -88 6 1
-20 -88 6 1
-20 -87 6 1
-21 -87 6 1
-20 -84 3 0
-20 -83 3 0
-19 -82 3 0
-17 -84 3 0
-17 -88 5 1
-17 -88 4 1
-17 -88 3 1
-18 -88 5 1
-18 -88 4 1
-18 -88 3 1
-19 -87 3 5
-19 -88 5 1
-22 -84 6 1
-22 -84 5 2
-20 -86 6 1
-21 -85 4 1
-23 -90 3 1
-26 -83 3 0
-26 -83 4 0
-26 -83 2 0
-25 -82 -1 1
-25 -81 -1 1
-25 -80 -1 1
-22 -92 33 0
-24 -92 33 0
-23 -93 33 0
-15 -85 9 4
-18 -83 4 1
-18 -84 4 1
-15 -85 6 8
-41 -77 5 0
-23 -62 7 0
-34 -82 1 1
-34 -81 1 1
-37 -84 2 1
-38 -81 2 0
-40 -82 2 0
-37 -85 2 1
-37 -85 1 1
-37 -84 1 1
-38 -82 0 1
-37 -83 -1 1
-37 -82 -1 1
-37 -81 -1 1
-46 -52 19 1
-29 -58 8 0
-29 -61 7 1
-31 -57 8 0
-31 -58 7 0
-31 -58 8 0
-30 -59 7 1
-31 -60 7 1
-47 -71 2 1
-47 -70 0 1
-47 -70 1 1
-47 -70 2 1
-50 -69 2 3
-50 -68 1 1
-50 -68 2 2
-50 -68 3 1
-49 -69 1 1
-49 -69 2 1
-49 -69 3 1
-49 -68 1 2
-49 -68 2 1
-49 -68 3 1
-50 -71 2 0
-50 -71 3 0
-50 -69 1 1
-50 -69 0 1
-50 -68 0 1
-49 -69 0 1
-7 -53 2 0
-49 -60 4 0
-50 -63 5 0
-45 -51 22 1
-46 -51 22 1
-49 -62 4 0
-11 -76 8 0
-10 -77 7 0
-45 -66 5 0
-45 -65 5 0
-11 -78 8 0
-47 -66 4 0
-9 -76 6 0
-47 -66 5 0
-47 -67 4 0
-46 -67 5 0
-47 -67 5 0
-47 -68 5 0
-45 -67 6 0
-37 -62 25 0
-36 -62 23 0
-38 -61 26 0
-36 -64 26 0
-35 -65 23 0
-50 -100 1 1
-42 -60 5 0
-42 -61 4 0
-46 -52 12 1
-45 -52 10 1
-50 -99 0 1
-13 -100 2 1
-13 -100 3 3
-13 -100 4 1
-12 -100 2 1
-12 -100 3 1
-12 -100 4 1
-11 -100 2 1
-11 -100 3 1
-11 -100 4 1
-31 -66 7 0
-31 -65 7 0
-32 -65 5 1
-33 -63 7 1
-13 -100 1 1
-33 -63 5 1
-12 -100 1 1
-33 -64 6 11
-11 -100 1 1
-6 -99 8 0
-6 -99 9 0
-5 -95 7 0
-7 -100 3 1
-8 -99 7 0
-8 -99 6 0
-13 -83 23 0
-15 -83 23 0
-17 -83 23 1
-17 -83 24 1
-17 -83 25 1
-16 -84 23 4
-17 -85 22 1
-17 -84 22 1
-17 -83 22 1
-16 -85 22 3
-16 -84 22 4
-16 -83 22 1
-16 -86 22 2
-15 -86 22 1
-15 -85 22 8
-14 -86 22 10
-15 -87 23 1
-15 -87 24 1
-15 -87 25 1
-14 -87 23 1
-14 -87 24 1
-14 -87 25 1
-13 -87 23 1
-13 -87 24 1
-13 -87 25 1
-13 -86 25 1
-15 -87 22 1
-14 -87 22 1
-13 -87 22 1
-13 -86 22 1
-14 -85 24 0
-13 -86 24 1
-13 -85 25 0
-13 -86 23 1
-14 -84 26 0
-14 -84 23 0
-14 -84 22 0
-36 -83 3 0
-36 -83 2 0
-20 -51 1 1
-13 -85 23 0
-12 -85 23 0
-12 -85 24 0
-12 -83 23 0
-17 -86 22 1
-12 -86 23 0
-14 -85 22 0
-14 -85 21 0
-50 -67 3 1
-21 -51 3 1
-33 -65 22 0
-40 -81 14 0
-31 -53 1 1
-31 -51 0 1
-41 -51 26 0
-41 -51 28 0
-41 -51 27 0
-42 -51 27 0
-37 -51 2 1
-37 -51 1 1
-43 -52 26 0
-43 -52 28 0
-42 -52 27 0
-17 -86 21 1
-17 -85 21 1
-17 -84 21 1
-16 -86 21 3
-16 -85 21 1
-16 -84 21 1
-44 -52 26 0
-44 -52 28 0
-44 -52 27 0
-38 -55 4 0
-37 -55 4 0
-39 -54 5 0
-31 -52 3 1
-39 -54 1 2
-40 -55 0 1
-43 -77 13 0
-43 -76 16 0
-44 -75 15 0
-44 -74 15 0
-44 -74 16 0
-44 -74 14 0
-45 -75 15 0
-46 -75 15 0
-46 -75 16 0
-46 -75 14 0
-45 -76 15 0
-46 -76 15 0
-46 -76 16 0
-5 -52 4 0
-32 -84 16 0
-32 -84 15 0
-36 -61 25 0
-39 -64 24 0
-38 -56 1 1
-39 -80 2 0
-38 -90 2 7
-50 -73 15 0
-46 -64 -1 1
-45 -89 8 1
-45 -88 6 1
-45 -88 7 1
-45 -88 8 1
-45 -87 6 1
-45 -87 8 1
-32 -79 18 0
-31 -79 17 0
-45 -51 24 1
-6 -78 7 0
-1 -58 7 0
-1 -58 8 0
-6 -79 8 0
-6 -79 7 0
-31 -70 19 0
-32 -70 21 0
-37 -66 25 0
-26 -59 7 0
-9 -51 -1 1
-23 -63 7 0
-20 -64 8 0
-30 -82 17 0
-5 -80 6 0
-31 -81 18 0
-45 -74 14 0
-45 -59 6 0
-45 -60 6 0
-1 -51 3 0
-45 -62 6 0
-43 -60 2 1
-43 -59 1 1
-44 -59 0 1
-2 -51 3 0
-23 -52 8 1
-23 -52 9 1
-23 -51 8 1
-23 -51 9 1
-41 -83 2 1
-41 -84 2 1
-42 -81 2 1
-41 -80 3 0
-38 -80 3 0
-39 -82 2 0
-40 -83 3 13
-19 -53 6 0
-19 -51 7 0
-19 -51 4 1
-19 -51 3 0
-23 -52 7 1
-23 -51 7 1
-22 -51 7 2
-23 -55 4 2
-23 -55 5 3
-23 -55 6 10
-23 -54 4 1
-23 -54 5 1
-23 -54 6 1
-22 -55 4 1
-22 -55 5 1000
-22 -93 13 1
-22 -92 13 2
-21 -93 13 1
-22 -91 11 1
-23 -90 10 1
-22 -91 10 1
-22 -90 10 1
-21 -90 10 1
-25 -91 12 0
-24 -91 13 0
-24 -92 12 0
-25 -92 13 0
-25 -93 12 0
-24 -93 13 0
-23 -93 12 0
-23 -94 13 0
-23 -92 14 1000
-17 -52 6 0
-22 -51 4 1
-37 -89 4 1
-38 -90 5 1
-41 -91 2 0
-42 -90 1 1
-36 -87 1 1
-43 -81 2 1
-37 -81 2 0
-19 -53 9 1
-19 -54 9 1
-20 -53 9 1
-20 -54 9 1
-20 -54 8 1
-41 -86 3 1
-1 -55 2 1
-1 -55 1 1
-1 -55 0 1
-1 -56 2 1
-1 -56 1 1
-1 -56 0 1
-3 -81 7 0
-50 -98 1 3
-45 -100 0 1
-21 -92 14 1
-21 -93 15 1
-21 -92 15 1
-21 -91 15 1
-20 -93 13 1
-20 -93 14 1
-20 -93 15 1
-20 -92 13 1
-20 -92 14 1
-20 -92 15 1
-20 -91 13 1
-20 -91 14 1
-20 -91 15 1
-22 -90 14 1
-21 -91 14 1
-21 -90 14 1
-22 -91 14 4
-23 -90 15 1
-22 -91 15 6
-22 -90 15 1
-21 -90 15 1
-23 -90 11 1
-23 -90 14 1
-24 -90 15 1
-24 -89 13 1
-24 -89 14 1
-24 -89 15 1
-23 -89 13 1
-23 -89 14 1
-23 -89 15 1
-22 -89 13 1
-22 -89 14 1
-22 -89 15 1
-25 -91 13 0
-24 -91 14 0
-24 -92 13 0
-25 -92 14 0
-25 -93 13 0
-24 -93 14 0
-23 -93 13 0
-19 -53 5 1
-29 -74 19 0
-29 -74 20 0
-32 -75 19 0
-32 -75 20 0
-31 -76 19 0
-31 -75 20 0
-30 -75 19 0
-30 -75 20 0
-50 -96 -1 1
-50 -97 -1 1
-49 -90 7 0
-50 -89 8 0
-49 -89 8 0
-50 -89 7 0
-49 -89 7 0
-50 -88 8 0
-50 -88 7 0
-45 -87 5 1
-45 -88 5 1
-45 -89 5 1
-46 -87 5 1
-46 -88 5 1
-46 -89 5 1
-46 -88 6 1
-45 -87 10 1
-45 -87 9 1
-45 -67 -1 1
-45 -66 -1 1
-44 -66 1 0
-44 -65 1 0
-46 -65 3 1
-46 -77 14 0
-45 -64 5 1
-44 -65 5 1
-44 -64 4 1
-44 -64 5 1
-46 -65 5 0
-46 -64 5 0
-47 -65 4 0
-48 -65 4 0
-45 -89 7 1
-48 -65 5 0
-48 -66 4 0
-48 -66 5 0
-48 -68 4 0
-48 -67 5 0
-46 -66 6 0
-50 -74 0 1
-48 -93 3 1
-48 -93 4 1
-50 -87 8 0
-50 -92 4 1
-49 -92 2 1
-49 -92 3 1
-49 -92 4 1
-50 -96 0 1
-50 -95 -1 1
-49 -95 -1 1
-49 -92 1 1
-48 -92 1 1
-48 -92 3 1
-22 -58 7 0
-37 -81 3 0
-35 -82 2 2
-37 -83 2 1
-36 -82 2 0
-36 -86 1 0
-35 -87 1 1
-38 -90 1 1
-39 -89 1 1
-38 -84 1 1
-44 -82 8 0
-39 -85 2 3
-43 -82 2 1
-43 -83 3 1
-49 -70 0 1
-48 -72 3 0
-48 -71 2 1
-48 -71 1 2
-48 -72 2 1
-50 -73 1 0
-21 -52 7 6
-43 -97 0 1
-33 -80 15 0
-10 -53 3 0
-32 -79 15 0
-31 -79 15 0
-44 -95 5 0
-42 -95 1 1
-45 -97 2 1
-45 -52 4 1
-45 -52 5 1
-44 -52 3 1
-1 -90 6 0
-1 -92 7 0
-2 -91 7 0
-2 -91 8 0
-23 -64 7 0
-22 -63 8 0
-7 -99 7 0
-33 -64 5 1
-33 -64 7 1
-33 -63 6 3
-31 -65 6 0
-31 -66 6 0
-30 -66 7 0
-20 -54 5 1
-5 -100 7 0
-8 -97 6 0
-7 -97 7 0
-22 -63 7 0
-22 -64 7 0
-36 -62 24 0
-27 -61 7 0
-45 -52 11 1
-29 -81 16 0
-38 -63 25 0
-9 -76 5 0
-9 -76 9 0
-10 -77 8 0
-11 -78 7 0
-45 -93 1 2
-39 -84 4 6
-46 -92 3 1
-46 -92 2 1
-38 -84 3 6
-36 -86 6 0
-36 -85 6 0
-44 -92 2 1
-48 -67 0 1
-43 -92 -1 1
-43 -93 -1 1
-43 -94 -1 1
-42 -93 0 2
-42 -93 5 0
-43 -82 6 0
-42 -82 7 0
-42 -82 8 0
-42 -82 6 0
-43 -80 8 0
-44 -93 4 0
-43 -80 9 0
-36 -80 15 0
-40 -60 25 0
-39 -60 24 0
-41 -92 0 1
-41 -92 5 0
-34 -67 23 0
-49 -73 16 0
-49 -73 13 0
-49 -73 12 0
-13 -73 7 0
-42 -93 3 1
-43 -66 1 0
-43 -92 3 0
-50 -62 7 0
-12 -52 2 0
-50 -60 4 0
-50 -60 5 0
-30 -80 18 0
-33 -67 20 0
-41 -91 5 0
-33 -66 21 0
-33 -66 20 0
-32 -56 9 0
-38 -85 2 1
-41 -92 4 0
-33 -56 8 0
-35 -68 20 0
-34 -69 21 0
-36 -68 20 0
-44 -88 3 1
-44 -88 1 1
-6 -53 7 0
-43 -81 6 0
-44 -89 1 1
-2 -94 9 0
-2 -94 4 1
-39 -92 2 0
-39 -92 4 0
-11 -53 3 0
-11 -53 4 0
-23 -94 14 0
-22 -93 14 0
-23 -92 15 1000
-39 -91 -1 1
-40 -91 -1 1
-40 -89 3 0
-26 -57 6 0
-40 -87 2 0
-37 -84 5 1
-37 -89 3 3
-32 -82 16 0
-48 -51 8 1
-46 -51 8 1
-20 -93 12 1
-20 -92 12 1
-20 -91 12 1
-22 -92 14 2
-22 -93 15 1
-22 -92 15 2
-21 -93 14 1
-23 -90 12 1
-24 -89 12 1
-23 -89 12 1
-22 -89 12 1
-23 -91 13 1
-24 -90 12 1
-24 -90 13 1
-24 -90 14 1
-23 -91 12 1
-24 -92 14 0
-23 -93 14 0
-40 -83 5 1
-39 -85 7 0
-37 -84 6 0
-44 -97 0 1
-45 -96 1 0
-44 -94 0 1
-48 -95 1 6
-48 -95 2 2
-23 -90 16 1
-22 -91 16 4
-22 -90 16 1
-21 -92 16 1
-21 -91 16 1
-21 -90 16 1
-25 -91 14 0
-24 -91 15 0
-25 -92 15 0
-25 -93 14 0
-24 -93 15 0
-23 -94 15 0
-23 -92 16 1000
-45 -99 2 0
-45 -99 3 0
-45 -99 1 0
-45 -97 4 0
-45 -97 0 1
-46 -98 -1 1
-19 -94 5 1
-19 -95 6 1
-19 -94 6 1
-18 -95 4 1
-22 -93 16 1
-22 -92 16 2
-21 -93 16 1
-25 -91 15 0
-24 -91 16 0
-24 -92 15 0
-25 -92 16 0
-25 -93 15 0
-24 -93 16 0
-23 -93 15 0
-23 -94 16 0
-23 -92 17 1000
-41 -76 6 0
-42 -75 8 0
-42 -75 6 0
-42 -76 7 0
-43 -76 7 0
-42 -76 8 0
-42 -76 6 0
-42 -78 7 0
-42 -78 8 0
-42 -78 6 0
-41 -78 7 0
-41 -78 8 0
-41 -78 6 0
-22 -93 17 1
-22 -92 17 3
-22 -91 17 5
-21 -93 17 1
-21 -92 17 1
-21 -91 17 1
-23 -90 17 1
-22 -90 17 1
-21 -90 17 1
-24 -92 16 0
-23 -93 16 0
-45 -95 0 1
-48 -97 3 0
-48 -97 1 0
-47 -99 3 0
-40 -78 7 0
-40 -78 8 0
-40 -78 6 0
-42 -77 7 0
-42 -77 6 0
-43 -77 8 0
-43 -77 6 0
-43 -78 7 0
-39 -84 2 8
-40 -83 2 1
-40 -84 2 1
-41 -82 2 1
-28 -77 3 0
-22 -92 18 2
-28 -78 3 0
-28 -78 2 0
-30 -77 3 0
-30 -77 2 0
-31 -77 3 0
-31 -78 3 0
-31 -78 2 0
-31 -79 3 0
-32 -79 3 0
-24 -92 17 0
-31 -79 2 0
-32 -79 2 0
-30 -79 4 0
-30 -79 5 0
-30 -79 0 1
-31 -80 -1 1
-31 -79 -1 1
-31 -78 -1 1
-30 -78 -1 1
-29 -78 -1 1
-30 -79 3 0
-2 -54 -1 1
-2 -53 -1 1
-2 -52 -1 1
-1 -52 -1 1
-39 -56 26 0
-39 -56 24 0
-5 -52 5 0
-5 -53 6 0
-5 -52 6 0
-12 -71 7 0
-12 -74 5 0
-23 -90 19 1
-22 -91 19 4
-22 -90 19 1
-21 -92 19 1
-21 -91 19 1
-21 -90 19 1
-24 -91 18 0
-29 -77 3 0
-30 -77 4 0
-29 -77 2 0
-31 -76 3 0
-7 -52 5 0
-31 -76 4 0
-31 -77 2 0
-31 -76 2 0
-32 -77 3 0
-32 -77 4 0
-32 -78 2 0
-32 -77 2 0
-32 -78 3 0
-33 -78 3 0
-44 -63 1 2
-33 -78 4 0
-33 -78 2 0
-32 -80 3 0
-32 -79 4 0
-32 -80 2 0
-31 -80 4 0
-30 -79 2 0
-31 -78 4 0
-31 -78 5 0
-31 -78 0 1
-32 -79 -1 1
-32 -78 -1 1
-32 -77 -1 1
-31 -77 -1 1
-30 -77 -1 1
-23 -60 7 0
-23 -60 6 0
-26 -62 7 0
-44 -84 7 0
-44 -83 7 0
-32 -64 6 7
-32 -64 7 1
-32 -63 6 8
-32 -63 7 1
-31 -64 5 1
-31 -63 5 1
-30 -65 6 0
-22 -93 20 1
-22 -92 20 2
-22 -91 20 4
-21 -93 20 1
-21 -92 20 1
-21 -91 20 1
-22 -90 20 1
-21 -90 20 1
-23 -90 20 1
-24 -91 20 0
-24 -92 19 0
-32 -76 3 0
-32 -75 3 0
-41 -74 8 0
-32 -76 4 0
-32 -75 2 0
-33 -77 3 0
-34 -76 3 0
-38 -75 8 0
-33 -76 4 0
-33 -76 2 0
-34 -77 3 0
-34 -77 4 0
-34 -77 2 0
-34 -79 3 0
-33 -79 4 0
-33 -79 2 0
-31 -79 4 0
-32 -77 5 0
-32 -77 0 1
-33 -78 -1 1
-33 -77 -1 1
-33 -76 -1 1
-32 -76 -1 1
-31 -76 -1 1
-7 -79 8 0
-30 -82 15 0
-5 -79 8 0
-1 -54 1 1
-1 -54 0 1
-47 -52 25 1
-39 -72 8 0
-47 -52 27 1
-3 -98 7 0
-2 -82 7 0
-1 -82 7 0
-37 -57 0 1
-4 -52 -1 1
-2 -51 -1 1
-49 -72 14 0
-3 -92 8 0
-2 -96 6 0
-3 -95 7 0
-34 -71 20 0
-33 -76 3 0
-32 -75 4 0
-33 -75 3 0
-33 -74 3 0
-47 -68 0 1
-33 -75 4 0
-35 -75 3 0
-20 -51 3 1
-34 -76 4 0
-35 -75 4 0
-35 -76 3 0
-35 -76 4 0
-35 -76 5 0
-36 -74 2 0
-33 -80 3 1
-34 -80 2 1
-34 -80 3 1
-34 -80 4 1
-33 -81 2 1
-33 -81 3 1
-33 -81 4 1
-32 -81 2 1
-32 -81 3 1
-32 -81 4 1
-33 -77 4 0
-33 -80 2 1
-34 -80 1 1
-33 -81 1 1
-33 -80 1 1
-32 -81 1 1
-32 -80 1 1
-32 -78 4 0
-33 -76 5 0
-33 -76 0 1
-34 -77 -1 1
-34 -76 -1 1
-34 -75 -1 1
-33 -75 -1 1
-32 -75 -1 1
-21 -87 30 1
-21 -87 31 1
-12 -52 4 0
-23 -58 7 0
-20 -58 4 1
-20 -58 5 1
-20 -58 6 1
-22 -56 7 1
-20 -91 31 1
-25 -90 28 1
-25 -89 28 1
-25 -55 6 0
-25 -56 7 0
-25 -55 5 1
-25 -57 7 0
-25 -57 5 0
-24 -58 6 0
-36 -72 5 0
-37 -72 4 0
-39 -72 4 0
-24 -59 6 0
-39 -72 5 0
-39 -75 4 0
-39 -75 5 0
-37 -73 3 0
-37 -73 2 0
-22 -58 5 0
-24 -57 7 0
-50 -98 0 1
-50 -99 1 1
-50 -99 4 0
-50 -97 3 0
-50 -97 2 0
-49 -98 3 0
-7 -54 4 0
-8 -55 6 0
-8 -55 5 0
-11 -51 -1 1
-13 -51 -1 1
-38 -56 0 1
-39 -56 0 1
-49 -100 2 1
-39 -55 1 1
-39 -55 5 0
-38 -57 4 0
-38 -57 3 0
-39 -57 4 0
-39 -57 3 0
-4 -82 5 0
-4 -82 6 0
-4 -82 9 0
-4 -84 7 0
-5 -83 8 0
-6 -82 8 0
-5 -82 7 0
-5 -81 8 0
-5 -80 7 0
-5 -81 7 0
-49 -71 3 0
-49 -51 17 1
-30 -79 15 0
-30 -79 16 0
-29 -80 16 0
-29 -80 18 0
-29 -80 17 0
-30 -81 16 0
-30 -81 18 0
-30 -81 17 0
-34 -51 0 1
-35 -51 1 0
-32 -80 17 0
-31 -80 17 0
-32 -79 16 0
-32 -79 17 0
-32 -78 16 0
-29 -78 16 0
-28 -79 16 0
-39 -60 0 1
-39 -59 0 1
-39 -59 2 1
-39 -58 0 1
-38 -88 4 0
-41 -55 2 1
-41 -55 1 1
-38 -58 0 1
-18 -68 6 0
-42 -78 15 0
-45 -59 2 1
-45 -59 1 1
-45 -60 0 1
-40 -56 2 1
-40 -57 1 1
-41 -56 1 1
-42 -56 2 1
-42 -56 1 1
-38 -57 2 1
-38 -57 1 1
-40 -74 6 0
-49 -86 7 0
-35 -84 15 0
-35 -84 16 0
-35 -84 14 0
-8 -75 8 0
-33 -80 14 0
-46 -87 10 1
-49 -86 8 0
-45 -89 10 1
-45 -88 9 1
-49 -87 8 0
-34 -68 8 0
-35 -67 7 0
-35 -67 6 0
-36 -67 6 0
-36 -68 7 0
-31 -65 4 0
-5 -56 7 0
-5 -56 6 0
-4 -54 5 0
-4 -54 7 0
-4 -54 6 0
-4 -55 6 0
-1 -54 4 1
-1 -55 4 1
-1 -56 4 1
-2 -54 4 1
-2 -55 4 1
-3 -54 4 1
-22 -93 9 0
-23 -94 9 0
-24 -93 9 0
-25 -93 8 0
-25 -92 9 0
-24 -91 9 0
-25 -90 8 0
-17 -87 31 0
-17 -87 30 0
-18 -81 27 0
-16 -80 27 0
-17 -81 27 0
-15 -82 27 0
-25 -93 7 0
-25 -91 7 0
-21 -90 9 1
-21 -92 9 1
-22 -90 9 1
-22 -91 9 1
-23 -90 9 1
-23 -92 9 1000
-23 -94 8 0
-24 -93 8 0
-25 -92 8 0
-16 -91 30 1
-16 -91 29 1
-20 -90 29 1
-21 -86 30 0
-16 -85 30 1
-16 -85 29 1
-16 -85 28 1
-16 -86 30 1
-16 -86 29 1
-16 -86 28 1
-16 -87 28 1
-17 -85 30 2
-17 -85 29 4
-17 -85 28 1
-17 -86 28 1
-18 -85 28 1
-17 -88 31 0
-19 -92 4 1
-19 -92 5 1
-19 -88 28 0
-19 -88 29 1
-23 -88 30 1
-19 -86 31 0
-19 -86 30 0
-18 -88 30 1
-21 -85 29 1
-22 -85 31 1
-22 -85 30 1
-22 -85 29 1
-22 -86 29 1
-23 -85 31 1
-23 -85 30 1
-23 -85 29 1
-23 -86 31 1
-23 -86 30 1
-23 -86 29 1
-22 -86 30 1
-20 -86 30 0
-20 -86 31 0
-18 -87 30 1
-16 -87 31 1
-16 -87 30 1
-16 -87 29 1
-17 -87 29 1
-17 -88 30 4
-18 -88 31 0
-24 -90 8 1
-23 -91 8 1
-20 -89 29 0
-18 -91 32 1
-18 -87 31 0
-16 -88 31 1
-16 -88 30 1
-16 -88 29 1
-16 -89 31 1
-16 -89 30 1
-16 -89 29 1
-16 -90 30 1
-16 -90 29 1
-17 -88 29 1
-23 -92 10 1000
-24 -92 9 0
-25 -91 9 0
-24 -91 10 0
-25 -92 10 0
-25 -93 9 0
-24 -93 10 0
-23 -94 10 0
-22 -93 10 0
-24 -92 10 0
-23 -93 10 0
-22 -91 12 5
-21 -93 12 1
-21 -92 12 1
-21 -91 10 1
-21 -91 11 1
-21 -91 12 1
-23 -90 13 3
-22 -91 13 5
-22 -90 11 1
-22 -90 12 1
-22 -90 13 1
-21 -92 13 3
-21 -91 13 1
-21 -90 11 1
-21 -90 12 1
-21 -90 13 1
-25 -91 11 0
-23 -55 3 1
-23 -54 3 1
-23 -53 3 1
-22 -55 3 1
-21 -55 3 1
-18 -53 5 1
-18 -53 6 1
-17 -53 5 1
-41 -86 2 1
-22 -54 5 3
-22 -54 4 3
-22 -51 6 9
-47 -100 1 1
-47 -100 0 1
-47 -99 1 1
-46 -99 3 0
-46 -99 2 0
-47 -99 2 0
-48 -97 2 0
-43 -82 3 1
-42 -83 4 1
-36 -78 4 1
-36 -78 3 1
-36 -78 2 1
-36 -79 4 1
-36 -79 3 1
-36 -79 2 1
-37 -81 4 0
-39 -81 4 0
-41 -83 4 1
-39 -83 3 8
-41 -82 4 1
-40 -85 3 1
-44 -66 2 1
-39 -80 4 0
-42 -82 4 3
-43 -83 4 1
-43 -83 5 1
-43 -81 3 1
-42 -82 3 4
-42 -81 4 1
-46 -92 4 1
-41 -84 3 1
-41 -84 4 1
-41 -83 3 2
-41 -82 3 5
-36 -53 4 0
-36 -52 4 0
-49 -71 14 0
-40 -57 25 0
-37 -86 2 1
-38 -86 2 1
-39 -86 2 1
-49 -82 0 1
-39 -75 7 0
-40 -52 1 1
-39 -53 2 2
-37 -55 1 0
-43 -98 0 1
-43 -99 0 1
-39 -79 2 1
-38 -80 0 1
-38 -79 0 1
-38 -79 1 1
-38 -79 2 1
-37 -80 0 1
-37 -80 1 1
-37 -79 0 1
-37 -79 1 1
-37 -79 2 1
-40 -86 1 2
-39 -86 1 1
-3 -82 7 0
-4 -80 8 0
-37 -87 2 1
-36 -87 2 1
-41 -55 0 1
-50 -76 3 0
-50 -76 1 0
-43 -58 6 0
-50 -74 2 0
-32 -81 15 0
-50 -74 1 1
-40 -81 2 1
-35 -82 3 2
-22 -93 18 1
-22 -91 18 5
-21 -93 18 1
-21 -92 18 1
-21 -91 18 1
-23 -90 18 1
-22 -90 18 1
-21 -90 18 1
-25 -91 16 0
-24 -91 17 0
-25 -92 17 0
-25 -93 16 0
-24 -93 17 0
-23 -93 17 0
-23 -94 17 0
-23 -92 18 1000
-25 -92 18 0
-24 -93 18 0
-23 -94 18 0
-23 -92 19 1000
-22 -93 19 1
-22 -92 19 2
-21 -93 19 1
-24 -91 19 0
-24 -92 18 0
-25 -92 19 0
-24 -93 19 0
-23 -93 18 0
-23 -94 19 0
-23 -92 20 1000
-25 -92 20 0
-24 -93 20 0
-21 -92 22 1
-23 -90 25 1
-22 -90 25 1
-21 -90 25 1
-24 -92 24 0
-23 -93 24 0
-22 -93 26 1
-22 -92 26 2
-22 -91 26 5
-21 -93 26 1
-21 -92 26 1
-21 -91 26 1
-23 -90 26 1
-22 -90 26 1
-21 -90 26 1
-24 -91 25 0
-24 -92 25 0
-25 -92 25 0
-22 -93 27 1
-22 -92 27 2
-21 -93 27 1
-24 -91 27 0
-24 -92 26 0
-25 -92 27 0
-24 -93 27 0
-23 -93 26 0
-23 -94 27 0
-23 -92 28 1000
-22 -93 28 1
-22 -92 28 2
-22 -91 28 4
-21 -93 28 1
-21 -92 28 1
-21 -91 28 1
-22 -90 28 1
-21 -90 28 1
-23 -90 28 1
-24 -91 28 0
-24 -92 27 0
-25 -92 28 0
-24 -93 28 0
-23 -93 27 0
-23 -94 28 0
-23 -92 29 1000
-22 -93 29 1
-22 -92 29 1
-22 -91 29 5
-21 -93 29 1
-21 -92 29 2
-21 -91 29 1
-22 -90 29 2
-21 -90 29 4
-23 -90 29 2
-24 -91 29 0
-24 -92 28 0
-25 -92 29 0
-24 -93 29 0
-23 -93 28 0
-23 -94 29 0
-23 -92 30 1
-21 -92 30 0
-22 -90 30 1
-21 -91 30 1
-21 -90 30 1
-22 -91 30 3
-23 -90 31 1
-22 -91 31 1
-22 -90 31 1
-21 -92 31 1
-21 -91 31 1
-21 -90 31 1
-23 -91 29 1
-23 -90 30 1
-24 -91 30 0
-24 -92 29 0
-25 -92 30 0
-24 -93 30 0
-23 -93 29 0
-23 -94 30 0
-22 -93 30 0
-23 -92 31 1
-20 -92 30 1
-19 -93 29 1
-19 -93 30 1
-19 -93 31 1
-19 -92 29 1
-19 -92 30 1
-19 -92 31 1
-19 -91 29 1
-19 -91 30 2
-19 -91 31 1
-22 -92 30 1
-20 -93 28 1
-20 -93 29 1
-20 -93 30 1
-20 -92 28 1
-20 -92 29 1
-20 -91 28 1
-20 -91 29 1
-20 -91 30 1
-24 -89 29 2
-24 -89 30 1
-24 -89 31 1
-23 -89 29 1
-23 -89 30 1
-23 -89 31 1
-22 -89 29 1
-22 -89 30 1
-22 -89 31 1
-23 -91 30 1
-24 -90 28 1
-24 -89 28 1
-23 -89 28 1
-22 -89 28 1
-24 -91 31 0
-24 -92 30 0
-25 -92 31 0
-24 -93 31 0
-23 -93 30 0
-23 -94 31 0
-22 -93 31 0
-23 -92 32 0
-23 -92 13 1000
-23 -94 12 0
-24 -93 12 0
-25 -93 11 0
-25 -92 12 0
-24 -91 12 1
-13 -100 -1 1
-14 -100 -1 1
-15 -100 -1 1
-16 -99 2 0
-16 -99 3 0
-12 -98 1 1
-12 -99 1 1
-13 -98 1 1
-47 -65 6 0
-22 -84 3 0
-24 -85 5 1
-49 -61 3 0
-48 -65 6 0
-48 -67 4 0
-49 -66 3 0
-49 -66 5 0
-49 -66 4 0
-50 -65 5 0
-50 -65 4 0
-24 -85 6 1
-24 -84 4 2
-24 -84 5 1
-24 -84 6 1
-24 -83 4 1
-24 -83 5 1
-24 -83 6 1
-23 -87 3 1
-23 -87 4 1
-23 -87 5 1
-23 -86 3 1
-23 -86 4 1
-23 -86 5 1
-20 -84 0 1
-21 -85 -1 1
-21 -84 -1 1
-21 -83 -1 1
-22 -83 3 0
-38 -84 2 1000
-38 -83 2 1
-39 -81 3 0
-39 -91 3 1
-42 -81 5 1
-39 -82 0 6
-40 -83 -1 1
-40 -82 -1 1
-40 -81 -1 1
-39 -83 -1 1
-39 -82 -1 1
-39 -81 -1 1
-38 -83 -1 1
-38 -82 -1 1
-38 -81 -1 1
-39 -55 24 0
-37 -79 3 2
-37 -78 2 1
-37 -78 3 1
-37 -78 4 1
-48 -60 6 0
-48 -60 5 0
-45 -68 2 1
-45 -68 3 1
-45 -68 1 0
-46 -67 2 0
-45 -67 2 0
-45 -66 3 1
-43 -60 3 0
-13 -69 7 0
-14 -70 7 0
-14 -71 8 0
-14 -71 7 0
-43 -62 6 0
-42 -62 5 0
-42 -62 6 0
-44 -60 7 0
-45 -59 7 0
-13 -72 5 0
-13 -72 6 0
-13 -72 9 0
-15 -74 8 0
-14 -73 8 0
-15 -74 7 0
-14 -73 7 0
-43 -65 2 0
-43 -65 3 0
-43 -65 1 0
-44 -64 2 0
-44 -64 3 1
-43 -64 1 1
-44 -63 0 1
-43 -64 0 1
-43 -63 0 1
-43 -63 1 2
-43 -63 2 1
-42 -65 0 1
-42 -64 0 1
-42 -64 1 1
-42 -64 2 1
-42 -63 0 1
-42 -63 1 1
-42 -63 2 1
-45 -62 2 3
-46 -61 1 1
-46 -61 2 1
-46 -61 3 1
-45 -61 1 1
-45 -61 2 1
-45 -61 3 1
-44 -62 1 1
-44 -62 2 1
-44 -62 3 1
-44 -61 1 1
-44 -61 2 1
-44 -61 3 1
-11 -72 8 0
-5 -54 3 0
-50 -72 15 0
-50 -72 14 0
-49 -71 15 0
-9 -73 7 0
-10 -74 8 0
-11 -74 7 0
-11 -73 7 0
-11 -74 8 0
-11 -73 8 0
-50 -74 15 0
-12 -74 8 0
-12 -74 7 0
-11 -75 9 0
-11 -77 8 0
-49 -73 14 0
-48 -72 15 0
-48 -72 14 0
-13 -75 8 0
-32 -68 19 0
-13 -75 7 0
-35 -68 19 0
-35 -70 19 0
-35 -71 20 0
-35 -71 21 0
-35 -71 19 0
-33 -71 20 0
-33 -72 20 0
-33 -70 20 0
-33 -71 21 0
-33 -71 19 0
-32 -71 20 0
-10 -75 7 0
-32 -71 19 0
-33 -70 22 0
-33 -70 19 0
-50 -51 27 0
-50 -52 27 0
-47 -52 28 0
-50 -51 25 1
-31 -70 21 0
-32 -70 19 0
-31 -69 20 0
-31 -69 19 0
-33 -69 19 0
-34 -70 19 0
-45 -59 5 0
-34 -72 21 0
-34 -72 19 0
-33 -72 21 0
-48 -95 4 1
-41 -79 8 0
-42 -77 8 0
-44 -78 8 0
-44 -79 7 0
-44 -79 8 0
-44 -79 6 0
-43 -80 7 0
-44 -80 7 0
-44 -80 8 0
-43 -80 6 0
-44 -80 6 0
-42 -81 7 0
-42 -81 8 0
-42 -81 6 0
-41 -80 7 0
-41 -80 8 0
-41 -80 6 0
-42 -79 8 0
-42 -79 9 0
-42 -79 5 0
-48 -96 -1 1
-36 -84 4 1
-36 -84 5 0
-41 -81 2 1
-42 -81 3 1
-41 -81 3 1
-38 -84 5 1
-49 -95 4 1
-49 -96 2 1
-35 -83 1 1
-50 -97 1 0
-49 -99 1 2
-49 -100 1 1
-48 -100 0 1
-48 -97 4 0
-48 -97 0 2
-49 -98 -1 1
-49 -97 -1 1
-49 -96 -1 1
-39 -80 3 0
-39 -81 2 0
-35 -87 0 1
-39 -86 4 1
-39 -85 4 2
-39 -83 2 1
-18 -54 6 5
-19 -55 7 2
-18 -55 7 1
-18 -54 7 1
-17 -55 7 1
-17 -54 7 1
-17 -53 7 1
-19 -55 4 1
-20 -52 7 1
-20 -52 3 0
-24 -56 4 1
-24 -56 5 1
-24 -56 6 1
-24 -55 4 1
-24 -55 5 3
-24 -55 6 2
-23 -56 4 1
-23 -56 5 2
-23 -56 6 1000
-23 -55 7 4
-24 -56 7 1
-24 -56 8 1
-24 -55 7 2
-24 -55 8 2
-24 -54 8 2
-23 -56 7 1
-23 -56 8 1
-23 -55 8 3
-22 -56 8 1
-24 -56 3 1
-24 -55 3 1
-24 -54 3 1
-23 -56 3 1
-22 -56 3 1
-20 -55 5 2
-20 -55 6 5
-19 -54 5 4
-19 -55 5 3
-19 -55 6 13
-19 -54 6 9
-20 -55 7 1
-19 -54 7 2
-18 -53 7 1
-20 -55 4 1
-19 -54 4 1
-18 -53 4 1
-20 -53 7 1
-20 -53 3 0
-19 -55 8 7
-19 -54 8 5
-19 -53 8 1
-15 -82 17 0
-16 -82 17 0
-18 -85 20 1
-19 -85 16 1
-19 -84 16 1
-19 -83 16 1
-18 -85 16 1
-23 -57 5 1
-23 -57 6 1
-22 -57 4 1
-21 -55 5 1
-21 -56 5 1
-21 -55 6 0
-21 -56 6 0
-20 -56 4 1
-20 -56 5 4
-20 -56 6 15
-19 -56 4 1
-19 -56 5 1
-19 -56 6 1
-21 -56 7 1
-20 -56 7 2
-19 -56 7 1
-21 -56 4 1
-21 -54 7 1
-18 -56 4 1
-43 -79 15 0
-43 -79 16 0
-43 -79 14 0
-42 -80 16 0
-4 -51 5 0
-39 -56 25 0
-2 -95 6 0
-1 -95 8 0
-40 -55 24 0
-1 -89 8 0
-1 -89 7 0
-48 -51 6 1
-1 -93 3 1
-1 -94 3 1
-35 -54 7 0
-10 -100 6 0
-10 -100 7 0
-39 -54 24 0
-40 -54 24 0
-41 -55 24 0
-41 -57 25 0
-41 -57 26 0
-41 -56 24 0
-41 -57 24 0
-40 -57 26 0
-40 -56 24 0
-6 -100 7 0
-39 -57 26 0
-6 -99 7 0
-7 -98 6 0
-7 -98 7 0
-9 -98 6 0
-9 -99 7 0
-7 -100 6 0
-7 -100 7 0
-2 -92 6 0
-7 -100 8 0
-40 -58 24 0
-39 -57 25 0
-38 -57 24 0
-40 -56 27 0
-7 -51 2 0
-26 -54 6 1
-20 -65 8 0
-21 -63 7 0
-21 -63 8 0
-11 -75 5 0
-35 -54 1 0
-40 -59 6 0
-38 -51 7 0
-40 -57 5 0
-46 -63 4 1
-19 -87 2 1
-20 -86 2 1
-20 -87 2 1
-21 -85 2 1
-21 -86 2 1
-20 -86 3 9
-21 -82 6 1
-21 -82 5 2
-21 -82 4 1
-21 -83 6 1
-21 -83 5 1
-21 -83 4 1
-21 -84 6 1
-21 -84 5 5
-21 -84 4 1
-18 -83 2 0
-18 -83 3 0
-19 -86 6 1
-19 -86 5 1
-19 -86 4 2
-13 -82 11 0
-13 -83 11 0
-14 -83 12 0
-15 -83 11 0
-15 -83 12 0
-13 -85 12 0
-13 -85 13 0
-14 -84 13 0
-14 -86 11 1
-14 -87 11 1
-15 -87 11 1
-16 -87 11 1
-15 -86 12 3
-15 -86 11 3
-16 -85 11 4
-16 -86 11 1
-17 -85 11 1
-17 -86 11 1
-16 -85 12 3
-16 -86 12 1
-17 -85 12 1
-16 -85 13 2
-17 -82 11 1
-17 -83 11 4
-17 -84 11 1
-18 -82 11 1
-18 -83 11 1
-18 -84 11 1
-17 -83 12 3
-17 -82 15 1
-18 -82 15 1
-17 -82 14 1
-17 -82 13 1
-17 -82 12 1
-18 -82 14 1
-18 -82 13 1
-18 -82 12 1
-18 -83 12 1
-18 -84 12 1
-16 -82 12 0
-16 -82 13 0
-15 -82 12 0
-15 -83 13 0
-15 -81 13 0
-15 -82 13 0
-13 -82 12 0
-13 -82 13 0
-15 -84 16 0
-13 -85 17 0
-14 -86 16 1
-14 -87 16 1
-15 -87 16 1
-16 -87 16 1
-15 -86 16 4
-16 -85 16 4
-16 -86 16 1
-17 -84 16 5
-17 -85 16 1
-17 -86 16 1
-18 -83 16 1
-18 -84 16 1
-13 -83 12 0
-15 -82 16 0
-15 -83 16 0
-13 -82 16 0
-14 -83 16 0
-13 -84 16 0
-14 -84 16 0
-17 -84 20 1
-25 -79 2 0
-24 -81 2 0
-24 -80 -1 1
-24 -81 -1 1
-15 -81 12 0
-15 -82 11 0
-16 -82 11 0
-16 -83 13 0
-18 -84 10 1
-18 -83 10 1
-18 -82 10 1
-17 -84 10 1
-17 -83 10 5
-17 -82 10 1
-17 -86 10 1
-17 -85 10 1
-16 -86 10 1
-16 -85 10 4
-15 -86 10 2
-16 -87 10 1
-15 -87 10 1
-14 -87 10 1
-14 -86 10 1
-14 -84 12 0
-13 -85 11 0
-15 -83 10 0
-14 -83 11 0
-13 -83 10 0
-13 -82 10 0
-15 -81 11 0
-15 -82 10 0
-16 -82 10 0
-18 -84 9 1
-18 -83 9 1
-18 -82 9 1
-17 -84 9 1
-17 -83 9 4
-17 -82 9 1
-17 -86 9 1
-17 -85 9 1
-16 -86 9 1
-16 -85 9 5
-15 -86 9 1
-16 -87 9 1
-15 -87 9 1
-14 -87 9 1
-14 -86 9 1
-14 -84 11 0
-13 -85 10 0
-15 -83 9 0
-14 -83 10 0
-13 -83 9 0
-13 -82 9 0
-15 -81 10 0
-15 -82 9 0
-16 -82 9 0
-17 -84 12 1
-18 -84 8 1
-18 -83 8 1
-18 -82 8 1
-17 -84 8 1
-17 -83 8 5
-49 -51 29 0
-47 -63 0 1
-15 -71 9 0
-7 -53 6 0
-15 -73 8 0
-33 -69 21 0
-33 -69 22 0
-33 -69 20 0
-46 -54 27 1
-35 -73 7 0
-36 -72 8 0
-38 -72 7 0
-34 -88 5 1
-34 -89 5 1
-34 -89 4 1
-35 -89 5 1
-39 -71 8 0
-3 -81 8 0
-4 -82 7 0
-4 -82 8 0
-42 -59 2 0
-39 -58 2 1
-39 -58 1 2
-47 -61 4 0
-47 -51 17 1
-28 -62 8 0
-28 -62 7 0
-28 -61 8 0
-20 -81 7 1
-20 -81 6 1
-20 -81 5 1
-20 -82 7 1
-20 -82 6 1
-20 -82 5 4
-20 -83 7 1
-20 -83 6 1
-20 -83 5 3
-18 -81 4 0
-16 -80 4 0
-16 -80 5 0
-14 -82 4 0
-15 -84 4 1
-15 -84 6 1
-16 -84 4 1
-15 -84 7 1
-19 -85 7 1
-19 -85 6 1
-19 -85 5 1
-17 -81 6 0
-18 -81 5 0
-16 -82 4 0
-15 -81 4 0
-15 -82 4 0
-16 -83 3 0
-16 -83 4 0
-16 -83 7 0
-16 -83 6 1
-14 -84 4 0
-18 -85 7 1
-18 -85 6 1
-17 -81 4 0
-17 -81 5 0
-16 -81 4 0
-16 -81 6 0
-16 -81 5 0
-14 -81 4 0
-14 -81 5 0
-14 -83 4 0
-19 -82 7 1
-19 -82 6 4
-19 -82 5 4
-19 -83 7 1
-19 -83 5 3
-19 -84 7 1
-19 -84 6 1
-19 -84 5 9
-14 -82 5 0
-15 -83 3 0
-13 -85 5 0
-17 -85 4 1
-17 -86 6 1
-17 -86 5 4
-17 -86 4 1
-36 -74 5 0
-36 -74 4 0
-35 -74 3 0
-35 -74 5 0
-35 -73 4 0
-35 -74 4 0
-33 -74 5 0
-33 -74 4 0
-33 -75 5 0
-34 -75 4 0
-44 -96 3 0
-30 -64 6 0
-30 -62 7 1
-2 -57 5 1
-1 -56 5 1
-43 -67 3 1
-43 -68 3 1
-44 -69 3 1
-44 -68 7 0
-44 -69 4 0
-46 -69 4 0
-46 -69 6 0
-46 -69 5 0
-46 -68 6 0
-46 -68 5 0
-45 -68 5 0
-46 -67 6 0
-22 -66 7 0
-46 -66 5 0
-44 -66 6 0
-44 -66 5 0
-43 -66 4 0
-4 -56 6 0
-43 -66 5 0
-44 -67 5 0
-3 -56 6 0
-1 -54 7 1
-18 -69 8 0
-18 -68 9 0
-19 -67 5 0
-18 -68 5 0
-41 -69 6 0
-41 -69 5 0
-40 -69 6 0
-45 -69 6 0
-45 -69 5 0
-44 -69 5 0
-44 -68 6 0
-45 -67 5 0
-40 -71 3 0
-40 -71 7 0
-40 -73 4 0
-40 -73 5 0
-41 -73 4 0
-42 -67 5 0
-23 -83 5 2
-23 -83 4 1
-23 -84 6 1
-19 -93 3 0
-21 -92 5 3
-22 -92 6 3
-22 -91 4 1
-22 -91 5 3
-22 -91 6 4
-21 -92 6 1
-21 -91 4 1
-21 -91 5 2
-21 -91 6 1
-20 -92 5 2
-20 -91 4 1
-26 -80 -1 1
-4 -80 7 0
-24 -91 8 1
-23 -90 8 1
-22 -91 8 6
-22 -90 8 1
-24 -91 7 0
-22 -52 9 1
-22 -51 9 1
-21 -52 9 1
-21 -51 8 1
-35 -85 3 1
-38 -89 2 6
-37 -90 1 1
-37 -89 1 1
-37 -89 2 4
-41 -54 25 0
-41 -86 1 1
-42 -56 25 0
-42 -56 26 0
-48 -51 29 0
-40 -56 3 0
-37 -79 16 0
-40 -56 4 0
-39 -78 15 0
-34 -68 19 0
-34 -68 20 0
-34 -70 20 0
-48 -54 28 0
-23 -65 7 0
-47 -53 25 1
-48 -53 25 1
-49 -53 25 1
-48 -52 29 0
-47 -53 26 1
-47 -53 28 0
-50 -93 7 0
-34 -83 1 1
-50 -93 8 0
-23 -62 8 0
-46 -52 26 2
-49 -65 0 1
-36 -83 6 0
-40 -85 7 0
-38 -85 6 0
-38 -85 7 0
-37 -85 7 0
-38 -83 8 0
-38 -83 4 1
-50 -65 1 1
-50 -66 3 1
-46 -64 2 1
-46 -64 1 3
-46 -64 0 1
-47 -64 2 1
-47 -64 1 3
-47 -64 0 1
-48 -64 2 2
-48 -64 1 1
-48 -64 0 1
-47 -66 3 0
-45 -67 1 0
-44 -65 4 1
-44 -65 3 1
-44 -65 2 1
-44 -66 4 1
-49 -88 5 0
-49 -88 6 0
-49 -88 9 0
-47 -89 8 0
-47 -89 7 0
-49 -90 8 0
-45 -66 4 1
-37 -75 6 0
-37 -75 8 0
-37 -75 7 0
-38 -76 6 0
-38 -75 6 0
-38 -76 8 0
-38 -76 7 0
-38 -75 7 0
-40 -75 6 0
-40 -75 8 0
-40 -75 7 0
-1 -56 8 0
-1 -55 7 1
-1 -56 7 1
-2 -51 2 0
-40 -74 7 0
-40 -72 6 0
-39 -73 6 0
-40 -73 8 0
-36 -84 6 0
-38 -86 6 0
-38 -84 8 0
-38 -74 6 0
-38 -74 7 0
-45 -81 8 0
-44 -81 8 0
-26 -59 6 0
-25 -59 6 0
-26 -58 5 0
-26 -58 6 0
-26 -56 5 0
-26 -57 7 0
-26 -56 6 0
-23 -57 7 0
-23 -51 6 1
-24 -57 8 0
-17 -52 5 0
-19 -52 6 0
-19 -52 5 1
-19 -51 5 1
-20 -53 8 1
-21 -52 8 4
-21 -53 8 1
-21 -53 7 5
-22 -51 8 2
-22 -52 8 1
-22 -52 7 1
-22 -53 8 1
-22 -53 7 1
-49 -51 11 1
-47 -51 13 1
-2 -91 6 0
-44 -52 5 1
-44 -52 4 1
-1 -94 8 0
-1 -95 7 0
-2 -95 7 0
-6 -99 3 1
-6 -100 3 1
-7 -99 3 1
-44 -62 5 0
-44 -63 5 0
-43 -62 7 0
-44 -61 7 0
-43 -52 25 0
-5 -56 5 0
-26 -59 5 0
-24 -60 6 0
-24 -60 7 0
-24 -60 5 0
-23 -59 6 0
-23 -59 7 0
-23 -59 5 0
-24 -58 7 0
-24 -58 8 0
-24 -58 4 0
-27 -58 6 0
-27 -59 6 0
-26 -60 6 0
-27 -60 6 0
-25 -60 6 0
-25 -61 6 0
-25 -59 8 0
-25 -59 5 0
-25 -59 4 0
-28 -59 6 0
-29 -60 5 1
-30 -61 4 1
-30 -61 5 1
-30 -61 6 9
-30 -60 4 1
-30 -60 5 1
-30 -60 6 3
-30 -59 4 1
-30 -59 5 1
-30 -59 6 1
-29 -61 4 1
-29 -60 4 1
-29 -59 4 1
-29 -59 5 1
-43 -83 2 1
-36 -87 3 3
-37 -93 1 1
-41 -91 3 0
-47 -93 4 1
-34 -87 4 1
-34 -87 3 1
-41 -90 3 0
-40 -90 3 0
-40 -90 4 0
-36 -88 4 1
-36 -89 4 3
-35 -89 3 1
-36 -89 3 2
-37 -88 4 0
-37 -88 3 1
-44 -59 7 0
-46 -59 6 0
-46 -60 7 0
-46 -59 5 0
-45 -61 6 0
-46 -61 6 0
-46 -61 7 0
-45 -61 5 0
-46 -61 5 0
-46 -62 6 0
-46 -62 7 0
-46 -62 5 0
-44 -62 6 0
-25 -62 8 0
-44 -63 7 0
-25 -62 7 0
-24 -63 7 0
-8 -51 2 0
-48 -61 0 1
-48 -62 0 1
-48 -63 0 1
-29 -76 20 0
-29 -76 19 0
-31 -76 20 0
-31 -77 19 0
-32 -76 20 0
-32 -76 19 0
-33 -75 19 0
-15 -72 7 0
-18 -51 6 0
-18 -51 7 0
-18 -51 5 0
-15 -72 8 0
-11 -76 7 0
-41 -88 2 1
-42 -88 0 1
-28 -76 20 0
-28 -76 19 0
-30 -75 17 0
-30 -75 18 0
-35 -52 2 1000
-35 -52 1 0
-36 -52 2 0
-36 -51 2 0
-38 -55 1 0
-36 -55 3 0
-36 -55 1 0
-35 -55 2 0
-35 -55 1 0
-14 -74 8 0
-48 -62 4 0
-14 -74 7 0
-13 -74 7 0
-13 -72 7 0
-32 -58 8 0
-34 -52 2 0
-33 -52 2 0
-34 -52 3 0
-32 -52 1 1
-32 -53 0 1
-4 -98 6 0
-3 -98 6 0
-4 -97 7 0
-4 -96 7 0
-4 -97 6 0
-4 -96 6 0
-5 -96 7 0
-4 -99 3 1
-4 -98 3 1
-8 -52 3 0
-7 -54 3 0
-8 -54 3 0
-9 -54 3 0
-41 -58 4 0
-42 -58 3 0
-42 -56 4 0
-42 -56 3 0
-41 -56 4 0
-42 -55 3 0
-41 -56 3 0
-38 -56 4 0
-50 -72 16 0
-31 -83 17 0
-10 -76 7 0
-11 -75 7 0
-10 -76 8 0
-34 -53 1 0
-34 -53 3 0
-42 -53 29 0
-40 -54 26 0
-41 -54 27 0
-40 -54 27 0
-42 -55 27 0
-43 -54 26 0
-42 -53 26 0
-43 -54 27 0
-45 -53 25 1
-45 -54 25 1
-35 -70 21 0
-35 -70 20 0
-46 -54 25 1
-45 -52 28 0
-45 -51 28 0
-47 -51 29 0
-40 -51 27 0
-3 -51 -1 1
-4 -51 -1 1
-50 -53 28 0
-50 -54 27 0
-23 -54 9 1
-23 -53 8 1
-23 -53 9 1
-38 -63 23 0
-37 -62 24 0
-39 -59 25 0
-38 -58 24 0
-38 -59 24 0
-38 -58 25 0
-38 -61 23 0
-50 -77 2 0
-50 -77 3 0
-50 -77 1 0
-12 -73 8 0
-28 -79 17 0
-38 -72 4 0
-38 -72 5 0
-28 -75 19 0
-33 -84 15 0
-33 -84 16 0
-37 -71 4 0
-37 -71 5 0
-33 -52 8 0
-33 -53 8 0
-50 -72 4 0
-50 -72 0 1
-37 -82 7 0
-8 -79 8 0
-39 -70 6 0
-39 -70 7 0
-8 -81 7 0
-8 -80 8 0
-8 -80 7 0
-7 -81 7 0
-7 -81 8 0
-39 -80 5 0
-41 -73 6 0
-41 -73 7 0
-7 -79 9 0
-37 -82 6 0
-40 -82 4 1
-39 -73 8 0
-40 -82 5 1
-38 -83 5 0
-38 -83 7 0
-40 -84 5 1
-40 -84 7 0
-39 -74 4 0
-39 -74 5 0
-39 -73 4 0
-39 -73 5 0
-40 -84 6 0
-41 -83 5 1
-42 -82 5 0
-40 -80 5 0
-38 -80 5 0
-38 -80 7 0
-38 -82 5 0
-38 -82 7 0
-38 -82 6 0
-39 -83 7 0
-39 -77 6 0
-39 -77 7 0
-40 -76 8 0
-38 -83 6 0
-38 -80 6 0
-39 -83 6 0
-40 -76 4 1
-40 -76 5 0
-40 -75 4 0
-38 -81 7 0
-43 -83 8 0
-43 -83 7 0
-38 -81 6 0
-41 -81 8 0
-5 -97 3 1
-48 -85 7 0
-48 -85 8 0
-49 -85 7 0
-49 -85 8 0
-48 -86 7 0
-48 -87 7 0
-44 -82 5 0
-48 -86 8 0
-48 -87 8 0
-47 -87 7 0
-47 -86 8 0
-37 -85 6 0
-37 -84 7 0
-42 -93 2 1
-47 -95 2 3
-47 -95 3 4
-47 -95 4 1
-47 -94 2 1
-47 -94 3 1